1.943273067474365234e+01
1.939141178131103516e+01
1.194984936714172363e+01
2.023726463317871094e+01
2.548601412773132324e+01
2.179494833946228027e+01
1.927827191352844238e+01
2.692740726470947266e+01
3.856980657577514648e+01
3.521899890899658203e+01
4.134272599220275879e+01
2.311610865592956543e+01
3.857398796081542969e+01
3.994567131996154785e+01
3.039526176452636719e+01
5.567127847671508789e+01
3.295893812179565430e+01
4.773790645599365234e+01
2.369934821128845215e+01
5.186402940750122070e+01
3.643746733665466309e+01
3.744710469245910645e+01
4.685927867889404297e+01
3.372591638565063477e+01
4.265460968017578125e+01
5.762584924697875977e+01
4.875788712501525879e+01
5.025858020782470703e+01
7.135663366317749023e+01
4.203254318237304688e+01
4.212083196640014648e+01
5.394150900840759277e+01
1.926701736450195312e+01
5.596151638031005859e+01
3.634100341796875000e+01
3.939529681205749512e+01
3.412214422225952148e+01
4.704239892959594727e+01
5.600894737243652344e+01
4.389196872711181641e+01
5.301044988632202148e+01
5.762448883056640625e+01
2.752826595306396484e+01
5.201134753227233887e+01
4.604247212409973145e+01
2.886106395721435547e+01
2.948549365997314453e+01
3.572175455093383789e+01
3.549595832824707031e+01
3.167610144615173340e+01
5.231713938713073730e+01
2.891123151779174805e+01
6.831875729560852051e+01
5.144955921173095703e+01
3.355769515037536621e+01
3.230524444580078125e+01
2.084721326828002930e+01
9.315165615081787109e+01
6.222203087806701660e+01
7.560785841941833496e+01
1.491348385810852051e+01
2.758947396278381348e+01
4.825564098358154297e+01
3.005672574043273926e+01
5.943401741981506348e+01
3.467493796348571777e+01
2.767301607131958008e+01
7.173891043663024902e+01
5.514157009124755859e+01
3.763083505630493164e+01
3.764507484436035156e+01
6.284703922271728516e+01
3.552362322807312012e+01
2.854267454147338867e+01
4.832934546470642090e+01
2.180166673660278320e+01
3.129075098037719727e+01
3.561871457099914551e+01
6.287937569618225098e+01
5.952798581123352051e+01
3.622707247734069824e+01
6.588335084915161133e+01
4.835747671127319336e+01
6.046487307548522949e+01
1.273767209053039551e+01
2.474847841262817383e+01
5.069959068298339844e+01
5.053922080993652344e+01
6.494332957267761230e+01
4.123287940025329590e+01
1.634284639358520508e+01
3.253143405914306641e+01
8.143928861618041992e+01
5.807902598381042480e+01
9.035466098785400391e+01
2.285502624511718750e+01
3.478951048851013184e+01
2.555275177955627441e+01
6.661540985107421875e+01
5.424024605751037598e+01
4.078888559341430664e+01
7.233838105201721191e+01
6.659866881370544434e+01
2.745680165290832520e+01
4.096448683738708496e+01
5.262341737747192383e+01
5.614453125000000000e+01
4.134774136543273926e+01
5.481377553939819336e+01
2.493269252777099609e+01
6.720715761184692383e+00
6.369454526901245117e+01
6.401726198196411133e+01
7.103532409667968750e+01
5.513531017303466797e+01
1.939338445663452148e+01
5.656243848800659180e+01
4.718567681312561035e+01
6.113743233680725098e+01
6.797874903678894043e+01
8.194034194946289062e+01
3.295616269111633301e+01
3.761105823516845703e+01
4.855164694786071777e+01
6.948653912544250488e+01
5.843218517303466797e+01
4.610625529289245605e+01
4.373705220222473145e+01
5.097804355621337891e+01
3.118829846382141113e+01
8.629143333435058594e+01
7.925989651679992676e+01
3.609279322624206543e+01
4.271800708770751953e+01
3.881400394439697266e+01
4.179617619514465332e+01
1.730624961853027344e+01
2.280842232704162598e+01
4.009896731376647949e+01
7.178630065917968750e+01
4.306221222877502441e+01
5.042805433273315430e+01
3.969069218635559082e+01
3.015467953681945801e+01
4.758986377716064453e+01
6.759327340126037598e+01
3.624638485908508301e+01
2.532738089561462402e+01
3.538197565078735352e+01
2.872229599952697754e+01
4.764677429199218750e+01
3.313602733612060547e+01
7.442340350151062012e+01
4.924940705299377441e+01
8.198301768302917480e+01
4.453341579437255859e+01
2.675239849090576172e+01
5.001892066001892090e+01
4.062536549568176270e+01
4.390169668197631836e+01
5.515063500404357910e+01
7.724856162071228027e+01
5.896282529830932617e+01
6.175316214561462402e+01
4.746311879158020020e+01
3.847010731697082520e+01
5.128065848350524902e+01
8.453418898582458496e+01
2.864907336235046387e+01
6.074106073379516602e+01
5.321605825424194336e+01
3.336677980422973633e+01
7.590804386138916016e+01
5.427081036567687988e+01
2.709004759788513184e+01
4.931623649597167969e+01
3.193760371208190918e+01
3.014513063430786133e+01
4.504392910003662109e+01
5.627938175201416016e+01
7.961739683151245117e+01
5.467135334014892578e+01
8.709257245063781738e+01
4.504468441009521484e+01
4.312217044830322266e+01
1.624763607978820801e+01
5.095228075981140137e+01
3.694700980186462402e+01
5.405394864082336426e+01
4.816213178634643555e+01
4.785478758811950684e+01
5.642133808135986328e+01
5.233134603500366211e+01
6.791747212409973145e+01
8.686848831176757812e+01
6.392356896400451660e+01
5.354186677932739258e+01
5.291732263565063477e+01
1.614093708992004395e+01
4.780259227752685547e+01
6.515673899650573730e+01
6.764222359657287598e+01
5.410010552406311035e+01
5.442117881774902344e+01
3.641799211502075195e+01
4.850838065147399902e+01
8.172396850585937500e+01
6.505147957801818848e+01
5.865816426277160645e+01
7.218377375602722168e+01
6.264491868019104004e+01
7.365566945075988770e+01
3.362267017364501953e+01
4.154242134094238281e+01
4.995423817634582520e+01
5.014617586135864258e+01
6.114609074592590332e+01
2.876792621612548828e+01
5.828722095489501953e+01
7.505746316909790039e+01
3.987920808792114258e+01
8.200434517860412598e+01
7.967232871055603027e+01
3.849202799797058105e+01
6.020516943931579590e+01
4.544315481185913086e+01
5.475037980079650879e+01
6.738463878631591797e+01
3.365438580513000488e+01
3.284157037734985352e+01
5.500782132148742676e+01
2.877440714836120605e+01
3.447174501419067383e+01
6.868646454811096191e+01
1.670749163627624512e+01
5.865824747085571289e+01
4.376150584220886230e+01
8.915057516098022461e+01
7.529454517364501953e+01
1.105353362560272217e+02
3.353142690658569336e+01
6.196798133850097656e+01
6.197973752021789551e+01
4.853728222846984863e+01
1.272031402587890625e+01
1.163617658615112305e+01
6.945067477226257324e+01
1.794245219230651855e+01
6.561344981193542480e+01
2.832812166213989258e+01
4.168471384048461914e+01
4.946747851371765137e+01
4.109871816635131836e+01
3.148171353340148926e+01
3.472338557243347168e+01
3.249020910263061523e+01
3.113232302665710449e+01
3.651572966575622559e+01
2.590564250946044922e+01
6.236712598800659180e+01
7.871138262748718262e+01
6.675245499610900879e+01
3.201058244705200195e+01
6.538379621505737305e+01
5.042198896408081055e+01
7.715417790412902832e+01
3.491909694671630859e+01
8.637272119522094727e+01
1.877911806106567383e+01
5.385557579994201660e+01
4.818914127349853516e+01
3.523975825309753418e+01
3.337953639030456543e+01
5.124103331565856934e+01
3.165472745895385742e+01
6.276663064956665039e+01
9.854694843292236328e+01
7.580653119087219238e+01
7.629760003089904785e+01
4.752138805389404297e+01
1.740907788276672363e+01
6.408280730247497559e+01
4.176647973060607910e+01
4.102647233009338379e+01
4.668242764472961426e+01
3.200566434860229492e+01
5.420258665084838867e+01
7.303794479370117188e+01
5.302538061141967773e+01
5.841878867149353027e+01
7.736504626274108887e+01
6.695619058609008789e+01
4.741684269905090332e+01
1.016292536258697510e+02
4.243617081642150879e+01
2.679675126075744629e+01
4.106227612495422363e+01
2.699827885627746582e+01
2.540107488632202148e+01
3.899798512458801270e+01
7.306317830085754395e+01
7.330226874351501465e+01
7.044816398620605469e+01
5.246381235122680664e+01
1.975301456451416016e+01
9.368865776062011719e+01
6.249925661087036133e+01
2.064042806625366211e+01
5.346560835838317871e+01
5.096538233757019043e+01
7.181850671768188477e+01
6.146137237548828125e+01
2.452797389030456543e+01
3.880478405952453613e+01
6.608273077011108398e+01
5.255591940879821777e+01
5.157707047462463379e+01
3.445580363273620605e+01
1.007310104370117188e+01
2.449632835388183594e+01
6.653745913505554199e+01
3.452152705192565918e+01
3.981075024604797363e+01
4.665534901618957520e+01
1.773804402351379395e+01
3.277074193954467773e+01
8.072791981697082520e+01
5.042327213287353516e+01
2.838174057006835938e+01
4.449429392814636230e+01
1.917636585235595703e+01
2.639159893989562988e+01
4.268177247047424316e+01
4.301213908195495605e+01
2.512081527709960938e+01
3.722580194473266602e+01
5.675794720649719238e+01
1.375711607933044434e+01
5.475456166267395020e+01
5.046530413627624512e+01
6.455165410041809082e+01
4.085184812545776367e+00
2.499940562248229980e+01
4.271218609809875488e+01
5.690928816795349121e+01
2.486202025413513184e+01
7.320214176177978516e+01
4.229025340080261230e+01
3.311192917823791504e+01
4.014043045043945312e+01
3.962399387359619141e+01
2.130413722991943359e+01
2.827362394332885742e+01
7.280606985092163086e+00
1.889460515975952148e+01
5.732556653022766113e+01
6.909033584594726562e+01
2.462248754501342773e+01
3.016517329216003418e+01
1.325531816482543945e+01
1.421221351623535156e+01
5.336576199531555176e+01
3.889099287986755371e+01
3.509388113021850586e+01
2.695775628089904785e+01
2.901231765747070312e+01
4.591565060615539551e+01
6.122540974617004395e+01
2.843182420730590820e+01
5.998219728469848633e+01
7.372840356826782227e+01
3.358809804916381836e+01
5.356331896781921387e+01
4.307560873031616211e+01
2.937491250038146973e+01
2.407475161552429199e+01
3.592955231666564941e+01
3.583062171936035156e+01
5.417203807830810547e+01
7.283637332916259766e+01
3.321410179138183594e+01
4.477105760574340820e+01
5.816223478317260742e+01
3.537305426597595215e+01
5.932722139358520508e+01
3.623923110961914062e+01
7.149731087684631348e+01
2.597600817680358887e+01
2.170244884490966797e+01
4.121236157417297363e+01
3.900682115554809570e+01
2.582930183410644531e+01
2.087119054794311523e+01
3.061399102210998535e+01
5.726061177253723145e+01
2.385236263275146484e+00
5.116327857971191406e+01
3.623857283592224121e+01
6.375300407409667969e+01
2.646444368362426758e+01
7.283411407470703125e+01
4.261067271232604980e+01
9.075160455703735352e+01
2.372871828079223633e+01
2.651838874816894531e+01
2.971711540222167969e+01
5.797933959960937500e+01
9.069207787513732910e+01
2.261818194389343262e+01
6.792436861991882324e+01
4.167349863052368164e+01
4.840209794044494629e+01
2.832314753532409668e+01
9.458831453323364258e+01
3.289925098419189453e+01
4.433388686180114746e+01
1.725194334983825684e+01
3.955028748512268066e+01
6.673709225654602051e+01
3.133594608306884766e+01
3.739998054504394531e+01
4.775420165061950684e+01
7.692628622055053711e+01
8.098535227775573730e+01
9.319364619255065918e+01
2.513249015808105469e+01
6.082148098945617676e+01
3.349940299987792969e+01
4.613652086257934570e+01
5.386605334281921387e+01
3.389228177070617676e+01
3.858632183074951172e+01
2.911709547042846680e+00
6.350369834899902344e+01
7.153744721412658691e+01
4.658630466461181641e+01
7.097389554977416992e+01
7.376405763626098633e+01
7.300307989120483398e+01
7.843905544281005859e+01
4.515479159355163574e+01
2.119439053535461426e+01
3.543225073814392090e+01
2.718334436416625977e+01
7.253162384033203125e+00
2.962793350219726562e+01
1.917085123062133789e+01
1.003773159980773926e+02
5.410369420051574707e+01
3.059894895553588867e+01
1.144913148880004883e+01
5.605391263961791992e+00
2.144680619239807129e+01
5.052089929580688477e+00
2.137362146377563477e+01
1.172872471809387207e+01
3.997085571289062500e+01
2.943784904479980469e+01
4.467098546028137207e+01
9.004413366317749023e+00
2.520261549949645996e+01
4.108151817321777344e+01
4.494963145256042480e+01
7.196985745429992676e+01
6.197472238540649414e+01
2.658329081535339355e+01
2.671435785293579102e+01
1.690137434005737305e+01
6.287437605857849121e+01
2.758837199211120605e+01
3.931665802001953125e+01
1.504803895950317383e+01
3.043625712394714355e+01
4.235386967658996582e+01
7.317834448814392090e+01
5.069923138618469238e+01
5.055248713493347168e+01
8.065520763397216797e+00
2.915358376502990723e+01
6.704572916030883789e+00
2.216920042037963867e+01
1.200769782066345215e+01
2.331338715553283691e+01
1.770997428894042969e+01
3.031147933006286621e+01
5.601495337486267090e+01
4.549819779396057129e+01
2.543064713478088379e+01
6.225057601928710938e+01
4.639463162422180176e+01
3.416586112976074219e+01
2.095027089118957520e+01
3.478316545486450195e+01
5.292215871810913086e+01
7.507291126251220703e+01
3.114827775955200195e+01
1.800938081741333008e+01
1.992621827125549316e+01
4.530679225921630859e+00
3.520498204231262207e+01
3.199490380287170410e+01
6.548984575271606445e+01
6.873250937461853027e+01
3.833254051208496094e+01
2.952067947387695312e+01
2.454082751274108887e+01
4.850121951103210449e+01
9.682343959808349609e+00
2.823616576194763184e+01
5.536864304542541504e+01
5.787952041625976562e+01
3.985530304908752441e+01
3.300753474235534668e+01
3.871730732917785645e+01
4.123876047134399414e+01
3.117355108261108398e+01
5.820781779289245605e+01
2.171145200729370117e+01
4.724749851226806641e+01
1.585466241836547852e+01
7.666720390319824219e+01
3.186653017997741699e+01
5.640577936172485352e+01
6.052568411827087402e+01
2.768876862525939941e+01
2.793531799316406250e+01
1.910816860198974609e+01
3.607229995727539062e+01
2.346105241775512695e+01
3.162489581108093262e+01
5.449821877479553223e+01
1.662702512741088867e+01
6.039460659027099609e+01
2.391121673583984375e+01
2.077337598800659180e+01
3.555732750892639160e+01
2.016822528839111328e+01
5.614046287536621094e+01
2.930993223190307617e+01
2.145862388610839844e+01
8.776772189140319824e+01
4.750882411003112793e+01
5.705926108360290527e+01
4.850096321105957031e+01
4.348291802406311035e+01
3.132054257392883301e+01
6.920938110351562500e+01
2.137210154533386230e+01
1.619278907775878906e+01
6.622612261772155762e+01
2.394235420227050781e+01
7.990870046615600586e+01
4.719021868705749512e+01
3.349257874488830566e+01
1.988865303993225098e+01
4.879763817787170410e+01
6.094471430778503418e+01
2.200141072273254395e+01
1.387795877456665039e+01
5.857353496551513672e+01
2.958784461021423340e+01
5.976354670524597168e+01
3.196635723114013672e+01
6.265931797027587891e+01
5.164879965782165527e+01
1.816066503524780273e+01
2.593356490135192871e+01
6.191462302207946777e+01
3.180714893341064453e+01
5.867894721031188965e+01
2.567289376258850098e+01
1.376949954032897949e+01
2.933617591857910156e+01
4.482519912719726562e+01
7.548882055282592773e+01
2.512234425544738770e+01
5.381638360023498535e+01
2.035213661193847656e+01
5.264680433273315430e+01
3.850602650642395020e+01
6.373810577392578125e+01
2.777102184295654297e+01
4.308693289756774902e+01
2.466007709503173828e+01
5.268518638610839844e+01
3.944594526290893555e+01
4.671556663513183594e+01
3.120111680030822754e+01
6.923632836341857910e+01
5.721467685699462891e+01
2.488912200927734375e+01
4.494805788993835449e+01
5.550021743774414062e+01
4.396059226989746094e+01
3.947699046134948730e+01
4.275322651863098145e+01
3.301050353050231934e+01
4.916962409019470215e+01
3.351237416267395020e+01
4.114152026176452637e+01
5.472589111328125000e+01
6.526986026763916016e+01
4.735493469238281250e+01
2.905206298828125000e+01
7.629134011268615723e+01
1.012911207675933838e+02
3.564389562606811523e+01
4.148765254020690918e+01
3.136962175369262695e+01
3.297051906585693359e+01
1.323825216293334961e+01
5.945678067207336426e+01
5.727664589881896973e+01
1.720993566513061523e+01
4.060291695594787598e+01
3.432685685157775879e+01
8.901400279998779297e+01
3.465502595901489258e+01
6.861893653869628906e+01
5.542464375495910645e+01
1.914165949821472168e+01
5.118889284133911133e+01
7.193770790100097656e+01
4.954817724227905273e+01
2.651251935958862305e+01
3.640742325782775879e+01
4.205641841888427734e+01
7.200700354576110840e+01
6.869543290138244629e+01
2.934420537948608398e+01
8.680538654327392578e+01
7.781469464302062988e+01
6.980153369903564453e+01
5.985854816436767578e+01
4.047938632965087891e+01
2.078709077835083008e+01
7.368292903900146484e+01
2.573344016075134277e+01
2.089568376541137695e+01
4.389376473426818848e+01
8.054829978942871094e+01
4.178291201591491699e+01
2.843881154060363770e+01
4.207716655731201172e+01
4.939762020111083984e+01
9.111121296882629395e+01
3.726933360099792480e+01
5.238708829879760742e+01
5.713943052291870117e+01
5.937131094932556152e+01
2.425189185142517090e+01
7.753594946861267090e+01
4.106732535362243652e+01
4.296415138244628906e+01
1.735447168350219727e+01
5.874307823181152344e+01
3.362714838981628418e+01
7.374817204475402832e+01
1.590896773338317871e+01
3.324031925201416016e+01
4.234937691688537598e+01
6.148940896987915039e+01
4.341886019706726074e+01
3.514099407196044922e+01
2.544695377349853516e+01
1.094766116142272949e+01
2.702440643310546875e+01
2.328531599044799805e+01
4.065627241134643555e+01
3.576077151298522949e+01
7.442210292816162109e+01
4.822167801856994629e+01
3.638668704032897949e+01
2.917356514930725098e+01
2.397014069557189941e+01
4.049137234687805176e+01
2.994980335235595703e+00
4.774898743629455566e+01
1.069424622058868408e+02
3.601512861251831055e+01
2.505587625503540039e+01
9.197786378860473633e+01
4.708867859840393066e+01
2.055881595611572266e+01
2.941394758224487305e+01
4.128228616714477539e+01
4.482200479507446289e+01
3.685019803047180176e+01
4.236694145202636719e+01
3.576630306243896484e+01
7.916204643249511719e+01
3.612073755264282227e+01
3.769268536567687988e+01
5.856900596618652344e+01
4.115046262741088867e+00
4.112285494804382324e+01
6.375026607513427734e+01
7.034605336189270020e+01
3.126507306098937988e+01
8.929927039146423340e+01
5.252036762237548828e+01
9.111458873748779297e+01
5.655941104888916016e+01
7.153284096717834473e+01
4.562751650810241699e+01
2.598835062980651855e+01
7.552935457229614258e+01
5.424711537361145020e+01
5.254036355018615723e+01
8.560709905624389648e+01
5.775950884819030762e+01
5.420820665359497070e+01
4.453042197227478027e+01
4.242281389236450195e+01
1.673794555664062500e+01
4.303206443786621094e+01
2.908832454681396484e+01
5.134787845611572266e+01
4.704814076423645020e+01
3.619266462326049805e+01
4.466614866256713867e+01
8.462650012969970703e+01
4.297774267196655273e+01
1.166549134254455566e+01
6.815942931175231934e+01
4.955195569992065430e+01
4.563964104652404785e+01
7.960040044784545898e+01
6.372174930572509766e+01
5.031475639343261719e+01
2.243299770355224609e+01
4.128445601463317871e+01
4.385344338417053223e+01
8.088065862655639648e+01
2.828607583045959473e+01
1.408277082443237305e+01
2.286563396453857422e+01
2.764569997787475586e+01
4.127631592750549316e+01
6.186297535896301270e+01
5.597008872032165527e+01
5.416599750518798828e+01
8.507128405570983887e+01
3.765162634849548340e+01
8.442782878875732422e+01
2.152406668663024902e+01
1.907667374610900879e+01
5.090910696983337402e+01
3.094527173042297363e+01
1.984301161766052246e+01
5.928481292724609375e+01
4.214436626434326172e+01
3.473114013671875000e+01
5.284544825553894043e+01
1.743501472473144531e+01
1.830459427833557129e+01
7.177609682083129883e+01
2.712808156013488770e+01
1.897796106338500977e+01
7.763861370086669922e+01
5.022843742370605469e+01
5.331720805168151855e+01
4.889991116523742676e+01
3.359953284263610840e+01
5.853288650512695312e+01
3.915989303588867188e+01
4.288726925849914551e+01
5.647674512863159180e+01
6.080305290222167969e+01
3.651960587501525879e+01
1.044555308818817139e+02
3.899297785758972168e+01
1.852139735221862793e+01
6.132149243354797363e+01
1.870334386825561523e+01
2.297151780128479004e+01
2.653492498397827148e+01
8.744879007339477539e+00
4.688719987869262695e+01
3.159058690071105957e+01
6.310819649696350098e+01
6.349230551719665527e+01
4.795933127403259277e+01
2.652177977561950684e+01
6.425605368614196777e+01
5.408047056198120117e+01
6.434361815452575684e+01
6.982960391044616699e+01
2.694277739524841309e+01
5.881572508811950684e+01
8.028099584579467773e+01
3.878672480583190918e+01
6.894735670089721680e+01
2.166520452499389648e+01
8.854540228843688965e+01
3.105106449127197266e+01
4.388553977012634277e+01
3.363102054595947266e+01
5.069423580169677734e+01
4.878883576393127441e+01
8.070907115936279297e+00
5.563900971412658691e+01
2.245150017738342285e+01
3.179087233543395996e+01
3.077150154113769531e+01
2.611952972412109375e+01
4.756946730613708496e+01
3.282774662971496582e+01
4.380911087989807129e+01
4.875013613700866699e+01
6.079409909248352051e+01
5.756545996665954590e+01
6.316494035720825195e+01
3.068532514572143555e+01
3.886933159828186035e+01
3.995943546295166016e+01
4.025329637527465820e+01
4.545764207839965820e+01
3.821569561958312988e+01
4.930783057212829590e+01
4.838678979873657227e+01
2.765343952178955078e+01
1.656199026107788086e+01
3.292965579032897949e+01
3.574835634231567383e+01
1.537627172470092773e+01
2.237606096267700195e+01
4.716993403434753418e+01
3.456749367713928223e+01
3.312020921707153320e+01
3.011841607093811035e+01
5.346368598937988281e+01
4.239756345748901367e+01
3.205472970008850098e+01
5.015888237953186035e+01
6.295883846282958984e+01
1.792186689376831055e+01
2.100464248657226562e+01
5.963225269317626953e+01
4.576080322265625000e+01
3.307494950294494629e+01
6.235077691078186035e+01
1.312288331985473633e+01
2.467731690406799316e+01
6.398129463195800781e+01
5.550699567794799805e+01
4.376535344123840332e+01
2.956977200508117676e+01
2.017857933044433594e+01
6.818409538269042969e+01
8.255125546455383301e+01
2.888819718360900879e+01
4.567629098892211914e+01
8.079952239990234375e+00
2.532352614402770996e+01
5.162988495826721191e+01
3.963515782356262207e+01
4.208925819396972656e+01
2.133499741554260254e+01
1.308626890182495117e+01
3.708903288841247559e+01
4.331892490386962891e+01
2.913809013366699219e+01
4.030693221092224121e+01
5.693712925910949707e+01
8.529196405410766602e+01
1.943306756019592285e+01
4.962858700752258301e+01
2.078966665267944336e+01
2.233550739288330078e+01
4.928072762489318848e+01
4.404125857353210449e+01
2.448862266540527344e+01
5.726937723159790039e+01
2.766864442825317383e+01
2.958330798149108887e+01
5.795731091499328613e+01
4.244901084899902344e+01
3.160377073287963867e+01
3.638878703117370605e+01
1.484067106246948242e+01
2.896608042716979980e+01
1.659542918205261230e+01
6.001550650596618652e+01
1.384150338172912598e+01
4.248815798759460449e+01
3.028402018547058105e+01
8.056527185440063477e+01
4.297470903396606445e+01
2.625472450256347656e+01
3.913121080398559570e+01
1.453060245513916016e+01
1.615699458122253418e+01
4.249867701530456543e+01
3.519760084152221680e+01
3.831025147438049316e+01
8.408592867851257324e+01
2.581103539466857910e+01
6.534334492683410645e+01
2.318654990196228027e+01
3.841796088218688965e+01
7.113643312454223633e+01
2.426893186569213867e+01
4.011012244224548340e+01
1.363373517990112305e+01
1.557439827919006348e+01
5.060785508155822754e+01
5.105219268798828125e+01
4.631336045265197754e+01
6.141571855545043945e+01
4.941627430915832520e+01
3.225980806350708008e+01
3.387357997894287109e+01
5.058194112777709961e+01
2.397205162048339844e+01
5.054304218292236328e+01
1.923199915885925293e+01
5.321144652366638184e+01
6.117349123954772949e+01
1.913635325431823730e+01
2.235290956497192383e+01
4.614079880714416504e+01
4.368715667724609375e+01
5.888358521461486816e+01
5.704657077789306641e+00
2.093352961540222168e+01
4.698116350173950195e+01
1.224952721595764160e+01
4.662962913513183594e+01
3.272729444503784180e+01
4.227589726448059082e+01
3.342237854003906250e+01
3.766032791137695312e+01
8.255767321586608887e+01
2.253337025642395020e+01
2.187251639366149902e+01
8.465735912322998047e+00
2.328979206085205078e+01
1.757521915435791016e+01
2.147415637969970703e+01
4.106385827064514160e+01
4.651598429679870605e+01
3.987509989738464355e+01
1.276378774642944336e+01
2.182501411437988281e+01
2.105523419380187988e+01
1.897846937179565430e+01
8.824467658996582031e+01
7.866581559181213379e+01
7.888182234764099121e+01
5.565542101860046387e+01
2.317843437194824219e+01
3.604574656486511230e+01
4.820758795738220215e+01
2.563304853439331055e+01
9.044978547096252441e+01
3.484219551086425781e+01
2.977934122085571289e+00
4.792490243911743164e+01
6.486866474151611328e+01
5.769532728195190430e+01
3.606367325782775879e+01
2.514611577987670898e+01
1.987838745117187500e+01
3.583975195884704590e+01
2.559594702720642090e+01
5.255258154869079590e+01
1.042956829071044922e+01
2.225558114051818848e+01
1.865774631500244141e+01
2.339843726158142090e+01
1.857610893249511719e+01
6.800153255462646484e+01
5.443838691711425781e+01
1.172891187667846680e+01
3.270202231407165527e+01
2.736512947082519531e+01
6.931959748268127441e+01
5.344938778877258301e+01
5.386323189735412598e+01
2.142087888717651367e+01
2.793799209594726562e+01
8.186561107635498047e+01
5.611805605888366699e+01
6.514700531959533691e+01
1.053988265991210938e+01
2.692124199867248535e+01
2.499910736083984375e+01
6.361996722221374512e+01
2.828323292732238770e+01
8.558883643150329590e+01
6.503808140754699707e+01
5.921238780021667480e+01
2.407207679748535156e+01
2.799073147773742676e+01
5.448584389686584473e+01
1.717949509620666504e+01
2.623946309089660645e+01
2.836870098114013672e+01
3.717606782913208008e+01
5.989201927185058594e+01
2.321861791610717773e+01
7.292407488822937012e+01
1.927414345741271973e+01
7.865986967086791992e+01
3.666140413284301758e+01
5.345475029945373535e+01
5.596734046936035156e+01
3.494410228729248047e+01
1.792818617820739746e+01
2.880752038955688477e+01
2.311260056495666504e+01
7.029615807533264160e+01
3.593397307395935059e+01
4.036235618591308594e+01
2.857949948310852051e+01
3.849461627006530762e+01
3.561313080787658691e+01
3.048277020454406738e+01
2.567477750778198242e+01
3.573225331306457520e+01
1.174026012420654297e+01
4.465915822982788086e+01
3.816863894462585449e+01
2.937864232063293457e+01
2.277504849433898926e+01
3.501556658744812012e+01
4.089467644691467285e+01
2.034151506423950195e+01
5.433452749252319336e+01
2.262427520751953125e+01
4.924990510940551758e+01
7.484435105323791504e+01
2.596443080902099609e+01
3.488193225860595703e+01
6.427370882034301758e+01
4.759778738021850586e+00
4.604662179946899414e+01
2.648398351669311523e+01
1.540603995323181152e+01
8.334498238563537598e+01
3.038154149055480957e+01
3.664196395874023438e+01
2.218239426612854004e+01
5.139947581291198730e+01
2.100802898406982422e+00
3.714570116996765137e+01
2.884159350395202637e+01
2.869304656982421875e+01
4.009909152984619141e+01
2.977711200714111328e+01
3.395599341392517090e+01
2.316126847267150879e+01
6.536379957199096680e+01
3.358038496971130371e+01
9.397566676139831543e+01
3.010644435882568359e+01
3.245006132125854492e+01
2.959289336204528809e+01
1.904916977882385254e+01
4.788610887527465820e+01
3.879248023033142090e+01
3.632471108436584473e+01
3.645090532302856445e+01
3.295728230476379395e+01
2.951863217353820801e+01
5.432482028007507324e+01
4.837040734291076660e+01
2.471266937255859375e+01
5.315478134155273438e+01
5.891835546493530273e+01
2.594775390625000000e+01
2.967709016799926758e+01
1.999542999267578125e+01
2.991473078727722168e+01
3.368434166908264160e+01
6.898259043693542480e+01
5.531533789634704590e+01
7.673284792900085449e+01
3.488141131401062012e+01
3.464617609977722168e+01
4.715364360809326172e+01
2.695883274078369141e+01
4.530644536018371582e+01
4.746929311752319336e+01
1.589229393005371094e+01
5.056111574172973633e+01
8.301248240470886230e+01
5.419610738754272461e+01
4.858350443840026855e+01
3.601571083068847656e+01
3.078429126739501953e+01
1.977285599708557129e+01
3.380765366554260254e+01
2.068060374259948730e+01
4.039019083976745605e+01
5.515101504325866699e+01
5.133821177482604980e+01
1.531616544723510742e+01
4.385558557510375977e+01
3.971574425697326660e+01
7.634375309944152832e+01
1.435270977020263672e+01
4.605028986930847168e+01
2.398824548721313477e+01
6.019249534606933594e+01
1.444000482559204102e+01
4.975493431091308594e+00
6.294376850128173828e+01
6.311145281791687012e+01
2.046078658103942871e+01
2.710971450805664062e+01
1.625073790550231934e+01
4.146941614151000977e+01
2.235661315917968750e+01
6.179287195205688477e+01
2.406570339202880859e+01
2.366735553741455078e+01
3.178895950317382812e+01
8.746602773666381836e+00
5.386009073257446289e+01
3.743393611907958984e+01
1.609242200851440430e+01
3.753789114952087402e+01
5.160350012779235840e+01
4.948504042625427246e+01
7.335757398605346680e+01
4.283684062957763672e+01
8.073976898193359375e+01
5.772163176536560059e+01
2.049384331703186035e+01
4.482092332839965820e+01
3.270627593994140625e+01
2.512361383438110352e+01
1.628528571128845215e+01
3.311617827415466309e+01
1.875522875785827637e+01
4.461933374404907227e+01
2.551082086563110352e+01
3.620694971084594727e+01
1.763368725776672363e+01
1.984631276130676270e+01
1.864947509765625000e+01
4.590100908279418945e+01
1.848751068115234375e+01
3.211634135246276855e+01
5.367761564254760742e+01
4.467880582809448242e+01
2.093178772926330566e+01
3.417572712898254395e+01
2.792839908599853516e+01
2.080705142021179199e+01
5.550204181671142578e+01
7.092178821563720703e+01
2.493906283378601074e+01
5.750846195220947266e+01
2.807765197753906250e+01
5.981038475036621094e+01
3.926409411430358887e+01
4.713582944869995117e+01
4.144112300872802734e+01
5.926842308044433594e+01
2.261895060539245605e+01
5.642714881896972656e+01
4.311677002906799316e+01
5.349982595443725586e+01
3.744021511077880859e+01
4.615461707115173340e+01
6.020802092552185059e+01
5.121443271636962891e+01
4.983678746223449707e+01
4.481676697731018066e+01
4.038408732414245605e+01
4.702163481712341309e+01
3.917912769317626953e+01
3.002831697463989258e+01
2.845999073982238770e+01
4.613864684104919434e+01
4.060899353027343750e+01
2.896661925315856934e+01
5.512054514884948730e+01
2.378117346763610840e+01
8.235891270637512207e+01
5.228272056579589844e+01
4.291302323341369629e+01
4.777280879020690918e+01
2.594849181175231934e+01
4.030765557289123535e+01
9.364259719848632812e+00
7.260379028320312500e+01
2.142021656036376953e+01
2.895731258392333984e+01
2.241446900367736816e+01
2.483175897598266602e+01
1.639005446434020996e+01
3.143178939819335938e+01
1.360519623756408691e+01
2.784514999389648438e+01
1.040482850074768066e+02
3.658109712600708008e+01
3.139492988586425781e+01
2.395836281776428223e+01
2.636060595512390137e+01
4.247093129158020020e+01
2.086153268814086914e+01
2.157860207557678223e+01
5.196782279014587402e+01
2.338607335090637207e+01
4.459571862220764160e+01
4.361213159561157227e+01
2.538921523094177246e+01
4.314344549179077148e+01
2.526314449310302734e+01
2.419316816329956055e+01
7.459004712104797363e+01
3.720546793937683105e+01
3.435669326782226562e+01
3.118004846572875977e+01
2.825220537185668945e+01
1.086354637145996094e+01
2.112603497505187988e+01
3.544861197471618652e+01
4.932102346420288086e+01
3.045637917518615723e+01
3.542133760452270508e+01
2.301542448997497559e+01
1.377824711799621582e+01
5.952461242675781250e+01
2.135094976425170898e+01
3.417628145217895508e+01
1.723287987709045410e+01
3.083387207984924316e+01
7.725529623031616211e+01
2.333536529541015625e+01
3.737254595756530762e+01
4.341930055618286133e+01
1.794295549392700195e+01
2.646150732040405273e+01
5.948791241645812988e+01
1.444796895980834961e+01
2.217273521423339844e+01
9.726825237274169922e+00
2.836188411712646484e+01
2.016988301277160645e+01
2.207877278327941895e+01
2.259128904342651367e+01
1.336769723892211914e+01
3.257370400428771973e+01
6.211727380752563477e+01
7.263955569267272949e+01
2.445601773262023926e+01
3.178873920440673828e+01
2.301475572586059570e+01
2.847427344322204590e+01
1.278000259399414062e+01
4.253010082244873047e+01
3.774727225303649902e+01
6.736986923217773438e+01
4.231929469108581543e+01
3.085127520561218262e+01
3.879886627197265625e+01
4.271903252601623535e+01
3.197803926467895508e+01
2.813134646415710449e+01
2.891342544555664062e+01
4.366823601722717285e+01
3.385854172706604004e+01
4.776454663276672363e+01
7.878204798698425293e+01
2.386909651756286621e+01
3.229874014854431152e+01
3.644245219230651855e+01
3.663207960128784180e+01
3.287693119049072266e+01
3.272427725791931152e+01
5.808509564399719238e+01
4.950115656852722168e+01
3.697390222549438477e+01
4.341390228271484375e+01
4.717204332351684570e+01
3.940304350852966309e+01
3.488557958602905273e+01
3.515270471572875977e+01
4.073844814300537109e+01
5.426512289047241211e+01
3.143745303153991699e+01
1.960314822196960449e+01
2.472781229019165039e+01
5.173409485816955566e+01
4.727609372138977051e+01
1.882623934745788574e+01
3.239405989646911621e+01
1.387489652633666992e+01
3.772754764556884766e+01
4.756262660026550293e+01
3.833969306945800781e+01
4.394164490699768066e+01
1.512922549247741699e+01
5.448170328140258789e+01
6.640713763236999512e+01
1.356936979293823242e+01
2.732754492759704590e+01
3.317013359069824219e+01
5.371876096725463867e+01
3.356648540496826172e+01
3.490772199630737305e+01
3.715324473381042480e+01
3.304576253890991211e+01
5.423156833648681641e+01
3.480383491516113281e+01
3.048535704612731934e+01
2.696073246002197266e+01
2.246021366119384766e+01
5.189898991584777832e+01
3.189200592041015625e+01
3.914536619186401367e+01
2.084987473487854004e+01
6.471125245094299316e+01
2.396711635589599609e+01
1.773856997489929199e+01
3.240248012542724609e+01
4.370742940902709961e+01
5.846171140670776367e+01
4.919248747825622559e+01
3.240937781333923340e+01
4.091369032859802246e+01
2.643746519088745117e+01
4.235507845878601074e+01
4.872694325447082520e+01
3.032124400138854980e+01
3.091325664520263672e+01
2.813643360137939453e+01
5.643828845024108887e+01
2.970739960670471191e+01
5.547182655334472656e+01
3.052150535583496094e+01
6.452466511726379395e+01
6.423321700096130371e+01
3.800844073295593262e+01
3.569079685211181641e+01
2.759996581077575684e+01
2.131389737129211426e+01
3.051164960861206055e+01
3.693375897407531738e+01
7.317338705062866211e+00
3.603384232521057129e+01
2.065604734420776367e+01
3.088459229469299316e+01
2.279966115951538086e+01
2.882938861846923828e+01
4.044832754135131836e+01
2.576857876777648926e+01
5.937923812866210938e+01
5.038029456138610840e+01
1.564822459220886230e+01
4.303257274627685547e+01
3.788391661643981934e+01
5.606675720214843750e+01
4.496297979354858398e+01
3.248319268226623535e+01
3.051184153556823730e+01
2.496786308288574219e+01
3.534924936294555664e+01
3.502462553977966309e+01
6.814640879631042480e+01
3.207413220405578613e+01
3.793623304367065430e+01
1.710597133636474609e+01
3.097850155830383301e+01
4.178543925285339355e+01
2.023718619346618652e+01
1.886584138870239258e+01
5.038297271728515625e+01
3.331466627120971680e+01
4.617103576660156250e+01
6.058818864822387695e+01
2.760264348983764648e+01
6.035083699226379395e+01
2.896257209777832031e+01
6.972159028053283691e+01
3.085361814498901367e+01
2.850002050399780273e+01
2.243001794815063477e+01
6.231103658676147461e+01
1.658416867256164551e+01
3.621332430839538574e+01
8.010654687881469727e+00
2.934902620315551758e+01
1.900702023506164551e+01
5.998171472549438477e+01
2.441877746582031250e+01
2.900826668739318848e+01
3.658000302314758301e+01
3.332336926460266113e+01
3.260372090339660645e+01
3.397249531745910645e+01
2.082462596893310547e+01
4.507887959480285645e+01
1.267478489875793457e+01
2.349212002754211426e+01
3.642122507095336914e+01
2.567956447601318359e+01
1.822179055213928223e+01
2.342622184753417969e+01
3.445464348793029785e+01
4.104880332946777344e+01
5.562365746498107910e+01
2.893804001808166504e+01
2.461761403083801270e+01
2.427224159240722656e+01
3.802482414245605469e+01
2.272699046134948730e+01
2.190025377273559570e+01
1.526549148559570312e+01
5.058791184425354004e+01
2.802793049812316895e+01
1.271794342994689941e+01
2.594827795028686523e+01
2.881293940544128418e+01
5.471264672279357910e+01
1.385637354850769043e+01
3.102814912796020508e+01
2.615752530097961426e+01
4.532927656173706055e+01
4.191204762458801270e+01
7.352502346038818359e+00
3.405006885528564453e+01
9.352612495422363281e+00
5.389431285858154297e+01
2.846902179718017578e+01
2.215787434577941895e+01
2.018012762069702148e+01
2.474470019340515137e+01
2.866936612129211426e+01
4.756155014038085938e+01
2.043160772323608398e+01
2.967017626762390137e+01
5.076373481750488281e+01
2.131149911880493164e+01
3.562970948219299316e+01
3.099960947036743164e+01
1.240594744682312012e+01
3.857120585441589355e+01
2.329391765594482422e+01
1.672961163520812988e+01
1.664708304405212402e+01
2.322576975822448730e+01
2.870369291305541992e+01
2.475873041152954102e+01
1.984765195846557617e+01
1.882821345329284668e+01
6.879695177078247070e+00
2.670487117767333984e+01
2.673370957374572754e+01
1.502426815032958984e+01
2.874191689491271973e+01
9.980114698410034180e+00
2.735082697868347168e+01
2.674856710433959961e+01
2.025786781311035156e+01
2.095870566368103027e+01
1.827041053771972656e+01
3.886617708206176758e+01
5.839015841484069824e+01
1.760409855842590332e+01
2.704909300804138184e+01
5.634290957450866699e+01
1.855601453781127930e+01
2.822566938400268555e+01
2.501218342781066895e+01
2.673046398162841797e+01
3.681257748603820801e+01
5.170923972129821777e+01
2.782323408126831055e+01
2.956830549240112305e+01
1.937569832801818848e+01
1.818797683715820312e+01
2.494078946113586426e+01
3.782853722572326660e+01
1.310361099243164062e+01
3.758931469917297363e+01
2.215486097335815430e+01
1.196416568756103516e+01
6.251951432228088379e+01
3.265083289146423340e+01
3.531334018707275391e+01
2.960402035713195801e+01
2.746193695068359375e+01
2.490315937995910645e+01
2.312109208106994629e+01
2.399883818626403809e+01
2.259858202934265137e+01
2.348902177810668945e+01
3.245756387710571289e+01
4.419221806526184082e+01
2.505664253234863281e+01
1.170889329910278320e+01
4.560011482238769531e+01
3.884064173698425293e+01
3.321956682205200195e+01
5.319963455200195312e+00
1.848796606063842773e+01
1.820010972023010254e+01
2.451927042007446289e+01
1.569090247154235840e+01
3.861509442329406738e+01
2.379733872413635254e+01
1.895107936859130859e+01
3.274263334274291992e+01
1.630142402648925781e+01
2.530707359313964844e+01
3.787900662422180176e+01
3.011281514167785645e+01
2.362677192687988281e+01
4.036481118202209473e+01
5.709933280944824219e+01
2.277282619476318359e+01
2.794349360466003418e+01
3.060036945343017578e+01
3.795978617668151855e+01
3.043822097778320312e+01
7.132293534278869629e+01
2.465942621231079102e+01
1.868914628028869629e+01
3.125549268722534180e+01
1.628169751167297363e+01
2.220781707763671875e+01
2.721719598770141602e+01
3.047854614257812500e+01
4.156367254257202148e+01
5.854588294029235840e+01
2.967168879508972168e+01
1.509331250190734863e+01
3.514878296852111816e+01
1.582814288139343262e+01
4.039209461212158203e+01
2.860567522048950195e+01
2.590507030487060547e+01
2.677628660202026367e+01
4.906246232986450195e+01
1.329871892929077148e+01
1.801000428199768066e+01
1.882615184783935547e+01
1.359955692291259766e+01
1.978804802894592285e+01
1.798799681663513184e+01
3.831838846206665039e+01
1.473303556442260742e+01
4.952759337425231934e+01
2.344174289703369141e+01
4.368512797355651855e+01
4.039105248451232910e+01
4.136611533164978027e+01
3.687537884712219238e+01
3.224943161010742188e+01
2.916360735893249512e+01
4.463850593566894531e+01
2.578814959526062012e+01
3.029523682594299316e+01
2.661976718902587891e+01
1.532602071762084961e+01
1.343697619438171387e+01
3.024297738075256348e+01
1.567329478263854980e+01
2.583315157890319824e+01
3.267010283470153809e+01
2.187092924118041992e+01
2.973169326782226562e+01
2.911122083663940430e+00
2.974843478202819824e+01
2.706365251541137695e+01
2.061423802375793457e+01
2.327114701271057129e+01
3.138480210304260254e+01
2.333110046386718750e+01
2.810858368873596191e+01
3.563577198982238770e+01
2.149951601028442383e+01
2.182161259651184082e+01
2.823981690406799316e+01
4.473701310157775879e+01
2.120888543128967285e+01
3.001082801818847656e+01
4.085053873062133789e+01
3.598683357238769531e+01
4.445076704025268555e+01
1.066875791549682617e+01
2.282630157470703125e+01
8.671173334121704102e+00
8.417346477508544922e+00
2.408349800109863281e+01
2.811626243591308594e+01
1.468699502944946289e+01
2.631328129768371582e+01
9.152601242065429688e+00
1.431381082534790039e+01
3.718568539619445801e+01
3.166634988784790039e+01
3.379060721397399902e+01
4.160546040534973145e+01
1.907467031478881836e+01
2.500502848625183105e+01
3.477297329902648926e+01
2.228582096099853516e+01
1.857128453254699707e+01
3.656270384788513184e+01
1.742847585678100586e+01
5.697287130355834961e+01
1.890386104583740234e+01
2.432934737205505371e+01
1.893719053268432617e+01
5.098829102516174316e+01
3.472957754135131836e+01
2.835118031501770020e+01
2.902007222175598145e+01
1.944554567337036133e+01
2.969805335998535156e+01
2.622053837776184082e+01
2.015327405929565430e+01
2.127985525131225586e+01
2.672063612937927246e+01
1.668759298324584961e+01
1.580947661399841309e+01
1.349106574058532715e+01
2.152026820182800293e+01
2.423865437507629395e+01
1.844516825675964355e+01
2.926280879974365234e+01
3.032084417343139648e+01
1.396132302284240723e+01
1.187426567077636719e+01
3.146250629425048828e+01
2.925931167602539062e+01
1.993322181701660156e+01
4.944072675704956055e+01
2.784032702445983887e+01
3.812022137641906738e+01
1.250843310356140137e+01
1.328164219856262207e+01
1.410261487960815430e+01
3.018162083625793457e+01
3.872383522987365723e+01
3.081405782699584961e+01
1.871891164779663086e+01
1.826675558090209961e+01
2.344538450241088867e+01
2.429805254936218262e+01
3.701346492767333984e+01
1.537193226814270020e+01
1.432037210464477539e+01
3.749002122879028320e+01
3.413040137290954590e+01
3.387240576744079590e+01
3.315353918075561523e+01
2.848780560493469238e+01
2.270688390731811523e+01
3.657757663726806641e+01
2.523575568199157715e+01
2.150003075599670410e+01
2.759412002563476562e+01
2.952104258537292480e+01
3.662121891975402832e+01
1.013067245483398438e+01
3.091922450065612793e+01
2.542664575576782227e+01
1.871889686584472656e+01
1.694494795799255371e+01
2.016628122329711914e+01
2.668617963790893555e+01
2.897473859786987305e+01
3.705120420455932617e+01
2.623457288742065430e+01
3.418709969520568848e+01
1.402927970886230469e+01
1.104304718971252441e+01
1.963512611389160156e+01
1.320358729362487793e+01
2.832471537590026855e+01
6.992596149444580078e+00
1.954724359512329102e+01
1.231016993522644043e+01
1.584212565422058105e+01
2.831381392478942871e+01
2.143668746948242188e+01
8.859901428222656250e+00
4.596498179435729980e+01
2.902518916130065918e+01
1.118607687950134277e+01
1.989388036727905273e+01
2.440457701683044434e+01
2.238867521286010742e+01
1.719099974632263184e+01
2.814095258712768555e+01
2.175736761093139648e+01
9.413344144821166992e+00
9.952331066131591797e+00
2.949478602409362793e+01
2.708966732025146484e+01
1.585516452789306641e+01
3.557912921905517578e+01
3.488886547088623047e+01
2.458122229576110840e+01
3.289779257774353027e+01
1.361055350303649902e+01
3.842537784576416016e+01
1.267659235000610352e+01
8.612428188323974609e+00
3.361739373207092285e+01
4.883472895622253418e+01
1.978720235824584961e+01
1.236533379554748535e+01
9.517230033874511719e+00
2.622635698318481445e+01
1.695210862159729004e+01
2.383242297172546387e+01
1.673807644844055176e+01
1.632158780097961426e+01
2.461967873573303223e+01
2.745444464683532715e+01
2.448902726173400879e+01
2.683353209495544434e+01
3.115458917617797852e+01
2.646131587028503418e+01
1.695999264717102051e+01
3.188481473922729492e+01
2.729435896873474121e+01
3.540492486953735352e+01
2.540738010406494141e+01
1.968723392486572266e+01
3.075319814682006836e+01
3.188171339035034180e+01
3.677714514732360840e+01
3.499950671195983887e+01
3.216712999343872070e+01
2.225043463706970215e+01
3.885144305229187012e+01
2.339141273498535156e+01
2.433837199211120605e+01
2.521804404258728027e+01
1.589476776123046875e+01
2.861783409118652344e+01
3.957643222808837891e+01
2.036220765113830566e+01
1.159018182754516602e+01
3.535860610008239746e+01
3.414997196197509766e+01
2.138387584686279297e+01
2.514125132560729980e+01
1.603860974311828613e+01
1.987019205093383789e+01
1.896690011024475098e+01
1.992341470718383789e+01
5.415611696243286133e+01
2.387221145629882812e+01
2.809834074974060059e+01
2.709002995491027832e+01
1.909295392036437988e+01
3.086652278900146484e+01
2.360440421104431152e+01
3.237531018257141113e+01
3.248533654212951660e+01
3.473528599739074707e+01
2.067642235755920410e+01
2.635102677345275879e+01
2.542649912834167480e+01
2.508878636360168457e+01
1.613453102111816406e+01
3.440105175971984863e+01
2.072497653961181641e+01
3.254038619995117188e+01
4.185062623023986816e+01
3.419654130935668945e+01
2.856745219230651855e+01
1.462194108963012695e+01
1.335470652580261230e+01
3.103273415565490723e+01
1.988480544090270996e+01
2.915683507919311523e+01
2.496588683128356934e+01
4.058737802505493164e+01
3.619076824188232422e+01
4.062724232673645020e+01
2.383686137199401855e+01
1.383792877197265625e+01
3.957768440246582031e+01
2.234325814247131348e+01
3.958539247512817383e+00
3.680621647834777832e+01
4.349940776824951172e+01
1.555806159973144531e+01
3.719594502449035645e+01
2.621237707138061523e+01
3.023531627655029297e+01
4.718153691291809082e+01
1.449705338478088379e+01
2.442948985099792480e+01
3.806312036514282227e+01
4.192464661598205566e+01
2.696004986763000488e+01
1.104320216178894043e+01
3.893584227561950684e+01
1.330476927757263184e+01
3.826575922966003418e+01
3.548941326141357422e+01
2.332131099700927734e+01
1.266368746757507324e+01
2.186838102340698242e+01
2.281603407859802246e+01
1.855202174186706543e+01
3.939850068092346191e+01
4.580577707290649414e+01
2.131863832473754883e+01
2.395455861091613770e+01
2.073367834091186523e+01
2.397920274734497070e+01
4.525481200218200684e+01
7.853917837142944336e+00
2.138508033752441406e+01
6.475791692733764648e+00
7.638474941253662109e+00
2.310490250587463379e+01
2.174111914634704590e+01
4.585310792922973633e+01
8.014087677001953125e+00
3.001900029182434082e+01
2.226637673377990723e+01
1.090540337562561035e+01
2.343393039703369141e+01
7.577278375625610352e+00
5.213399267196655273e+01
1.633551335334777832e+01
1.803223252296447754e+01
1.597745370864868164e+01
2.188077187538146973e+01
2.438745331764221191e+01
2.006655430793762207e+01
1.052722072601318359e+01
1.379225730895996094e+01
3.450566291809082031e+01
1.936965823173522949e+01
4.757535076141357422e+01
3.590405488014221191e+01
2.493021059036254883e+01
4.217052125930786133e+01
3.357757997512817383e+01
1.817281222343444824e+01
6.696854352951049805e+00
1.487355351448059082e+01
3.823152923583984375e+01
4.166951203346252441e+01
2.639030838012695312e+01
1.870430850982666016e+01
