2.348653173446655273e+01
2.263084864616394043e+01
2.447788810729980469e+01
1.824385190010070801e+01
2.635601878166198730e+01
1.778933930397033691e+01
2.987723302841186523e+01
1.230372881889343262e+01
1.635405278205871582e+01
3.013642525672912598e+01
1.126618599891662598e+01
2.217113876342773438e+01
3.089206814765930176e+01
1.586080861091613770e+01
1.197797203063964844e+01
2.239583659172058105e+01
2.941346931457519531e+01
2.093099927902221680e+01
1.796326303482055664e+01
3.282387948036193848e+01
2.140168452262878418e+01
3.289626026153564453e+01
2.987460231781005859e+01
1.897010016441345215e+01
2.122108602523803711e+01
1.933315920829772949e+01
1.481634807586669922e+01
1.078425908088684082e+01
1.690450572967529297e+01
1.507561874389648438e+01
2.330867457389831543e+01
1.447595524787902832e+01
3.354033184051513672e+01
1.977196025848388672e+01
1.344156813621520996e+01
2.153767824172973633e+01
2.083866167068481445e+01
1.567425775527954102e+01
2.071858906745910645e+01
4.458651280403137207e+01
2.319061708450317383e+01
2.204869008064270020e+01
2.414249396324157715e+01
1.548106932640075684e+01
1.966576361656188965e+01
2.225637078285217285e+01
1.306646347045898438e+01
3.048471879959106445e+01
1.516517305374145508e+01
1.661375880241394043e+01
1.696216654777526855e+01
2.840529322624206543e+01
2.688533592224121094e+01
1.775441408157348633e+01
1.817400121688842773e+01
1.907689642906188965e+01
2.397484445571899414e+01
2.878714227676391602e+01
2.193306612968444824e+01
2.178977656364440918e+01
2.007737207412719727e+01
1.720213627815246582e+01
2.147995591163635254e+01
1.460992574691772461e+01
2.557812571525573730e+01
3.674627852439880371e+01
2.330810570716857910e+01
1.784252262115478516e+01
2.229302716255187988e+01
1.601929736137390137e+01
1.887171912193298340e+01
2.806101799011230469e+01
2.247791433334350586e+01
1.868726587295532227e+01
1.494731783866882324e+01
8.460833549499511719e+00
9.600094079971313477e+00
1.683342051506042480e+01
1.645995283126831055e+01
1.864518928527832031e+01
1.866939187049865723e+01
2.066437315940856934e+01
1.480887126922607422e+01
2.294951653480529785e+01
1.766605496406555176e+01
2.046597218513488770e+01
2.182052445411682129e+01
2.605937623977661133e+01
1.725601124763488770e+01
2.031968498229980469e+01
1.862737083435058594e+01
2.522830295562744141e+01
9.190211057662963867e+00
9.582346677780151367e+00
1.730776047706604004e+01
2.325314044952392578e+01
2.233565330505371094e+01
2.672889208793640137e+01
1.507310938835144043e+01
1.970527029037475586e+01
1.325044345855712891e+01
2.100755262374877930e+01
2.865076351165771484e+01
2.094051551818847656e+01
3.214835166931152344e+01
2.106109118461608887e+01
2.009116482734680176e+01
1.531986093521118164e+01
1.968853211402893066e+01
1.919829273223876953e+01
1.624355816841125488e+01
2.862276220321655273e+01
4.062283754348754883e+00
2.430663609504699707e+01
3.368168640136718750e+01
2.846474647521972656e+01
3.820714902877807617e+01
2.393112087249755859e+01
1.594774937629699707e+01
1.760892677307128906e+01
7.971498966217041016e+00
2.326603102684020996e+01
2.158453941345214844e+01
2.269952344894409180e+01
1.785586118698120117e+01
2.631277775764465332e+01
1.068048453330993652e+01
1.585824823379516602e+01
2.998972177505493164e+01
2.351218914985656738e+01
2.648097896575927734e+01
3.190765833854675293e+01
1.449658012390136719e+01
2.216501045227050781e+01
2.286493968963623047e+01
3.161040830612182617e+01
1.460772323608398438e+01
4.004606080055236816e+01
1.402039623260498047e+01
1.851646471023559570e+01
2.110783410072326660e+01
1.795851945877075195e+01
2.231397509574890137e+01
1.546540546417236328e+01
1.889460802078247070e+01
3.824876379966735840e+01
2.142785811424255371e+01
1.372111058235168457e+01
2.561592245101928711e+01
2.425740432739257812e+01
1.362721824645996094e+01
2.579523134231567383e+01
1.120928645133972168e+01
2.652506899833679199e+01
1.556628823280334473e+01
2.117630124092102051e+01
1.774886798858642578e+01
3.102616095542907715e+01
1.039816784858703613e+01
1.709996461868286133e+01
1.987622904777526855e+01
2.108228063583374023e+01
2.219474649429321289e+01
1.349598217010498047e+01
2.411234641075134277e+01
1.647902202606201172e+01
2.406471323966979980e+01
1.685572147369384766e+01
1.445564603805541992e+01
2.793863940238952637e+01
2.511565852165222168e+01
1.789371442794799805e+01
1.690746545791625977e+01
2.632874536514282227e+01
2.736331939697265625e+01
3.292635464668273926e+01
1.707893443107604980e+01
2.197357296943664551e+01
2.535477042198181152e+01
2.776448822021484375e+01
3.412087464332580566e+01
2.820820260047912598e+01
3.565119528770446777e+01
3.157910919189453125e+01
3.231915640830993652e+01
3.149907040596008301e+01
3.026162123680114746e+01
1.465242862701416016e+01
3.144602155685424805e+01
1.919766998291015625e+01
2.985469365119934082e+01
3.095097041130065918e+01
2.054683065414428711e+01
1.509946060180664062e+01
1.901496982574462891e+01
2.179618525505065918e+01
2.980448007583618164e+01
2.279824876785278320e+01
1.904198145866394043e+01
2.664556908607482910e+01
3.837673592567443848e+01
3.406375908851623535e+01
2.443827319145202637e+01
4.322539448738098145e+01
2.073476743698120117e+01
3.431630015373229980e+01
4.357842254638671875e+01
2.138277578353881836e+01
4.428092575073242188e+01
2.544187760353088379e+01
2.266612529754638672e+01
2.186719703674316406e+01
2.215111374855041504e+01
2.423843789100646973e+01
3.182761192321777344e+01
3.206035089492797852e+01
2.028837895393371582e+01
2.266020321846008301e+01
2.581873202323913574e+01
3.195437407493591309e+01
2.384331321716308594e+01
2.637863445281982422e+01
2.145117592811584473e+01
3.488583898544311523e+01
3.689397549629211426e+01
2.031944322586059570e+01
2.859583830833435059e+01
3.394738793373107910e+01
2.365021061897277832e+01
2.087500286102294922e+01
1.324131178855895996e+01
2.330850124359130859e+01
2.025860834121704102e+01
1.832776808738708496e+01
1.923557424545288086e+01
2.642178797721862793e+01
2.791359090805053711e+01
3.063144636154174805e+01
1.032461977005004883e+01
1.813819527626037598e+01
2.369789171218872070e+01
1.574871039390563965e+01
2.792081904411315918e+01
2.172887682914733887e+01
2.311094999313354492e+01
2.690236973762512207e+01
2.777177762985229492e+01
2.690325427055358887e+01
5.279309296607971191e+01
5.452088832855224609e+00
2.623790884017944336e+01
1.815432643890380859e+01
2.340708780288696289e+01
2.717457199096679688e+01
2.878592252731323242e+01
1.883410429954528809e+01
1.797598528861999512e+01
3.410680580139160156e+01
1.950543165206909180e+01
2.876965022087097168e+01
3.185803484916687012e+01
8.653693675994873047e+00
7.905719518661499023e+00
2.486247825622558594e+01
3.159876966476440430e+01
2.903180813789367676e+01
2.413577818870544434e+01
2.713096785545349121e+01
2.209369301795959473e+01
8.518399477005004883e+00
2.663660383224487305e+01
1.740020990371704102e+01
1.426386404037475586e+01
3.557282567024230957e+01
2.243350839614868164e+01
2.114279842376708984e+01
2.777539086341857910e+01
1.808806610107421875e+01
8.290739059448242188e+00
1.462393045425415039e+01
2.555825710296630859e+01
3.347860193252563477e+01
2.280719614028930664e+01
2.733687496185302734e+01
2.530578804016113281e+01
1.140784788131713867e+01
3.258190965652465820e+01
3.489855670928955078e+01
1.781191253662109375e+01
3.247969460487365723e+01
2.160722780227661133e+01
1.511599755287170410e+01
2.219027352333068848e+01
4.214289999008178711e+01
3.914008927345275879e+01
3.857507205009460449e+01
1.307110500335693359e+01
3.407083821296691895e+01
3.167615509033203125e+01
3.575966739654541016e+01
3.650963068008422852e+01
1.590780043601989746e+01
1.393997859954833984e+01
3.694962882995605469e+01
1.957937216758728027e+01
2.225281214714050293e+01
5.289336204528808594e+00
3.634332895278930664e+01
2.736344599723815918e+01
2.686803054809570312e+01
2.048020792007446289e+01
2.376349687576293945e+01
3.418495178222656250e+01
2.879700636863708496e+01
1.736900949478149414e+01
2.174989414215087891e+01
2.981860542297363281e+01
3.665855097770690918e+01
2.238056302070617676e+01
1.692118024826049805e+01
2.356782174110412598e+01
3.592341351509094238e+01
2.096945667266845703e+01
1.709357643127441406e+01
1.951267457008361816e+01
3.475567531585693359e+01
1.872825241088867188e+01
1.192189621925354004e+01
3.375093317031860352e+01
1.491258335113525391e+01
2.384161496162414551e+01
2.090208649635314941e+01
1.721441173553466797e+01
1.217440605163574219e+01
1.462540292739868164e+01
3.827573037147521973e+01
2.008076667785644531e+01
1.161399412155151367e+01
1.166904973983764648e+01
1.591492509841918945e+01
2.188291406631469727e+01
4.420831847190856934e+01
1.380467629432678223e+01
2.103155970573425293e+01
1.548949956893920898e+01
1.881236863136291504e+01
6.754657268524169922e+00
2.616696143150329590e+01
2.274436569213867188e+01
1.284882545471191406e+01
1.854727220535278320e+01
2.517774438858032227e+01
1.148338651657104492e+01
1.941933417320251465e+01
1.820911240577697754e+01
1.795391941070556641e+01
1.501162743568420410e+01
1.601717686653137207e+01
2.296373915672302246e+01
1.875212121009826660e+01
1.995593595504760742e+01
1.056748366355895996e+01
2.403753232955932617e+01
2.377004814147949219e+01
1.783022522926330566e+01
1.922684264183044434e+01
1.820847034454345703e+01
2.629087281227111816e+01
3.102588176727294922e+01
1.715476322174072266e+01
2.431204891204833984e+01
2.012489151954650879e+01
1.841606950759887695e+01
2.681593179702758789e+01
1.783006525039672852e+01
1.563881540298461914e+01
1.977035188674926758e+01
4.053897881507873535e+01
1.917322921752929688e+01
2.385613894462585449e+01
1.221354484558105469e+01
4.041363406181335449e+01
1.935341906547546387e+01
1.806329202651977539e+01
2.565703892707824707e+01
2.813285970687866211e+01
3.480682325363159180e+01
1.604776239395141602e+01
2.799912309646606445e+01
3.012284469604492188e+01
2.822653341293334961e+01
2.841505002975463867e+01
3.001114106178283691e+01
2.822682189941406250e+01
1.712014722824096680e+01
3.103601837158203125e+01
2.744072413444519043e+01
2.219404006004333496e+01
2.077093505859375000e+01
3.088555312156677246e+01
1.945937037467956543e+01
3.263644409179687500e+01
3.256412148475646973e+01
3.312570261955261230e+01
2.134113335609436035e+01
2.296783638000488281e+01
2.728115391731262207e+01
2.408258819580078125e+01
2.622450757026672363e+01
4.057358670234680176e+01
2.123047161102294922e+01
1.961482715606689453e+01
2.126451444625854492e+01
3.467601323127746582e+01
2.235506629943847656e+01
1.932891988754272461e+01
2.461892127990722656e+01
3.281818866729736328e+01
3.535499930381774902e+01
1.936508464813232422e+01
3.198613619804382324e+01
2.024108004570007324e+01
3.410419702529907227e+01
2.033127522468566895e+01
2.219733715057373047e+01
1.979766225814819336e+01
3.756745290756225586e+01
1.207210588455200195e+01
3.522699975967407227e+01
1.870580577850341797e+01
3.850375604629516602e+01
1.553911256790161133e+01
2.370507907867431641e+01
1.804548311233520508e+01
2.210646486282348633e+01
1.950586271286010742e+01
3.097243380546569824e+01
2.535792279243469238e+01
1.744932270050048828e+01
2.263595199584960938e+01
2.558091974258422852e+01
2.034262180328369141e+01
2.968624162673950195e+01
8.297379493713378906e+00
2.325629949569702148e+01
2.661841726303100586e+01
1.426818466186523438e+01
2.460485291481018066e+01
3.844453835487365723e+01
1.814273762702941895e+01
2.125330257415771484e+01
2.639858222007751465e+01
2.620230102539062500e+01
1.901872825622558594e+01
2.554603505134582520e+01
3.689780163764953613e+01
2.235414910316467285e+01
2.203047680854797363e+01
2.582057571411132812e+01
1.260652065277099609e+01
2.040529465675354004e+01
1.962791562080383301e+01
2.315613007545471191e+01
4.192976260185241699e+01
2.079716634750366211e+01
1.773947572708129883e+01
2.622887778282165527e+01
1.796199774742126465e+01
1.402694988250732422e+01
2.887709069252014160e+01
3.178188467025756836e+01
3.006681013107299805e+01
3.039747428894042969e+01
2.905112648010253906e+01
3.868010568618774414e+01
1.877734899520874023e+01
2.879712343215942383e+01
1.183897638320922852e+01
2.268024086952209473e+01
2.231158185005187988e+01
1.417446970939636230e+01
2.500779533386230469e+01
1.308222484588623047e+01
1.476922583580017090e+01
2.226860380172729492e+01
2.019372630119323730e+01
3.433901977539062500e+01
2.800028586387634277e+01
2.847708654403686523e+01
2.549252986907958984e+01
3.193932604789733887e+01
2.818645596504211426e+01
2.639099693298339844e+01
4.223545050621032715e+01
8.867418527603149414e+00
1.726669859886169434e+01
1.262750720977783203e+01
4.090407323837280273e+01
2.486968731880187988e+01
1.023400235176086426e+01
2.845110058784484863e+01
2.019460988044738770e+01
2.779008030891418457e+01
1.175878810882568359e+01
2.366459059715270996e+01
8.084175586700439453e+00
3.092983365058898926e+01
1.076823711395263672e+01
2.068177270889282227e+01
1.450698947906494141e+01
1.586432504653930664e+01
1.866639971733093262e+01
2.421028995513916016e+01
2.982493448257446289e+01
1.957700562477111816e+01
3.105117797851562500e+01
2.708068084716796875e+01
1.506530404090881348e+01
1.901880264282226562e+01
1.644323015213012695e+01
2.786976528167724609e+01
2.708738708496093750e+01
7.504623174667358398e+00
3.281574320793151855e+01
8.942043304443359375e+00
7.942080497741699219e+00
1.005747485160827637e+01
3.656063699722290039e+01
1.462999963760375977e+01
2.173414325714111328e+01
1.587505888938903809e+01
2.957543158531188965e+01
2.150092196464538574e+01
1.562650346755981445e+01
1.979329609870910645e+01
1.256952524185180664e+01
3.551524734497070312e+01
1.541611695289611816e+01
2.194693636894226074e+01
1.469523119926452637e+01
2.055984520912170410e+01
2.863110208511352539e+01
2.090942764282226562e+01
8.922256231307983398e+00
1.661945557594299316e+01
1.063523411750793457e+01
2.236783409118652344e+01
2.318711304664611816e+01
2.257573270797729492e+01
2.495252346992492676e+01
3.008819985389709473e+01
1.602617502212524414e+01
1.534125638008117676e+01
6.868146896362304688e+00
2.433608722686767578e+01
3.769338631629943848e+01
1.672614812850952148e+01
3.237131023406982422e+01
1.435030937194824219e+01
1.728854584693908691e+01
1.277266716957092285e+01
1.605288004875183105e+01
3.850072383880615234e+01
1.837147808074951172e+01
1.988324570655822754e+01
2.015230870246887207e+01
1.079034328460693359e+01
1.098796224594116211e+01
3.667105269432067871e+01
3.301078104972839355e+01
1.774907827377319336e+01
1.957249259948730469e+01
3.315647482872009277e+01
9.315378189086914062e+00
1.886524891853332520e+01
2.205819511413574219e+01
1.603572869300842285e+01
1.163415908813476562e+01
1.434168219566345215e+01
1.809607481956481934e+01
3.377400326728820801e+01
1.742395067214965820e+01
2.374403429031372070e+01
1.291857767105102539e+01
3.170158267021179199e+01
1.142342996597290039e+01
2.399294447898864746e+01
2.623250007629394531e+01
1.673979330062866211e+01
2.264603662490844727e+01
3.055822372436523438e+01
1.660958147048950195e+01
1.974590325355529785e+01
1.392042636871337891e+01
1.946673274040222168e+01
1.332867884635925293e+01
2.381917333602905273e+01
2.201427626609802246e+01
1.783465075492858887e+01
1.544795680046081543e+01
1.436763954162597656e+01
1.842958641052246094e+01
1.227798652648925781e+01
1.789823150634765625e+01
2.443227314949035645e+01
1.783499169349670410e+01
1.510294365882873535e+01
2.564156293869018555e+01
2.321669840812683105e+01
1.980584287643432617e+01
2.136209392547607422e+01
3.102434182167053223e+01
1.971432304382324219e+01
1.489714431762695312e+01
1.993707633018493652e+01
1.860926961898803711e+01
2.166694355010986328e+01
2.587571620941162109e+01
1.376378297805786133e+01
4.424747562408447266e+01
9.947125434875488281e+00
2.094039964675903320e+01
1.758253812789916992e+01
2.886314487457275391e+01
4.696535038948059082e+01
2.290123605728149414e+01
1.681646871566772461e+01
2.504169011116027832e+01
1.792803955078125000e+01
2.419611597061157227e+01
1.639548492431640625e+01
2.156466698646545410e+01
8.901364803314208984e+00
2.357178092002868652e+01
2.309526038169860840e+01
3.427347373962402344e+01
1.777471280097961426e+01
2.794507145881652832e+01
1.029534459114074707e+01
2.262786245346069336e+01
1.747902774810791016e+01
2.295645570755004883e+01
1.470329833030700684e+01
1.627873277664184570e+01
2.242723369598388672e+01
2.023301911354064941e+01
1.715242004394531250e+01
1.234904527664184570e+01
1.783916497230529785e+01
4.381674027442932129e+01
2.591422939300537109e+01
2.472770905494689941e+01
1.314557194709777832e+01
7.981850624084472656e+00
2.428485107421875000e+01
2.551923489570617676e+01
1.863769793510437012e+01
2.332966876029968262e+01
1.680954813957214355e+01
2.043523192405700684e+01
1.721572017669677734e+01
1.995996260643005371e+01
1.739350724220275879e+01
2.808758711814880371e+01
1.830469179153442383e+01
2.221142220497131348e+01
4.154229187965393066e+01
1.701478528976440430e+01
2.696788311004638672e+01
2.836124062538146973e+01
2.348187661170959473e+01
1.440398240089416504e+01
2.231437516212463379e+01
1.427193045616149902e+01
5.102094626426696777e+01
2.818790602684020996e+01
1.677076125144958496e+01
2.568508362770080566e+01
2.192698717117309570e+01
2.649776649475097656e+01
1.958205485343933105e+01
1.271067667007446289e+01
2.284598541259765625e+01
2.415046405792236328e+01
1.869187617301940918e+01
3.201175403594970703e+01
2.137731599807739258e+01
2.684399175643920898e+01
2.918244123458862305e+01
2.469358754158020020e+01
1.717735743522644043e+01
2.821278142929077148e+01
2.516980195045471191e+01
2.049272751808166504e+01
5.661021828651428223e+01
1.681310319900512695e+01
1.158311533927917480e+01
2.420073318481445312e+01
2.534340834617614746e+01
2.828823971748352051e+01
1.923930978775024414e+01
2.917121315002441406e+01
2.850389480590820312e+01
2.395224475860595703e+01
1.418585085868835449e+01
3.284158182144165039e+01
3.600105905532836914e+01
2.957615923881530762e+01
2.187856435775756836e+01
2.021330046653747559e+01
2.498195219039916992e+01
2.565852737426757812e+01
2.343761587142944336e+01
2.238503718376159668e+01
3.300580048561096191e+01
2.504460310935974121e+01
2.333368539810180664e+01
2.069469070434570312e+01
1.720348143577575684e+01
1.998887944221496582e+01
1.844068360328674316e+01
1.163770484924316406e+01
2.526679348945617676e+01
2.077359151840209961e+01
1.992787528038024902e+01
2.219462823867797852e+01
1.760537934303283691e+01
2.291504549980163574e+01
1.989963507652282715e+01
2.127034807205200195e+01
1.492718839645385742e+01
4.024759984016418457e+01
2.753378081321716309e+01
1.971462893486022949e+01
1.599343943595886230e+01
2.310699820518493652e+01
1.771530365943908691e+01
2.160667228698730469e+01
2.365962767601013184e+01
2.339087295532226562e+01
2.362739014625549316e+01
1.624254322052001953e+01
2.790636992454528809e+01
1.366075634956359863e+01
2.947457933425903320e+01
1.217310452461242676e+01
2.532136964797973633e+01
2.080343985557556152e+01
2.652236342430114746e+01
2.688172578811645508e+01
6.782156944274902344e+00
1.742818737030029297e+01
2.804244995117187500e+01
3.652134156227111816e+01
2.131510686874389648e+01
2.360060024261474609e+01
1.918553256988525391e+01
1.801656103134155273e+01
2.262579846382141113e+01
1.565034604072570801e+01
1.629815602302551270e+01
1.645138478279113770e+01
2.991339159011840820e+01
2.189034128189086914e+01
2.160495185852050781e+01
1.783693623542785645e+01
1.981349396705627441e+01
9.441849231719970703e+00
1.408958697319030762e+01
1.448362135887145996e+01
2.098661494255065918e+01
2.050355958938598633e+01
2.561902713775634766e+01
2.158149743080139160e+01
2.671535372734069824e+01
2.469271898269653320e+01
1.472481918334960938e+01
2.332027649879455566e+01
3.279236435890197754e+01
1.786459922790527344e+01
3.122731685638427734e+01
1.809882688522338867e+01
2.242967820167541504e+01
1.116958546638488770e+01
2.308228468894958496e+01
2.651445460319519043e+01
3.981484627723693848e+01
3.412142729759216309e+01
2.092854690551757812e+01
3.930511569976806641e+01
3.331037521362304688e+01
2.998641848564147949e+01
1.916675376892089844e+01
9.309021472930908203e+00
3.132650375366210938e+01
2.050240278244018555e+01
2.670371294021606445e+01
2.074236106872558594e+01
2.380996155738830566e+01
2.780054330825805664e+01
3.086743307113647461e+01
1.906480097770690918e+01
2.888241767883300781e+01
1.755571699142456055e+01
2.456811738014221191e+01
2.482475328445434570e+01
2.364478111267089844e+01
4.630246233940124512e+01
2.140099334716796875e+01
2.316127920150756836e+01
2.203149771690368652e+01
1.216381835937500000e+01
1.439767098426818848e+01
1.316719770431518555e+01
3.334539580345153809e+01
2.328519058227539062e+01
1.444799852371215820e+01
3.753136849403381348e+01
2.309128546714782715e+01
2.676622653007507324e+01
1.375922989845275879e+01
2.840577006340026855e+01
2.187417149543762207e+01
3.228035855293273926e+01
2.349160027503967285e+01
1.425197768211364746e+01
3.967646908760070801e+01
1.487147545814514160e+01
1.807316827774047852e+01
1.808164834976196289e+01
2.373873186111450195e+01
1.826774168014526367e+01
3.187993240356445312e+01
2.065029311180114746e+01
2.362275648117065430e+01
3.634950041770935059e+01
3.645934510231018066e+01
1.884226727485656738e+01
4.370867657661437988e+01
1.945920538902282715e+01
1.798988437652587891e+01
2.018304371833801270e+01
3.469421148300170898e+01
2.378946661949157715e+01
2.409888744354248047e+01
2.489226913452148438e+01
2.331247663497924805e+01
1.483299255371093750e+01
2.750724363327026367e+01
1.327514648437500000e+01
2.625225567817687988e+01
2.424215054512023926e+01
2.324569487571716309e+01
2.645785307884216309e+01
1.439484667778015137e+01
1.629530310630798340e+01
2.722370600700378418e+01
1.797541046142578125e+01
1.591189169883728027e+01
1.716850972175598145e+01
1.156473398208618164e+01
1.657936549186706543e+01
1.940943408012390137e+01
2.348664975166320801e+01
2.124957513809204102e+01
2.067942667007446289e+01
2.291276335716247559e+01
2.732561779022216797e+01
1.607943987846374512e+01
1.030033230781555176e+01
2.079484128952026367e+01
1.953077936172485352e+01
2.185761547088623047e+01
1.386614847183227539e+01
3.051109838485717773e+01
2.786603784561157227e+01
3.152430200576782227e+01
2.013836288452148438e+01
2.018381857872009277e+01
1.777858662605285645e+01
3.142404127120971680e+01
2.211782717704772949e+01
2.074336028099060059e+01
1.393796515464782715e+01
3.288112282752990723e+01
1.823389434814453125e+01
1.490276408195495605e+01
2.053938317298889160e+01
1.747348976135253906e+01
3.409287309646606445e+01
2.404230690002441406e+01
3.305964064598083496e+01
2.080959725379943848e+01
1.916741919517517090e+01
2.456460833549499512e+01
1.841050004959106445e+01
2.020624423027038574e+01
1.452396178245544434e+01
3.287782764434814453e+01
2.353323364257812500e+01
3.064421844482421875e+01
1.267676782608032227e+01
2.152553272247314453e+01
2.669895815849304199e+01
1.898176360130310059e+01
2.199765348434448242e+01
3.388925194740295410e+01
1.600336194038391113e+01
1.884795904159545898e+01
3.208891797065734863e+01
3.105773520469665527e+01
2.860801124572753906e+01
1.598260521888732910e+01
1.833709263801574707e+01
1.885831356048583984e+01
3.209453344345092773e+01
2.238249278068542480e+01
8.846684932708740234e+00
1.680238914489746094e+01
1.444866394996643066e+01
2.962719249725341797e+01
1.563078165054321289e+01
2.670596361160278320e+01
1.951190352439880371e+01
2.408454036712646484e+01
2.166791701316833496e+01
1.932513689994812012e+01
2.831760978698730469e+01
1.535480308532714844e+01
2.026543712615966797e+01
1.758109164237976074e+01
2.321578311920166016e+01
1.093786978721618652e+01
2.125656890869140625e+01
2.945997428894042969e+01
2.452465605735778809e+01
2.606279921531677246e+01
2.384457015991210938e+01
2.490777969360351562e+01
2.750671720504760742e+01
1.741181492805480957e+01
2.344194698333740234e+01
1.587071299552917480e+01
3.983265972137451172e+01
1.333610796928405762e+01
2.444202947616577148e+01
1.662350463867187500e+01
1.642180204391479492e+01
1.812472534179687500e+01
1.905427813529968262e+01
1.446821904182434082e+01
2.395155572891235352e+01
1.340017223358154297e+01
1.528638935089111328e+01
1.664031791687011719e+01
3.555382084846496582e+01
2.221600699424743652e+01
2.532292675971984863e+01
2.345801186561584473e+01
1.673925948143005371e+01
2.595807909965515137e+01
1.424837708473205566e+01
2.353868627548217773e+01
1.757128572463989258e+01
2.320885634422302246e+01
1.236813235282897949e+01
2.696654653549194336e+01
2.453295755386352539e+01
3.595336747169494629e+01
1.278385996818542480e+01
1.901861834526062012e+01
3.196089291572570801e+01
1.370096611976623535e+01
2.694303512573242188e+01
2.901241970062255859e+01
2.465782094001770020e+01
2.405349946022033691e+01
2.646495461463928223e+01
2.022132658958435059e+01
2.012820148468017578e+01
3.033592247962951660e+01
2.405433583259582520e+01
1.513181209564208984e+01
2.503400635719299316e+01
2.226132035255432129e+01
1.879548954963684082e+01
2.267570996284484863e+01
2.620760607719421387e+01
2.155561494827270508e+01
2.180542802810668945e+01
1.882183074951171875e+01
2.863068628311157227e+01
2.605073142051696777e+01
2.700139331817626953e+01
2.212644338607788086e+01
2.091419625282287598e+01
3.163250946998596191e+01
2.520709705352783203e+01
2.334681510925292969e+01
2.766743803024291992e+01
2.637953996658325195e+01
2.484658885002136230e+01
3.043782186508178711e+01
2.270034313201904297e+01
1.701065587997436523e+01
3.018778777122497559e+01
1.603420472145080566e+01
3.664777421951293945e+01
2.995644140243530273e+01
1.529964756965637207e+01
2.217435812950134277e+01
1.249136996269226074e+01
2.419439554214477539e+01
2.611250567436218262e+01
1.842652082443237305e+01
2.143806552886962891e+01
3.468961691856384277e+01
2.081577992439270020e+01
3.190919327735900879e+01
2.194422769546508789e+01
3.072157979011535645e+01
2.024512171745300293e+01
2.866047692298889160e+01
2.775153779983520508e+01
2.424151587486267090e+01
3.931540393829345703e+01
2.564552426338195801e+01
5.309853386878967285e+01
2.415967440605163574e+01
1.843412184715270996e+01
3.571510958671569824e+01
3.726069974899291992e+01
2.219204974174499512e+01
1.909845209121704102e+01
2.257155585289001465e+01
1.968467044830322266e+01
1.584533381462097168e+01
3.239530706405639648e+01
2.861927914619445801e+01
1.972039294242858887e+01
1.988453078269958496e+01
2.307652139663696289e+01
2.158974456787109375e+01
1.729224157333374023e+01
1.874303293228149414e+01
3.005174684524536133e+01
3.101637625694274902e+01
2.429697084426879883e+01
1.825586509704589844e+01
2.670483040809631348e+01
3.392117929458618164e+01
2.411130213737487793e+01
2.503260898590087891e+01
2.450567936897277832e+01
2.791877293586730957e+01
1.971662831306457520e+01
1.509125280380249023e+01
1.928359913825988770e+01
4.117572951316833496e+01
2.149806880950927734e+01
2.318614435195922852e+01
3.392888879776000977e+01
2.102317857742309570e+01
2.075580191612243652e+01
2.728809428215026855e+01
1.171322989463806152e+01
2.474101519584655762e+01
1.923966693878173828e+01
1.655740022659301758e+01
2.562802290916442871e+01
2.200498318672180176e+01
3.776899576187133789e+01
3.766767835617065430e+01
2.731781721115112305e+01
2.101100015640258789e+01
2.942115473747253418e+01
1.957527589797973633e+01
2.220210552215576172e+01
1.662438583374023438e+01
2.493874931335449219e+01
1.481014227867126465e+01
2.543510246276855469e+01
1.809379363059997559e+01
1.614863920211791992e+01
2.443520188331604004e+01
2.281486940383911133e+01
2.491699171066284180e+01
3.081663751602172852e+01
2.612850260734558105e+01
1.917479038238525391e+01
2.567768287658691406e+01
2.461511778831481934e+01
2.966246724128723145e+01
2.433795332908630371e+01
1.633853387832641602e+01
1.632331371307373047e+01
2.315512681007385254e+01
2.444179940223693848e+01
2.430396556854248047e+01
1.584435915946960449e+01
1.532442474365234375e+01
1.627274012565612793e+01
2.015554451942443848e+01
1.281380128860473633e+01
2.732230687141418457e+01
2.550619888305664062e+01
1.606947231292724609e+01
3.168844771385192871e+01
1.483352446556091309e+01
1.548584342002868652e+01
2.546261167526245117e+01
2.352917623519897461e+01
2.324540734291076660e+01
1.253083753585815430e+01
2.979392671585083008e+01
1.873146009445190430e+01
2.577013778686523438e+01
2.754653978347778320e+01
1.931079769134521484e+01
1.614432477951049805e+01
1.015154027938842773e+01
3.277490687370300293e+01
2.564328527450561523e+01
2.129681849479675293e+01
2.544578599929809570e+01
2.841482686996459961e+01
3.286879158020019531e+01
2.934988093376159668e+01
7.642199993133544922e+00
1.260634469985961914e+01
2.334559130668640137e+01
3.572558307647705078e+01
2.785741114616394043e+01
3.199778032302856445e+01
2.391912126541137695e+01
1.207483148574829102e+01
1.991636919975280762e+01
3.270574951171875000e+01
2.413312697410583496e+01
2.362738132476806641e+01
2.201090526580810547e+01
3.492521572113037109e+01
2.629751205444335938e+01
4.125777435302734375e+01
2.703310704231262207e+01
2.679250335693359375e+01
2.314492845535278320e+01
1.924108314514160156e+01
2.505546379089355469e+01
3.834943246841430664e+01
2.255571675300598145e+01
2.400741934776306152e+01
2.844918346405029297e+01
2.839058852195739746e+01
4.466398692131042480e+01
2.285725140571594238e+01
2.785078692436218262e+01
2.951673674583435059e+01
3.050577402114868164e+01
2.317196822166442871e+01
2.155471515655517578e+01
9.223464012145996094e+00
2.565006232261657715e+01
2.057446241378784180e+01
1.522155785560607910e+01
7.282273054122924805e+00
1.861572194099426270e+01
3.258065056800842285e+01
4.388105368614196777e+01
2.590436935424804688e+01
2.456895828247070312e+01
1.953848266601562500e+01
2.469231820106506348e+01
1.532788443565368652e+01
1.754322314262390137e+01
1.796377658843994141e+01
2.476018691062927246e+01
1.870512557029724121e+01
1.082414937019348145e+01
3.005478835105895996e+01
8.074849605560302734e+00
1.674082875251770020e+01
2.603819012641906738e+01
1.283277440071105957e+01
3.340240430831909180e+01
1.668483066558837891e+01
2.889799237251281738e+01
1.603371620178222656e+01
1.195995211601257324e+01
2.353064870834350586e+01
1.767791438102722168e+01
1.269689154624938965e+01
3.116580891609191895e+01
2.499044752120971680e+01
1.819545483589172363e+01
3.142746305465698242e+01
2.979677414894104004e+01
1.628790616989135742e+01
1.553207302093505859e+01
2.664917421340942383e+01
1.528943395614624023e+01
2.796708822250366211e+01
3.728749752044677734e+01
1.409009218215942383e+01
1.092563414573669434e+01
2.028133726119995117e+01
2.800628137588500977e+01
2.125790476799011230e+01
2.522252583503723145e+01
2.937014985084533691e+01
2.790016627311706543e+01
1.862996506690979004e+01
1.158496618270874023e+01
1.045689201354980469e+01
1.247074890136718750e+01
1.993624734878540039e+01
3.012194275856018066e+01
1.643324017524719238e+01
2.756890726089477539e+01
1.386388850212097168e+01
1.777053165435791016e+01
3.123184943199157715e+01
2.308995199203491211e+01
1.195966243743896484e+01
1.314807176589965820e+01
1.091558718681335449e+01
2.979854702949523926e+01
2.920393991470336914e+01
2.214204716682434082e+01
3.465159249305725098e+01
2.672160935401916504e+01
1.751588344573974609e+01
1.432101035118103027e+01
2.201842999458312988e+01
1.738831400871276855e+01
1.573440670967102051e+01
1.723404979705810547e+01
1.524166297912597656e+01
1.869765663146972656e+01
3.739014816284179688e+01
1.198197841644287109e+01
1.699923205375671387e+01
1.349590849876403809e+01
1.638298916816711426e+01
1.448757386207580566e+01
2.884162116050720215e+01
1.412200999259948730e+01
2.960570216178894043e+01
1.465971565246582031e+01
1.399093651771545410e+01
2.514106416702270508e+01
1.243491148948669434e+01
3.164319038391113281e+01
3.545622777938842773e+01
1.125570297241210938e+01
1.764839720726013184e+01
1.503357386589050293e+01
1.818815612792968750e+01
1.465232181549072266e+01
1.329394912719726562e+01
7.152546405792236328e+00
1.085442471504211426e+01
1.676092290878295898e+01
1.280670666694641113e+01
3.678126454353332520e+01
3.690462660789489746e+01
2.776190686225891113e+01
2.825007128715515137e+01
2.544329261779785156e+01
1.810595393180847168e+01
2.552284669876098633e+01
2.637497782707214355e+01
2.023003005981445312e+01
2.538962340354919434e+01
3.514174246788024902e+01
3.805420470237731934e+01
1.529053997993469238e+01
3.479654598236083984e+01
1.675059127807617188e+01
1.528034257888793945e+01
1.970112991333007812e+01
2.191096401214599609e+01
1.933314681053161621e+01
2.279472208023071289e+01
1.888435912132263184e+01
1.394234490394592285e+01
2.366147136688232422e+01
3.459268188476562500e+01
2.055460858345031738e+01
1.967778277397155762e+01
2.177369952201843262e+01
2.522491168975830078e+01
3.767867040634155273e+01
2.053389930725097656e+01
3.150725102424621582e+01
2.211379551887512207e+01
1.570805454254150391e+01
1.795740342140197754e+01
2.785663437843322754e+01
1.581126308441162109e+01
3.912300014495849609e+01
2.845067310333251953e+01
2.116749954223632812e+01
1.911472606658935547e+01
3.880543518066406250e+01
2.095766806602478027e+01
1.411965227127075195e+01
4.318182659149169922e+01
3.477369451522827148e+01
2.505262279510498047e+01
1.748844814300537109e+01
1.592584776878356934e+01
3.833960819244384766e+01
2.082004046440124512e+01
2.009899735450744629e+01
1.793607044219970703e+01
2.045285367965698242e+01
1.674968957901000977e+01
2.826151800155639648e+01
3.819154739379882812e+01
1.912508153915405273e+01
2.859493780136108398e+01
1.616452407836914062e+01
1.848332858085632324e+01
2.128898692131042480e+01
3.104202532768249512e+01
1.769920825958251953e+01
1.876094985008239746e+01
2.403625822067260742e+01
1.792043972015380859e+01
2.180675864219665527e+01
1.424545693397521973e+01
2.467965316772460938e+01
2.557209682464599609e+01
2.438012027740478516e+01
1.612409400939941406e+01
1.620984220504760742e+01
2.195853662490844727e+01
2.440428256988525391e+01
2.043849611282348633e+01
1.709328842163085938e+01
2.630275464057922363e+01
1.488862204551696777e+01
2.348470640182495117e+01
2.279598593711853027e+01
1.951722145080566406e+01
1.867187547683715820e+01
1.277063393592834473e+01
3.316746306419372559e+01
1.927668523788452148e+01
1.944612050056457520e+01
1.745680737495422363e+01
3.597920799255371094e+01
2.731657910346984863e+01
1.358436822891235352e+01
2.154824662208557129e+01
1.843710446357727051e+01
2.392494702339172363e+01
2.399084115028381348e+01
2.746257495880126953e+01
2.389346981048583984e+01
2.160951995849609375e+01
2.387793397903442383e+01
3.108839511871337891e+01
2.226716232299804688e+01
2.780652236938476562e+01
2.455801939964294434e+01
1.978785872459411621e+01
1.850900936126708984e+01
1.705589413642883301e+01
2.728787422180175781e+01
2.741193413734436035e+01
2.436084628105163574e+01
2.324622392654418945e+01
1.944029140472412109e+01
2.591501832008361816e+01
2.007853960990905762e+01
2.084989261627197266e+01
2.133447170257568359e+01
2.518770217895507812e+01
2.113917183876037598e+01
1.971989202499389648e+01
1.129519248008728027e+01
1.775922703742980957e+01
1.771018981933593750e+01
2.562094664573669434e+01
1.822231554985046387e+01
3.152810668945312500e+01
1.835939288139343262e+01
2.340096426010131836e+01
8.228267908096313477e+00
1.469291353225708008e+01
2.004575848579406738e+01
1.815903401374816895e+01
2.707349300384521484e+01
3.400418949127197266e+01
1.732730054855346680e+01
2.292725682258605957e+01
2.350041508674621582e+01
3.018845534324645996e+01
2.099549150466918945e+01
4.792572736740112305e+01
2.204948568344116211e+01
2.999651336669921875e+01
2.074029731750488281e+01
3.113943219184875488e+01
2.205261206626892090e+01
1.807074713706970215e+01
1.842711615562438965e+01
2.357155656814575195e+01
2.368883943557739258e+01
2.545543789863586426e+01
1.141361379623413086e+01
2.620642638206481934e+01
1.000453114509582520e+01
2.517478919029235840e+01
3.025452041625976562e+01
2.697845292091369629e+01
9.838469982147216797e+00
1.713972663879394531e+01
1.629077386856079102e+01
2.287699246406555176e+01
2.973870110511779785e+01
2.793403124809265137e+01
1.887641000747680664e+01
2.437425470352172852e+01
2.614587521553039551e+01
3.363121604919433594e+01
2.249106335639953613e+01
1.724361181259155273e+01
2.499783253669738770e+01
2.467497587203979492e+01
7.552954673767089844e+00
1.747235798835754395e+01
2.537387180328369141e+01
2.322891807556152344e+01
1.716426825523376465e+01
1.661498618125915527e+01
3.232535314559936523e+01
1.031511402130126953e+01
2.548745274543762207e+01
2.799302339553833008e+01
2.616861152648925781e+01
2.171142220497131348e+01
1.949385905265808105e+01
2.280740761756896973e+01
2.237358832359313965e+01
1.997338891029357910e+01
1.994687747955322266e+01
1.706260561943054199e+01
3.395597386360168457e+01
2.458972668647766113e+01
2.090039682388305664e+01
2.285333967208862305e+01
2.143401765823364258e+01
2.138082218170166016e+01
2.129077887535095215e+01
3.522149729728698730e+01
2.505797886848449707e+01
2.666883373260498047e+01
1.187206315994262695e+01
1.498008441925048828e+01
1.465652418136596680e+01
2.318501996994018555e+01
2.989155888557434082e+01
2.664109420776367188e+01
2.264178204536437988e+01
2.538635826110839844e+01
2.250816941261291504e+01
1.426688265800476074e+01
2.282860779762268066e+01
1.053727746009826660e+01
3.404716444015502930e+01
2.033426475524902344e+01
2.848662137985229492e+01
2.488510012626647949e+01
2.418722319602966309e+01
2.810305380821228027e+01
3.149445796012878418e+01
1.101779508590698242e+01
1.527945804595947266e+01
3.213877511024475098e+01
2.795167517662048340e+01
2.270629811286926270e+01
1.380152344703674316e+01
3.925169324874877930e+01
3.362288284301757812e+01
1.630048418045043945e+01
2.397574329376220703e+01
9.966773509979248047e+00
1.413790059089660645e+01
2.542110204696655273e+01
2.901301813125610352e+01
1.458387780189514160e+01
3.082300567626953125e+01
5.420946216583251953e+01
1.787763833999633789e+01
2.543261075019836426e+01
2.995468831062316895e+01
1.980246782302856445e+01
2.477836275100708008e+01
2.421056032180786133e+01
2.754871273040771484e+01
2.961138105392456055e+01
3.281285309791564941e+01
2.059402489662170410e+01
2.111902284622192383e+01
1.069951653480529785e+01
1.155460786819458008e+01
2.063644266128540039e+01
2.386119365692138672e+01
2.205634665489196777e+01
2.457916426658630371e+01
1.229114842414855957e+01
3.836781930923461914e+01
1.090396571159362793e+01
1.900007295608520508e+01
3.020769715309143066e+01
2.524074482917785645e+01
2.833659458160400391e+01
3.840517210960388184e+01
1.012330746650695801e+01
9.956658124923706055e+00
2.679970598220825195e+01
2.598427629470825195e+01
2.343008756637573242e+01
3.203202629089355469e+01
1.937507939338684082e+01
3.769034290313720703e+01
2.637256050109863281e+01
2.676012587547302246e+01
3.026623964309692383e+01
9.522481679916381836e+00
2.578700208663940430e+01
2.669749832153320312e+01
2.826201748847961426e+01
3.411687183380126953e+01
9.804330348968505859e+00
1.235029220581054688e+01
1.501208853721618652e+01
3.957413172721862793e+01
3.260432577133178711e+01
2.254492330551147461e+01
2.521036720275878906e+01
2.660552525520324707e+01
2.318684840202331543e+01
2.650926208496093750e+01
3.133915328979492188e+01
1.253016638755798340e+01
2.657215499877929688e+01
3.551028037071228027e+01
2.606703352928161621e+01
1.950511384010314941e+01
3.607924532890319824e+01
3.014274621009826660e+01
3.773813056945800781e+01
1.705165743827819824e+01
8.234078884124755859e+00
1.363973379135131836e+01
3.285172724723815918e+01
2.353923463821411133e+01
3.482515525817871094e+01
2.300852751731872559e+01
2.746167635917663574e+01
2.332091927528381348e+01
2.283354926109313965e+01
2.838712430000305176e+01
1.467372250556945801e+01
2.878349852561950684e+01
1.906751155853271484e+01
1.534056615829467773e+01
1.839555859565734863e+01
1.950643944740295410e+01
1.275857424736022949e+01
1.431116461753845215e+01
1.577160954475402832e+01
1.924516510963439941e+01
3.052695727348327637e+01
3.146243357658386230e+01
2.700230908393859863e+01
2.074887919425964355e+01
2.707470035552978516e+01
4.082197213172912598e+01
8.389608144760131836e+00
3.025962400436401367e+01
1.947138547897338867e+01
4.298362159729003906e+01
1.561143898963928223e+01
1.502588820457458496e+01
2.702667140960693359e+01
1.146703457832336426e+01
1.811549186706542969e+01
2.143418169021606445e+01
2.236014699935913086e+01
2.254650688171386719e+01
2.138385081291198730e+01
1.864205813407897949e+01
1.379350209236145020e+01
1.700081110000610352e+01
1.399795746803283691e+01
2.254122328758239746e+01
1.989755010604858398e+01
1.793465709686279297e+01
3.604087042808532715e+01
3.756224346160888672e+01
1.318743300437927246e+01
1.409354352951049805e+01
1.802330517768859863e+01
1.505297851562500000e+01
2.220390224456787109e+01
1.697093796730041504e+01
2.011601948738098145e+01
1.729182219505310059e+01
1.946731400489807129e+01
1.665473937988281250e+01
1.817865943908691406e+01
1.548850393295288086e+01
1.682353162765502930e+01
2.260154008865356445e+01
2.398127508163452148e+01
2.391497349739074707e+01
2.532339429855346680e+01
3.569786834716796875e+01
2.043269586563110352e+01
2.500544285774230957e+01
3.486584472656250000e+01
1.456310200691223145e+01
1.470218420028686523e+01
1.664694023132324219e+01
2.067680764198303223e+01
3.698839950561523438e+01
2.598440885543823242e+01
3.070250892639160156e+01
1.927811694145202637e+01
3.631843805313110352e+01
1.548207736015319824e+01
3.875255727767944336e+01
1.633817267417907715e+01
1.618360543251037598e+01
1.056805825233459473e+01
1.260974287986755371e+01
2.657040238380432129e+01
1.445368313789367676e+01
2.765963006019592285e+01
3.166413426399230957e+01
2.223670721054077148e+01
1.441157007217407227e+01
1.881775641441345215e+01
2.638176345825195312e+01
1.891625213623046875e+01
4.832954859733581543e+01
1.714309310913085938e+01
2.729647660255432129e+01
1.457519960403442383e+01
3.622052407264709473e+01
1.963376283645629883e+01
2.600371956825256348e+01
4.134798908233642578e+01
4.597965788841247559e+01
3.259064030647277832e+01
2.032600593566894531e+01
2.393739342689514160e+01
2.137274384498596191e+01
2.115157914161682129e+01
2.780144739151000977e+01
2.062276220321655273e+01
2.135664796829223633e+01
1.433174157142639160e+01
2.910681104660034180e+01
2.939834260940551758e+01
4.120715761184692383e+01
2.887356615066528320e+01
3.838268876075744629e+01
2.900389957427978516e+01
2.094442701339721680e+01
1.611669826507568359e+01
1.836386466026306152e+01
3.052514553070068359e+01
1.580808043479919434e+01
3.249948048591613770e+01
1.981732511520385742e+01
2.730294394493103027e+01
2.544699025154113770e+01
2.086996507644653320e+01
1.924763560295104980e+01
3.008349347114562988e+01
1.937653303146362305e+01
3.472315168380737305e+01
2.732845711708068848e+01
1.191320514678955078e+01
2.635372066497802734e+01
2.264885354042053223e+01
1.112254810333251953e+01
2.211356568336486816e+01
2.186423921585083008e+01
2.543437099456787109e+01
2.230598998069763184e+01
2.343631196022033691e+01
1.863612246513366699e+01
3.611249613761901855e+01
2.603468298912048340e+01
2.829528403282165527e+01
2.581938385963439941e+01
3.113424849510192871e+01
2.686107873916625977e+01
2.490957593917846680e+01
3.973441338539123535e+01
3.032254624366760254e+01
2.839425778388977051e+01
2.413476109504699707e+01
2.762125444412231445e+01
3.693510699272155762e+01
2.799008440971374512e+01
3.781737613677978516e+01
2.183691287040710449e+01
2.079631137847900391e+01
3.662935471534729004e+01
3.285182213783264160e+01
3.376175141334533691e+01
4.273968291282653809e+01
2.302595567703247070e+01
2.840850067138671875e+01
3.453237986564636230e+01
2.129550838470458984e+01
2.402815389633178711e+01
2.922814965248107910e+01
2.770602297782897949e+01
2.212470197677612305e+01
2.608859062194824219e+01
1.802095150947570801e+01
2.254117608070373535e+01
3.412116837501525879e+01
1.778930115699768066e+01
2.083308815956115723e+01
2.526396894454956055e+01
2.522173404693603516e+01
2.543333792686462402e+01
2.854620099067687988e+01
2.352307200431823730e+01
2.154667043685913086e+01
3.089093422889709473e+01
3.307124781608581543e+01
2.609253168106079102e+01
1.589954566955566406e+01
3.039006447792053223e+01
1.664060878753662109e+01
1.443549990653991699e+01
1.665428090095520020e+01
3.773382186889648438e+01
2.381712460517883301e+01
1.516450929641723633e+01
2.921046614646911621e+01
3.593824577331542969e+01
3.651767659187316895e+01
1.729375624656677246e+01
3.261628413200378418e+01
2.648014044761657715e+01
1.168119764328002930e+01
2.115347862243652344e+01
2.458851075172424316e+01
2.578252196311950684e+01
3.378634214401245117e+01
2.399515342712402344e+01
3.352447247505187988e+01
2.321029734611511230e+01
1.627937817573547363e+01
2.849692368507385254e+01
2.968101239204406738e+01
3.009091353416442871e+01
2.340182662010192871e+01
3.216777086257934570e+01
1.758998632431030273e+01
2.578493785858154297e+01
2.875238943099975586e+01
3.580669260025024414e+01
2.720778799057006836e+01
3.151563763618469238e+01
1.266566109657287598e+01
2.014460277557373047e+01
2.337761974334716797e+01
3.518681287765502930e+01
2.465850353240966797e+01
2.451339721679687500e+01
2.760203170776367188e+01
2.584532856941223145e+01
1.845851445198059082e+01
2.034766316413879395e+01
2.876251292228698730e+01
2.279508733749389648e+01
1.009773087501525879e+01
2.833686399459838867e+01
1.823242878913879395e+01
2.656701612472534180e+01
3.251512408256530762e+01
1.820694684982299805e+01
1.124757003784179688e+01
2.013741803169250488e+01
1.705651259422302246e+01
3.394921779632568359e+01
1.975005221366882324e+01
2.582172322273254395e+01
2.273963952064514160e+01
1.413853836059570312e+01
2.105763506889343262e+01
2.911618113517761230e+01
2.806088566780090332e+01
2.177603888511657715e+01
1.763307118415832520e+01
2.991792297363281250e+01
2.832312488555908203e+01
2.704379749298095703e+01
3.367150592803955078e+01
2.287270545959472656e+01
3.655993676185607910e+01
2.068483328819274902e+01
2.321848034858703613e+01
3.258277010917663574e+01
3.057280135154724121e+01
3.050682353973388672e+01
3.221509552001953125e+01
2.204962062835693359e+01
1.214093470573425293e+01
4.697034358978271484e+00
6.113949775695800781e+00
2.451280546188354492e+01
1.425466585159301758e+01
2.995235109329223633e+01
3.284917664527893066e+01
1.869925975799560547e+01
1.662275767326354980e+01
2.116061782836914062e+01
2.362371015548706055e+01
2.804735016822814941e+01
3.125376677513122559e+01
1.571779847145080566e+01
3.755207967758178711e+01
6.389330387115478516e+00
2.349014282226562500e+01
1.734161233901977539e+01
2.307745504379272461e+01
3.777536940574645996e+01
1.653647541999816895e+01
2.252883386611938477e+01
2.834741115570068359e+01
1.062190389633178711e+01
2.458766531944274902e+01
2.001195597648620605e+01
1.628516173362731934e+01
2.641133308410644531e+01
2.764377236366271973e+01
3.968211770057678223e+01
3.736487030982971191e+01
3.339771699905395508e+01
2.468884301185607910e+01
2.142318463325500488e+01
2.977141165733337402e+01
1.479539728164672852e+01
3.564178943634033203e+01
1.807659721374511719e+01
2.648990678787231445e+01
3.067079639434814453e+01
3.485566592216491699e+01
2.494067740440368652e+01
3.443316817283630371e+01
3.116967177391052246e+01
1.493900585174560547e+01
1.635238766670227051e+01
2.218080115318298340e+01
2.725910210609436035e+01
3.085489463806152344e+01
3.846198105812072754e+01
2.848392128944396973e+01
3.665441083908081055e+01
3.433040690422058105e+01
2.996178627014160156e+01
3.396768522262573242e+01
2.162682032585144043e+01
3.407762813568115234e+01
1.759366130828857422e+01
3.375206947326660156e+01
1.481377768516540527e+01
2.926236462593078613e+01
2.156841731071472168e+01
1.352103137969970703e+01
2.545859313011169434e+01
2.163039565086364746e+01
2.797765541076660156e+01
4.407558584213256836e+01
1.951399350166320801e+01
2.456810045242309570e+01
3.383381152153015137e+01
1.338595724105834961e+01
3.301827073097229004e+01
2.823827838897705078e+01
2.378657937049865723e+01
2.765507030487060547e+01
3.198388385772705078e+01
2.127321219444274902e+01
3.369886970520019531e+01
2.275581574440002441e+01
2.330490899085998535e+01
3.002232003211975098e+01
2.761466741561889648e+01
3.939870309829711914e+01
1.984824109077453613e+01
2.869896984100341797e+01
3.873746228218078613e+01
2.761921119689941406e+01
1.818709683418273926e+01
3.691956925392150879e+01
3.158231496810913086e+01
1.708982706069946289e+01
2.690460896492004395e+01
2.600617265701293945e+01
2.444083905220031738e+01
1.787265825271606445e+01
2.905247879028320312e+01
1.550064778327941895e+01
2.526014947891235352e+01
3.287346220016479492e+01
2.372847604751586914e+01
3.790356564521789551e+01
2.288726162910461426e+01
2.634122133255004883e+01
2.422023034095764160e+01
3.557419157028198242e+01
2.000625681877136230e+01
2.726355576515197754e+01
3.450040054321289062e+01
4.353499102592468262e+01
3.526832866668701172e+01
1.536053729057312012e+01
2.342095446586608887e+01
3.333930444717407227e+01
2.088862204551696777e+01
3.284027218818664551e+01
3.064694714546203613e+01
2.136358094215393066e+01
3.661112523078918457e+01
2.207352280616760254e+01
1.632931613922119141e+01
2.763696360588073730e+01
1.760456466674804688e+01
1.858382344245910645e+01
2.085630416870117188e+01
4.221621751785278320e+01
4.508450388908386230e+01
4.224639940261840820e+01
2.928347253799438477e+01
1.061818218231201172e+01
1.653507590293884277e+01
3.255271935462951660e+01
3.527889370918273926e+01
4.660736966133117676e+01
2.123184776306152344e+01
2.062940096855163574e+01
2.227763724327087402e+01
1.285700964927673340e+01
3.352142405509948730e+01
1.801776289939880371e+01
2.191772842407226562e+01
2.001361656188964844e+01
3.550776958465576172e+01
4.006695270538330078e+01
3.821723270416259766e+01
2.435160994529724121e+01
2.105143117904663086e+01
1.670735478401184082e+01
2.178364181518554688e+01
2.290131545066833496e+01
2.246637535095214844e+01
4.694872140884399414e+01
2.018192243576049805e+01
2.714339089393615723e+01
3.321336436271667480e+01
3.235592603683471680e+01
2.203287529945373535e+01
2.739591360092163086e+01
3.425332880020141602e+01
2.751759505271911621e+01
2.295999526977539062e+01
2.317855072021484375e+01
2.975894784927368164e+01
4.192581701278686523e+01
1.920770812034606934e+01
2.110338258743286133e+01
2.358047008514404297e+01
1.928732919692993164e+01
2.857387804985046387e+01
2.210821938514709473e+01
2.202545690536499023e+01
2.025278520584106445e+01
2.182589340209960938e+01
2.311981463432312012e+01
2.228566598892211914e+01
2.469614911079406738e+01
3.027617502212524414e+01
2.138372230529785156e+01
3.776180386543273926e+01
1.898432946205139160e+01
1.971435356140136719e+01
2.965916967391967773e+01
2.469770288467407227e+01
1.936932134628295898e+01
2.139921760559082031e+01
3.545250058174133301e+01
2.241986823081970215e+01
3.024078011512756348e+01
3.023443746566772461e+01
3.376337003707885742e+01
3.583926439285278320e+01
1.677616524696350098e+01
3.230123353004455566e+01
2.558798241615295410e+01
3.902033662796020508e+01
4.091020989418029785e+01
2.912474822998046875e+01
2.044787216186523438e+01
2.995746874809265137e+01
3.854039764404296875e+01
2.370533013343811035e+01
2.979121875762939453e+01
1.284974646568298340e+01
2.171436238288879395e+01
2.303737115859985352e+01
2.299997377395629883e+01
2.478693795204162598e+01
1.831935381889343262e+01
2.583200430870056152e+01
2.728093528747558594e+01
2.610159587860107422e+01
2.276487541198730469e+01
3.141655898094177246e+01
1.535330152511596680e+01
2.458256983757019043e+01
2.315855050086975098e+01
2.664276409149169922e+01
1.205105662345886230e+01
1.520258283615112305e+01
1.221479725837707520e+01
2.246721625328063965e+01
2.846095943450927734e+01
1.682914781570434570e+01
2.505420875549316406e+01
2.448382329940795898e+01
2.338638114929199219e+01
2.752000236511230469e+01
2.823190617561340332e+01
2.779380512237548828e+01
2.742204618453979492e+01
2.277429056167602539e+01
2.878386735916137695e+01
2.734260320663452148e+01
3.173440241813659668e+01
3.013447070121765137e+01
1.417324638366699219e+01
2.571534752845764160e+01
3.307628822326660156e+01
2.681058859825134277e+01
2.844947600364685059e+01
1.904378318786621094e+01
3.037588477134704590e+01
2.738069987297058105e+01
1.035634207725524902e+01
2.504564619064331055e+01
1.945606279373168945e+01
7.517962455749511719e+00
3.002907752990722656e+01
2.905389595031738281e+01
1.895621204376220703e+01
1.550973010063171387e+01
2.954763221740722656e+01
2.036790347099304199e+01
1.419240379333496094e+01
3.258625769615173340e+01
4.267684483528137207e+01
1.891786146163940430e+01
2.899186587333679199e+01
2.283971142768859863e+01
1.763355898857116699e+01
3.221827030181884766e+01
3.264838051795959473e+01
2.267473769187927246e+01
2.812636899948120117e+01
2.088365411758422852e+01
1.616036677360534668e+01
3.254035425186157227e+01
2.845670795440673828e+01
2.876445508003234863e+01
1.342353105545043945e+01
1.820862698554992676e+01
1.861652779579162598e+01
3.054977130889892578e+01
1.221866703033447266e+01
1.371697640419006348e+01
3.182607436180114746e+01
1.533702254295349121e+01
1.864883685111999512e+01
2.709644985198974609e+01
3.198887324333190918e+01
1.822166824340820312e+01
2.269321107864379883e+01
1.877869105339050293e+01
1.960079383850097656e+01
3.693927049636840820e+01
1.440774297714233398e+01
3.297936820983886719e+01
1.897519278526306152e+01
2.356988286972045898e+01
2.587371492385864258e+01
1.257261466979980469e+01
1.953572845458984375e+01
2.794442176818847656e+01
1.953012204170227051e+01
1.437977218627929688e+01
1.284106564521789551e+01
2.637429285049438477e+01
2.563345408439636230e+01
3.183072757720947266e+01
3.504078602790832520e+01
1.404607009887695312e+01
1.668862628936767578e+01
1.751639151573181152e+01
1.766753697395324707e+01
1.327126240730285645e+01
2.271134281158447266e+01
1.103219985961914062e+01
2.406082367897033691e+01
2.762733721733093262e+01
8.980764865875244141e+00
1.037389039993286133e+01
1.662674355506896973e+01
1.234447979927062988e+01
1.504665327072143555e+01
2.631603693962097168e+01
1.550859475135803223e+01
1.075973033905029297e+01
3.338342738151550293e+01
2.173643279075622559e+01
2.099125432968139648e+01
3.435951590538024902e+01
3.527973842620849609e+01
2.711050438880920410e+01
2.442923355102539062e+01
2.334758996963500977e+01
3.941819238662719727e+01
4.116597151756286621e+01
1.610132527351379395e+01
1.419123888015747070e+01
9.113880157470703125e+00
7.771505355834960938e+00
2.709752726554870605e+01
2.240245985984802246e+01
1.983075952529907227e+01
2.715387511253356934e+01
2.224916362762451172e+01
1.865982627868652344e+01
2.612216019630432129e+01
2.534478092193603516e+01
3.057813382148742676e+01
2.264236450195312500e+01
1.464595270156860352e+01
2.220959258079528809e+01
1.278913879394531250e+01
8.891206741333007812e+00
2.825732707977294922e+01
1.359573125839233398e+01
1.977189135551452637e+01
1.648084735870361328e+01
1.683895635604858398e+01
4.395013308525085449e+01
3.084455323219299316e+01
1.497098708152770996e+01
2.484047889709472656e+01
2.297064089775085449e+01
1.689627933502197266e+01
1.938335180282592773e+01
2.246058535575866699e+01
1.972164058685302734e+01
1.791590142250061035e+01
1.123442816734313965e+01
1.236557531356811523e+01
1.903859519958496094e+01
2.775366282463073730e+01
1.590911388397216797e+01
2.598550486564636230e+01
2.332932972908020020e+01
2.349380731582641602e+01
9.749249935150146484e+00
2.961058974266052246e+01
1.942556071281433105e+01
2.078155207633972168e+01
2.107576704025268555e+01
2.071475625038146973e+01
2.465234589576721191e+01
2.997170758247375488e+01
2.818512320518493652e+01
9.359482049942016602e+00
2.640355920791625977e+01
3.347340011596679688e+01
2.593888282775878906e+01
1.944714522361755371e+01
1.505938506126403809e+01
2.026367855072021484e+01
1.678267717361450195e+01
2.069778609275817871e+01
2.158763551712036133e+01
3.323410391807556152e+01
4.861326885223388672e+01
1.369525074958801270e+01
2.511590695381164551e+01
2.696335148811340332e+01
2.264169239997863770e+01
2.985898113250732422e+01
3.234758806228637695e+01
3.454944443702697754e+01
3.242288875579833984e+01
2.081220436096191406e+01
2.274792265892028809e+01
2.685770153999328613e+01
2.482733607292175293e+01
3.463923621177673340e+01
3.555215573310852051e+01
2.207499170303344727e+01
1.971981906890869141e+01
3.298635315895080566e+01
1.997476363182067871e+01
2.213021802902221680e+01
1.614590764045715332e+01
2.548707175254821777e+01
2.385816335678100586e+01
1.475525403022766113e+01
2.020460605621337891e+01
1.690461015701293945e+01
3.606217002868652344e+01
3.137946248054504395e+01
2.238309979438781738e+01
2.259735655784606934e+01
1.904296851158142090e+01
2.667754912376403809e+01
2.919220232963562012e+01
4.013268661499023438e+01
2.513808202743530273e+01
1.465348887443542480e+01
1.447701740264892578e+01
7.323747873306274414e+00
2.443957591056823730e+01
2.626173639297485352e+01
2.434399533271789551e+01
3.684786868095397949e+01
3.762748312950134277e+01
1.670763301849365234e+01
2.010224938392639160e+01
1.450721955299377441e+01
2.389713430404663086e+01
8.278543949127197266e+00
1.061796164512634277e+01
2.245381593704223633e+01
3.954466891288757324e+01
2.871929121017456055e+01
3.043634772300720215e+01
1.365694236755371094e+01
1.580171465873718262e+01
2.086438870429992676e+01
3.249202728271484375e+01
2.436782932281494141e+01
3.134315371513366699e+01
2.262989950180053711e+01
1.720449256896972656e+01
2.613913607597351074e+01
1.903317284584045410e+01
2.380877113342285156e+01
1.965425086021423340e+01
1.413077616691589355e+01
3.137944006919860840e+01
2.987437009811401367e+01
3.492202258110046387e+01
2.425443482398986816e+01
2.606519651412963867e+01
3.114448785781860352e+01
3.434056305885314941e+01
3.108815169334411621e+01
3.962808537483215332e+01
3.004019546508789062e+01
2.007572412490844727e+01
3.215960001945495605e+01
1.423477220535278320e+01
3.083576011657714844e+01
2.324666953086853027e+01
2.333791780471801758e+01
2.838476085662841797e+01
3.403885245323181152e+01
2.458245277404785156e+01
1.243528771400451660e+01
2.214467430114746094e+01
2.871210169792175293e+01
3.360565233230590820e+01
2.334159970283508301e+01
3.777403688430786133e+01
3.210822486877441406e+01
2.483014416694641113e+01
2.703848481178283691e+01
2.461172056198120117e+01
2.177239251136779785e+01
1.420321655273437500e+01
2.625715112686157227e+01
9.088974475860595703e+00
2.806027293205261230e+01
1.930390548706054688e+01
3.528595066070556641e+01
1.900349879264831543e+01
2.270288920402526855e+01
3.238458514213562012e+01
1.372383499145507812e+01
2.509969305992126465e+01
3.830789589881896973e+01
1.644953441619873047e+01
2.316137528419494629e+01
3.579366183280944824e+01
2.721043181419372559e+01
3.103883910179138184e+01
6.846050739288330078e+00
3.154728102684020996e+01
2.118341279029846191e+01
1.921097517013549805e+01
2.749677157402038574e+01
2.717112016677856445e+01
3.124367523193359375e+01
2.852249693870544434e+01
3.272666883468627930e+01
2.779014444351196289e+01
2.980960726737976074e+01
2.167045736312866211e+01
2.644250369071960449e+01
2.866424107551574707e+01
1.419838643074035645e+01
2.047555875778198242e+01
3.092769598960876465e+01
3.738178801536560059e+01
1.863600873947143555e+01
2.351384711265563965e+01
1.617639398574829102e+01
1.909679460525512695e+01
3.144340825080871582e+01
1.388636612892150879e+01
1.762182164192199707e+01
2.424314117431640625e+01
2.592407274246215820e+01
3.634851431846618652e+01
5.450487375259399414e+01
3.357040381431579590e+01
1.697867512702941895e+01
3.041098475456237793e+01
2.621289110183715820e+01
2.631949257850646973e+01
2.545992875099182129e+01
3.790063071250915527e+01
3.428302621841430664e+01
2.697497677803039551e+01
3.316799378395080566e+01
2.797707247734069824e+01
3.276882100105285645e+01
3.428196239471435547e+01
4.319014430046081543e+01
2.060805296897888184e+01
5.150174498558044434e+01
1.582316541671752930e+01
1.275685572624206543e+01
2.855931162834167480e+01
2.006291007995605469e+01
1.711917924880981445e+01
1.758353805541992188e+01
3.751313304901123047e+01
1.408110046386718750e+01
3.037801003456115723e+01
2.975228571891784668e+01
2.854611158370971680e+01
1.612562680244445801e+01
1.833941864967346191e+01
1.916231203079223633e+01
1.039645981788635254e+01
2.407934117317199707e+01
2.811648797988891602e+01
2.013006758689880371e+01
3.100461363792419434e+01
1.553498053550720215e+01
2.307066249847412109e+01
1.330562400817871094e+01
3.428900718688964844e+01
2.322578406333923340e+01
3.611288404464721680e+01
9.468256950378417969e+00
1.920910453796386719e+01
1.785264706611633301e+01
1.516427302360534668e+01
3.518192696571350098e+01
2.035759663581848145e+01
1.063066005706787109e+01
3.794071578979492188e+01
1.387873482704162598e+01
1.807232737541198730e+01
2.889328169822692871e+01
3.454404425621032715e+01
2.517287683486938477e+01
3.745641803741455078e+01
2.553458833694458008e+01
1.902147221565246582e+01
1.356635427474975586e+01
3.294299769401550293e+01
3.786107039451599121e+01
2.172187161445617676e+01
1.199616312980651855e+01
9.683055877685546875e+00
1.673223590850830078e+01
2.307033205032348633e+01
1.491029548645019531e+01
8.567302465438842773e+00
4.549623394012451172e+01
3.053016734123229980e+01
2.573920822143554688e+01
1.671191000938415527e+01
4.124946880340576172e+01
3.758162117004394531e+01
2.546080541610717773e+01
3.450635123252868652e+01
1.518564653396606445e+01
1.574898362159729004e+01
2.238787508010864258e+01
1.783623194694519043e+01
2.092238640785217285e+01
2.030759453773498535e+01
4.842447257041931152e+01
4.516332292556762695e+01
1.290009641647338867e+01
2.163222479820251465e+01
2.359914636611938477e+01
2.445324087142944336e+01
2.580774927139282227e+01
2.398901724815368652e+01
2.338148784637451172e+01
1.176058387756347656e+01
2.773088216781616211e+01
7.505921125411987305e+00
1.323537659645080566e+01
1.382828974723815918e+01
2.536813616752624512e+01
1.780051350593566895e+01
1.837824630737304688e+01
2.324366760253906250e+01
2.538073348999023438e+01
2.812651658058166504e+01
8.150445699691772461e+00
1.199830436706542969e+01
1.374253606796264648e+01
3.233402991294860840e+01
1.597573971748352051e+01
2.080277085304260254e+01
1.943077445030212402e+01
1.342231678962707520e+01
2.073352599143981934e+01
1.686115169525146484e+01
5.991446018218994141e+00
1.170589423179626465e+01
9.824798583984375000e+00
2.286772608757019043e+01
2.006568455696105957e+01
1.133967685699462891e+01
1.779678416252136230e+01
1.562718343734741211e+01
1.758608460426330566e+01
1.939762973785400391e+01
2.199441909790039062e+01
1.068187046051025391e+01
1.634019398689270020e+01
1.650070476531982422e+01
1.530163526535034180e+01
1.953157019615173340e+01
1.273681735992431641e+01
2.373456215858459473e+01
2.366560173034667969e+01
4.026363968849182129e+01
3.333102941513061523e+01
1.588275837898254395e+01
1.585485553741455078e+01
3.237364482879638672e+01
3.184739446640014648e+01
2.084234094619750977e+01
1.273385810852050781e+01
1.352284693717956543e+01
1.100401902198791504e+01
2.545104908943176270e+01
1.547360968589782715e+01
2.654499220848083496e+01
1.792783856391906738e+01
2.426347613334655762e+01
3.704849648475646973e+01
2.507140278816223145e+01
1.471972012519836426e+01
9.357788801193237305e+00
1.544737458229064941e+01
1.631275391578674316e+01
1.921176838874816895e+01
1.965104413032531738e+01
1.665171909332275391e+01
1.878859424591064453e+01
3.728896188735961914e+01
4.573195552825927734e+01
1.359077000617980957e+01
1.953675198554992676e+01
1.966243767738342285e+01
2.958312320709228516e+01
1.965976619720458984e+01
2.321421098709106445e+01
2.698644042015075684e+01
2.302100300788879395e+01
2.060425734519958496e+01
2.563421416282653809e+01
1.280166745185852051e+01
2.054921579360961914e+01
1.642061209678649902e+01
3.060910916328430176e+01
1.589331054687500000e+01
2.705956697463989258e+01
2.602333879470825195e+01
1.970168185234069824e+01
1.073599600791931152e+01
1.925993514060974121e+01
1.681511521339416504e+01
1.669664502143859863e+01
1.812139964103698730e+01
1.792140316963195801e+01
3.014581561088562012e+01
2.222941827774047852e+01
2.054557061195373535e+01
1.863524460792541504e+01
1.681351113319396973e+01
2.318536186218261719e+01
2.670873594284057617e+01
1.804154658317565918e+01
2.321068549156188965e+01
2.170474839210510254e+01
2.933137536048889160e+01
2.902929019927978516e+01
2.032657527923583984e+01
2.021092653274536133e+01
2.318619227409362793e+01
1.440824222564697266e+01
2.294554829597473145e+01
2.698379039764404297e+01
1.828691482543945312e+01
2.378024363517761230e+01
2.459048652648925781e+01
1.848238134384155273e+01
1.328394770622253418e+01
3.654036140441894531e+01
1.846880936622619629e+01
2.426328134536743164e+01
2.266561245918273926e+01
2.816670107841491699e+01
1.435331559181213379e+01
1.404190087318420410e+01
1.589708638191223145e+01
1.802949953079223633e+01
2.384842610359191895e+01
2.316887831687927246e+01
3.518578290939331055e+01
4.803102374076843262e+01
3.058835506439208984e+01
1.742922782897949219e+01
2.093362808227539062e+01
4.249044847488403320e+01
2.852075695991516113e+01
1.953868126869201660e+01
4.938696575164794922e+01
2.458092880249023438e+01
2.767742371559143066e+01
4.139100909233093262e+01
2.105824947357177734e+01
2.689734077453613281e+01
2.119332265853881836e+01
2.852316379547119141e+01
2.536215877532958984e+01
1.980814838409423828e+01
2.438507270812988281e+01
1.784367156028747559e+01
2.713506984710693359e+01
1.643062829971313477e+01
2.171439123153686523e+01
1.873044252395629883e+01
2.209068441390991211e+01
2.242905092239379883e+01
2.610655379295349121e+01
1.926416420936584473e+01
2.496454238891601562e+01
2.284165334701538086e+01
3.354959678649902344e+01
2.763339996337890625e+01
1.193035864830017090e+01
2.953762865066528320e+01
1.231548070907592773e+01
2.549182462692260742e+01
2.536292290687561035e+01
1.634757542610168457e+01
2.463190054893493652e+01
1.443670606613159180e+01
3.042955589294433594e+01
2.166351366043090820e+01
2.207970142364501953e+01
1.834333276748657227e+01
2.526684355735778809e+01
1.986827468872070312e+01
2.004642438888549805e+01
2.175445342063903809e+01
3.734300136566162109e+01
3.170681524276733398e+01
2.247695922851562500e+01
2.096846055984497070e+01
1.123423695564270020e+01
3.787161254882812500e+01
2.376180386543273926e+01
2.575334048271179199e+01
2.554268932342529297e+01
3.817446684837341309e+01
1.372464156150817871e+01
1.002812647819519043e+01
2.890879154205322266e+01
1.466514134407043457e+01
3.176538157463073730e+01
1.228447937965393066e+01
2.907884669303894043e+01
3.130397748947143555e+01
1.516615080833435059e+01
1.605068445205688477e+01
2.918622803688049316e+01
4.157263588905334473e+01
2.213156414031982422e+01
1.873862409591674805e+01
1.972429323196411133e+01
2.795619702339172363e+01
2.844880747795104980e+01
1.669277381896972656e+01
4.592005872726440430e+01
3.391173195838928223e+01
2.150371217727661133e+01
1.628933668136596680e+01
2.116620945930480957e+01
1.958779859542846680e+01
1.288172388076782227e+01
2.153153538703918457e+01
1.461406087875366211e+01
3.880178022384643555e+01
2.353592658042907715e+01
1.689928460121154785e+01
2.846596312522888184e+01
2.472282457351684570e+01
1.509043431282043457e+01
1.748757886886596680e+01
3.390268301963806152e+01
1.594742202758789062e+01
2.150090074539184570e+01
2.415437316894531250e+01
1.899386024475097656e+01
3.719188213348388672e+01
1.967741680145263672e+01
1.729570460319519043e+01
1.904589176177978516e+01
3.036547875404357910e+01
3.862491893768310547e+01
1.561502695083618164e+01
2.021208071708679199e+01
2.986186122894287109e+01
1.383732342720031738e+01
2.208889555931091309e+01
2.115883040428161621e+01
2.268904185295104980e+01
3.409704661369323730e+01
5.775143456459045410e+01
2.191169524192810059e+01
2.986073851585388184e+01
1.881087923049926758e+01
1.974703693389892578e+01
2.377231931686401367e+01
2.221841597557067871e+01
1.838577365875244141e+01
2.010242772102355957e+01
1.701794648170471191e+01
2.226713466644287109e+01
1.198336601257324219e+01
2.059767055511474609e+01
2.074422001838684082e+01
2.203955197334289551e+01
1.884144091606140137e+01
2.136310410499572754e+01
1.964829969406127930e+01
1.415360093116760254e+01
2.168821024894714355e+01
3.794750761985778809e+01
2.578064131736755371e+01
1.888985896110534668e+01
2.576465606689453125e+01
1.579670000076293945e+01
2.195129585266113281e+01
2.675674796104431152e+01
2.649924874305725098e+01
2.308753323554992676e+01
2.514871764183044434e+01
2.689524674415588379e+01
1.807837367057800293e+01
2.667209792137145996e+01
2.285811519622802734e+01
1.155678296089172363e+01
2.813521933555603027e+01
1.643757653236389160e+01
1.145523333549499512e+01
3.370322895050048828e+01
2.080729079246520996e+01
2.254098081588745117e+01
2.461735773086547852e+01
2.500392055511474609e+01
2.139794349670410156e+01
1.415179300308227539e+01
1.053046894073486328e+01
2.606100082397460938e+01
2.196357107162475586e+01
1.681397747993469238e+01
2.068848490715026855e+01
3.202393460273742676e+01
2.272320199012756348e+01
2.997760152816772461e+01
4.331954193115234375e+01
2.408785080909729004e+01
2.563801550865173340e+01
1.336567854881286621e+01
1.996023011207580566e+01
2.058460760116577148e+01
1.186060857772827148e+01
2.174490547180175781e+01
2.210101842880249023e+01
3.079177522659301758e+01
1.761104512214660645e+01
2.559385180473327637e+01
2.905618453025817871e+01
1.925136160850524902e+01
1.646805572509765625e+01
4.001223468780517578e+01
2.925135159492492676e+01
1.801218771934509277e+01
3.894162106513977051e+01
3.117066645622253418e+01
2.990833187103271484e+01
4.964003467559814453e+01
1.085576057434082031e+01
2.345599842071533203e+01
2.545824027061462402e+01
2.134444212913513184e+01
1.923645186424255371e+01
2.781914830207824707e+01
1.471170568466186523e+01
1.175748658180236816e+01
2.387669849395751953e+01
1.933667945861816406e+01
2.450260686874389648e+01
1.349442458152770996e+01
1.566520881652832031e+01
3.511545968055725098e+01
1.182099056243896484e+01
2.139272856712341309e+01
2.302419328689575195e+01
2.057887816429138184e+01
1.735266852378845215e+01
3.609512758255004883e+01
3.754645252227783203e+01
2.434035968780517578e+01
2.996825695037841797e+01
1.704649901390075684e+01
1.213003063201904297e+01
1.846973681449890137e+01
1.768321132659912109e+01
2.942417907714843750e+01
2.792798686027526855e+01
1.918298459053039551e+01
2.390417504310607910e+01
2.781888294219970703e+01
3.333784961700439453e+01
1.326600193977355957e+01
1.186485600471496582e+01
3.218721556663513184e+01
1.781781291961669922e+01
1.759575843811035156e+01
2.550499367713928223e+01
2.509568858146667480e+01
2.449657797813415527e+01
1.452591300010681152e+01
1.131639599800109863e+01
1.664257073402404785e+01
2.236403918266296387e+01
3.710382843017578125e+01
2.096502566337585449e+01
2.454562711715698242e+01
1.160270404815673828e+01
2.126667094230651855e+01
2.029226040840148926e+01
1.953853845596313477e+01
1.729231023788452148e+01
1.420733880996704102e+01
1.656732511520385742e+01
2.245312237739562988e+01
1.353639578819274902e+01
2.194500708580017090e+01
2.459356927871704102e+01
1.579589462280273438e+01
4.010588216781616211e+01
1.604218721389770508e+01
2.100194787979125977e+01
1.582057642936706543e+01
3.486168599128723145e+01
1.591594767570495605e+01
4.271505045890808105e+01
2.132577013969421387e+01
2.026919484138488770e+01
1.612988519668579102e+01
1.875814342498779297e+01
1.440968036651611328e+01
1.884473729133605957e+01
2.073555207252502441e+01
1.721878099441528320e+01
9.892721891403198242e+00
2.580731081962585449e+01
1.925448131561279297e+01
2.957862496376037598e+01
9.960447072982788086e+00
2.186653494834899902e+01
2.146120929718017578e+01
1.906246280670166016e+01
1.555889177322387695e+01
1.206799578666687012e+01
2.708226704597473145e+01
1.604804134368896484e+01
2.238818907737731934e+01
1.880143046379089355e+01
2.295704078674316406e+01
1.787847208976745605e+01
1.725992989540100098e+01
2.569033408164978027e+01
1.405517101287841797e+01
1.258111095428466797e+01
1.443706679344177246e+01
1.934258842468261719e+01
3.287955617904663086e+01
7.272363185882568359e+00
1.328457832336425781e+01
1.297048330307006836e+01
1.300124669075012207e+01
2.162541818618774414e+01
1.167927765846252441e+01
1.796235942840576172e+01
1.393696117401123047e+01
1.668597650527954102e+01
3.921558761596679688e+01
1.929937958717346191e+01
1.548495340347290039e+01
2.570334553718566895e+01
1.325698518753051758e+01
2.383108735084533691e+01
2.305625295639038086e+01
2.457383656501770020e+01
6.643454074859619141e+00
2.838373732566833496e+01
1.409781169891357422e+01
2.961257362365722656e+01
1.957840681076049805e+01
2.385066318511962891e+01
2.132456707954406738e+01
1.984155750274658203e+01
2.198595309257507324e+01
1.658002781867980957e+01
2.049612545967102051e+01
2.485713672637939453e+01
2.018438315391540527e+01
2.337685179710388184e+01
2.033984851837158203e+01
1.280853605270385742e+01
3.168581748008728027e+01
1.963180732727050781e+01
2.006130647659301758e+01
2.190965890884399414e+01
2.311134386062622070e+01
1.613726782798767090e+01
2.012973332405090332e+01
2.937569046020507812e+01
1.983880209922790527e+01
2.073669004440307617e+01
1.698752117156982422e+01
1.997974419593811035e+01
2.475965881347656250e+01
6.764383554458618164e+00
1.093394446372985840e+01
3.427564835548400879e+01
8.647632598876953125e+00
2.666878914833068848e+01
9.253423452377319336e+00
1.817329859733581543e+01
2.816577434539794922e+01
2.788113355636596680e+01
1.712342166900634766e+01
1.391872930526733398e+01
1.666353845596313477e+01
7.694686889648437500e+00
2.173488664627075195e+01
9.465206861495971680e+00
3.292842388153076172e+01
8.589596986770629883e+00
4.241845464706420898e+01
2.064167737960815430e+01
2.315462517738342285e+01
2.916005969047546387e+01
9.603856801986694336e+00
2.847437143325805664e+01
1.458845067024230957e+01
3.072699022293090820e+01
1.326238608360290527e+01
1.197151923179626465e+01
1.796777224540710449e+01
1.168210482597351074e+01
3.430535435676574707e+01
1.662529945373535156e+01
1.720147943496704102e+01
1.886444306373596191e+01
1.793928313255310059e+01
2.695404338836669922e+01
1.793532133102416992e+01
3.137720394134521484e+01
2.092432546615600586e+01
2.093483924865722656e+01
1.828331971168518066e+01
1.718961429595947266e+01
1.879502677917480469e+01
2.283861136436462402e+01
1.446376037597656250e+01
1.377756905555725098e+01
1.520777177810668945e+01
2.242946386337280273e+01
1.683106398582458496e+01
2.692232418060302734e+01
1.844805145263671875e+01
1.414027261734008789e+01
1.626725769042968750e+01
2.296165895462036133e+01
3.416898107528686523e+01
3.073063349723815918e+01
1.845706009864807129e+01
1.987966084480285645e+01
1.334895348548889160e+01
1.715081381797790527e+01
9.402809143066406250e+00
8.718841314315795898e+00
1.130654549598693848e+01
1.336647272109985352e+01
1.105226922035217285e+01
1.113781738281250000e+01
1.093553709983825684e+01
2.169097208976745605e+01
2.245381140708923340e+01
1.807611060142517090e+01
2.664955902099609375e+01
1.061254644393920898e+01
1.896101021766662598e+01
2.125129532814025879e+01
2.617614555358886719e+01
9.577043533325195312e+00
1.471476674079895020e+01
1.567341089248657227e+01
1.289054036140441895e+01
1.729729294776916504e+01
2.150509047508239746e+01
1.372021961212158203e+01
1.270094752311706543e+01
2.013445043563842773e+01
1.649242687225341797e+01
2.284911727905273438e+01
7.069039583206176758e+00
1.310728144645690918e+01
1.527273392677307129e+01
7.909377098083496094e+00
1.541301441192626953e+01
1.566501092910766602e+01
1.027223515510559082e+01
1.307362651824951172e+01
8.533964872360229492e+00
2.651396942138671875e+01
1.173041510581970215e+01
3.281928634643554688e+01
2.590677046775817871e+01
1.441631436347961426e+01
1.541982173919677734e+01
1.177298045158386230e+01
1.625834751129150391e+01
2.988395595550537109e+01
1.394025969505310059e+01
1.207129859924316406e+01
1.544188404083251953e+01
1.685184359550476074e+01
1.872888946533203125e+01
9.563664436340332031e+00
2.276107048988342285e+01
7.346495151519775391e+00
1.637445974349975586e+01
1.010808229446411133e+01
1.900650024414062500e+01
9.383140325546264648e+00
1.333465766906738281e+01
2.412023639678955078e+01
2.579334998130798340e+01
1.872645068168640137e+01
1.414126300811767578e+01
1.121709918975830078e+01
3.476211118698120117e+01
2.322011399269104004e+01
1.981029057502746582e+01
1.447232627868652344e+01
1.943094778060913086e+01
1.552383351325988770e+01
3.503071141242980957e+01
1.952700519561767578e+01
2.131277394294738770e+01
1.411031675338745117e+01
2.567585206031799316e+01
2.567782592773437500e+01
1.560300564765930176e+01
1.157550573348999023e+01
1.230221819877624512e+01
2.084164452552795410e+01
2.607085251808166504e+01
2.643379712104797363e+01
3.141580629348754883e+01
1.269204068183898926e+01
2.488373517990112305e+01
1.356134629249572754e+01
2.186768555641174316e+01
2.310354781150817871e+01
1.994471716880798340e+01
1.917742133140563965e+01
1.765517187118530273e+01
2.576894569396972656e+01
2.180162358283996582e+01
8.740342140197753906e+00
1.384492158889770508e+01
2.162291812896728516e+01
2.165081048011779785e+01
1.975308632850646973e+01
3.174068164825439453e+01
3.394693279266357422e+01
1.638810658454895020e+01
2.029866528511047363e+01
1.701224184036254883e+01
1.733570504188537598e+01
3.719611835479736328e+01
2.217376041412353516e+01
1.807832860946655273e+01
1.827798581123352051e+01
2.893639850616455078e+01
2.094889545440673828e+01
2.691432332992553711e+01
2.331129670143127441e+01
1.589451169967651367e+01
2.565590953826904297e+01
1.370152187347412109e+01
1.464735007286071777e+01
1.817411661148071289e+01
2.367698574066162109e+01
1.927130842208862305e+01
2.442308831214904785e+01
2.407803964614868164e+01
1.112910103797912598e+01
3.014546632766723633e+01
2.274042892456054688e+01
3.654625654220581055e+01
1.472474598884582520e+01
1.362458133697509766e+01
2.061460185050964355e+01
1.699784898757934570e+01
2.916670250892639160e+01
1.881205773353576660e+01
3.038275027275085449e+01
2.463975834846496582e+01
3.606383967399597168e+01
2.956719303131103516e+01
2.177415013313293457e+01
2.084447813034057617e+01
2.721007561683654785e+01
1.847079443931579590e+01
1.834163475036621094e+01
2.240715742111206055e+01
1.413207817077636719e+01
2.819960474967956543e+01
2.462836360931396484e+01
2.768490600585937500e+01
3.309221696853637695e+01
1.515058898925781250e+01
1.319739389419555664e+01
1.799442958831787109e+01
2.808637881278991699e+01
1.493649864196777344e+01
1.649174618721008301e+01
1.659508395195007324e+01
2.964074254035949707e+01
1.212102174758911133e+01
1.655188536643981934e+01
2.820342278480529785e+01
1.161443758010864258e+01
2.046880292892456055e+01
2.375540804862976074e+01
2.118523907661437988e+01
1.841172313690185547e+01
1.019945192337036133e+01
2.136440992355346680e+01
1.184295415878295898e+01
3.306857109069824219e+01
3.323548150062561035e+01
3.502171158790588379e+01
2.013195824623107910e+01
1.729067158699035645e+01
2.060146045684814453e+01
2.012307786941528320e+01
3.071053743362426758e+01
1.382478451728820801e+01
2.649748396873474121e+01
3.260310983657836914e+01
3.768761992454528809e+01
1.967060279846191406e+01
3.390794992446899414e+01
4.206858897209167480e+01
1.924837327003479004e+01
1.707210206985473633e+01
2.345383381843566895e+01
3.536149787902832031e+01
2.917819666862487793e+01
3.033217048645019531e+01
3.632912206649780273e+01
1.609037423133850098e+01
1.969841885566711426e+01
1.880147504806518555e+01
3.787662577629089355e+01
3.252726030349731445e+01
1.377793478965759277e+01
2.712848734855651855e+01
9.132709741592407227e+00
2.174533343315124512e+01
1.732598662376403809e+01
1.826544857025146484e+01
1.950794172286987305e+01
1.013379216194152832e+01
1.662238454818725586e+01
1.547487950325012207e+01
1.649295139312744141e+01
2.913225030899047852e+01
1.861270666122436523e+01
3.323994112014770508e+01
1.448649191856384277e+01
2.665198135375976562e+01
2.909057092666625977e+01
2.397249031066894531e+01
1.288886213302612305e+01
1.532165884971618652e+01
3.838689494132995605e+01
4.235281944274902344e+01
2.979712224006652832e+01
2.627163195610046387e+01
3.612647581100463867e+01
1.671589612960815430e+01
2.942777943611145020e+01
2.493313407897949219e+01
6.380702018737792969e+00
2.979424095153808594e+01
2.925825667381286621e+01
3.001119375228881836e+01
2.141690111160278320e+01
1.492331123352050781e+01
8.148285150527954102e+00
1.547689199447631836e+01
2.688588237762451172e+01
2.163783621788024902e+01
1.555725932121276855e+01
1.458099126815795898e+01
1.857944154739379883e+01
1.694742226600646973e+01
1.619053840637207031e+01
1.810237884521484375e+01
2.347500658035278320e+01
2.719058132171630859e+01
3.411687755584716797e+01
2.285484194755554199e+01
2.151604104042053223e+01
1.884086275100708008e+01
2.596970820426940918e+01
3.386519265174865723e+01
2.015859413146972656e+01
1.907505655288696289e+01
2.191237878799438477e+01
2.354090499877929688e+01
2.527686715126037598e+01
2.000171756744384766e+01
1.494850087165832520e+01
2.877925133705139160e+01
1.539455318450927734e+01
