1.376179957389831543e+01
1.760737133026123047e+01
1.206856131553649902e+01
1.834116458892822266e+01
2.374266624450683594e+01
1.122897458076477051e+01
2.034760475158691406e+01
1.261937785148620605e+01
1.744862961769104004e+01
1.972685098648071289e+01
2.587944436073303223e+01
2.027762174606323242e+01
2.951166749000549316e+01
1.280389499664306641e+01
1.584439635276794434e+01
1.018783068656921387e+01
2.719183135032653809e+01
6.747316837310791016e+00
1.027801108360290527e+01
2.005565977096557617e+01
1.489530634880065918e+01
2.280027079582214355e+01
1.460105800628662109e+01
3.079376578330993652e+01
2.042802906036376953e+01
1.039413118362426758e+01
2.965044021606445312e+01
1.569736027717590332e+01
3.881644654273986816e+01
2.395928955078125000e+01
1.227764773368835449e+01
1.986443948745727539e+01
2.700603890419006348e+01
1.604058527946472168e+01
9.841403722763061523e+00
2.582826662063598633e+01
1.719746780395507812e+01
1.336083674430847168e+01
1.633773398399353027e+01
2.556781935691833496e+01
1.975135588645935059e+01
2.221518349647521973e+01
7.587427854537963867e+00
2.007822799682617188e+01
1.485004496574401855e+01
1.656951618194580078e+01
3.777925705909729004e+01
3.577328848838806152e+01
2.070664405822753906e+01
2.315316462516784668e+01
1.908106422424316406e+01
1.790998101234436035e+01
1.783428049087524414e+01
1.202122497558593750e+01
2.389305400848388672e+01
2.187902617454528809e+01
2.634829950332641602e+01
2.522752952575683594e+01
3.111475253105163574e+01
1.780857610702514648e+01
2.123753595352172852e+01
2.315066218376159668e+01
3.598059606552124023e+01
2.955992484092712402e+01
2.011514186859130859e+01
2.943014359474182129e+01
3.385594773292541504e+01
3.322890043258666992e+01
2.453821396827697754e+01
2.934981656074523926e+01
3.281958627700805664e+01
2.334462356567382812e+01
3.492651534080505371e+01
2.911286234855651855e+01
3.543167233467102051e+01
2.956402802467346191e+01
3.142155814170837402e+01
2.191551113128662109e+01
3.426523399353027344e+01
1.961549401283264160e+01
2.371907401084899902e+01
3.210982394218444824e+01
2.720466375350952148e+01
5.007851171493530273e+01
4.219833016395568848e+01
1.910428166389465332e+01
1.872535753250122070e+01
3.255204463005065918e+01
2.997867822647094727e+01
4.501787304878234863e+01
3.321644401550292969e+01
1.683653545379638672e+01
3.978103542327880859e+01
3.318796300888061523e+01
1.600841760635375977e+01
2.316837072372436523e+01
3.393927836418151855e+01
1.504600238800048828e+01
2.932806706428527832e+01
3.935125207901000977e+01
2.315169215202331543e+01
1.345233225822448730e+01
4.017861938476562500e+01
4.630270147323608398e+01
2.339943981170654297e+01
2.293773365020751953e+01
2.228912949562072754e+01
2.877734804153442383e+01
6.292902469635009766e+00
4.254632902145385742e+01
2.356651210784912109e+01
4.511717677116394043e+01
1.539553356170654297e+01
2.087546682357788086e+01
2.231383752822875977e+01
2.839266610145568848e+01
3.244568800926208496e+01
1.025519585609436035e+01
5.027239370346069336e+01
1.852231359481811523e+01
2.048996329307556152e+01
3.725096654891967773e+01
1.023992943763732910e+01
3.027275705337524414e+01
4.565772867202758789e+01
3.005307364463806152e+01
2.220261716842651367e+01
1.380774784088134766e+01
2.601062989234924316e+01
4.060042428970336914e+01
3.375224280357360840e+01
3.268831729888916016e+01
3.688658547401428223e+01
6.494810104370117188e+00
2.255597496032714844e+01
3.002947974205017090e+01
3.742260766029357910e+01
2.176062202453613281e+01
3.188170242309570312e+01
2.908665680885314941e+01
1.450817537307739258e+01
2.180070900917053223e+01
3.261692762374877930e+01
3.594478058815002441e+01
5.487739729881286621e+01
2.464639306068420410e+01
3.243027567863464355e+01
1.644784021377563477e+01
3.018134689331054688e+01
2.777991843223571777e+01
3.464027762413024902e+01
2.367535519599914551e+01
4.704055309295654297e+01
2.132526063919067383e+01
1.614950370788574219e+01
5.911648511886596680e+01
3.409320902824401855e+01
2.279745674133300781e+01
2.822215962409973145e+01
9.218026876449584961e+00
5.363915443420410156e+01
3.001711106300354004e+01
1.676092362403869629e+01
2.944639992713928223e+01
4.846641492843627930e+01
2.887408304214477539e+01
1.127627110481262207e+01
2.959652972221374512e+01
1.118092131614685059e+01
1.396722006797790527e+01
4.811608648300170898e+01
3.314197015762329102e+01
3.924908113479614258e+01
2.146893453598022461e+01
3.150153112411499023e+01
4.271482920646667480e+01
5.668184065818786621e+01
1.304701018333435059e+01
2.897389888763427734e+00
2.202411842346191406e+01
1.737581944465637207e+01
2.838189530372619629e+01
3.066693830490112305e+01
2.318359589576721191e+01
3.121128129959106445e+01
3.377264332771301270e+01
2.456731963157653809e+01
2.155178689956665039e+01
4.434697675704956055e+01
2.081818890571594238e+01
1.932005238533020020e+01
3.481482887268066406e+01
2.445004987716674805e+01
5.051138162612915039e+01
3.185315775871276855e+01
6.396167302131652832e+01
1.301582551002502441e+01
2.418886518478393555e+01
1.978101062774658203e+01
1.703569078445434570e+01
2.576223659515380859e+01
4.009837102890014648e+01
3.721960687637329102e+01
2.259308004379272461e+01
2.757577800750732422e+01
2.300472450256347656e+01
3.210412359237670898e+01
2.211087703704833984e+01
2.729823231697082520e+01
1.319280886650085449e+01
1.848199272155761719e+01
1.822297310829162598e+01
1.687702894210815430e+01
2.639519286155700684e+01
3.201063418388366699e+01
2.427396154403686523e+01
3.300227308273315430e+01
2.612547612190246582e+01
3.566433429718017578e+01
3.063776850700378418e+01
1.929378128051757812e+01
2.680235433578491211e+01
3.090663862228393555e+01
3.022436904907226562e+01
5.183371639251708984e+01
4.174429249763488770e+01
2.605807924270629883e+01
2.743144130706787109e+01
3.208149838447570801e+01
2.312801694869995117e+01
1.557616281509399414e+01
2.380579328536987305e+01
2.423221707344055176e+01
3.877717971801757812e+01
3.709943294525146484e+01
3.600522327423095703e+01
3.242394876480102539e+01
1.959861159324645996e+01
2.932357454299926758e+01
1.823749041557312012e+01
4.447696328163146973e+01
3.900688982009887695e+01
3.836105155944824219e+01
2.978873038291931152e+01
2.258923363685607910e+01
5.204903006553649902e+01
2.681512117385864258e+01
2.651169562339782715e+01
2.649369168281555176e+01
2.824392294883728027e+01
2.717403697967529297e+01
6.275788307189941406e+01
3.641122007369995117e+01
2.514906263351440430e+01
2.872491025924682617e+01
3.998928785324096680e+01
2.500056099891662598e+01
3.754353761672973633e+01
2.465423274040222168e+01
3.421764445304870605e+01
1.006982707977294922e+01
2.430736899375915527e+01
3.182247376441955566e+01
3.943224024772644043e+01
2.859584212303161621e+01
5.773627972602844238e+01
1.963237452507019043e+01
2.791039729118347168e+01
3.889221334457397461e+01
1.416681933403015137e+01
2.438877415657043457e+01
3.595506501197814941e+01
3.008989095687866211e+01
3.097659659385681152e+01
3.343688368797302246e+01
2.491486573219299316e+01
9.015551567077636719e+00
1.684342122077941895e+01
4.208865642547607422e+01
3.047989296913146973e+01
2.883822321891784668e+01
2.606596589088439941e+01
2.892021250724792480e+01
3.756490755081176758e+01
3.647505164146423340e+01
3.030058741569519043e+01
1.298682785034179688e+01
2.081975412368774414e+01
2.339465498924255371e+01
3.133934736251831055e+01
4.510449934005737305e+01
2.922921347618103027e+01
4.130932211875915527e+01
3.814209127426147461e+01
3.933230352401733398e+01
3.230664968490600586e+01
3.647417664527893066e+01
1.752681136131286621e+01
3.655043244361877441e+01
2.777055501937866211e+01
3.995905613899230957e+01
3.224996900558471680e+01
1.276926970481872559e+01
7.777510404586791992e+00
1.873238205909729004e+01
3.167426300048828125e+01
1.733056354522705078e+01
9.181884050369262695e+00
1.766541886329650879e+01
2.020334720611572266e+01
1.282159662246704102e+01
2.584033250808715820e+01
1.673967361450195312e+01
1.621543955802917480e+01
3.421165990829467773e+01
2.226758861541748047e+01
2.003936028480529785e+01
3.109266519546508789e+01
1.170105862617492676e+01
3.692126488685607910e+01
1.261676836013793945e+01
1.420096445083618164e+01
2.558314228057861328e+01
4.935366225242614746e+01
2.493900895118713379e+01
1.407645583152770996e+01
4.272636938095092773e+01
2.659872627258300781e+01
3.356580519676208496e+01
2.484575271606445312e+01
2.213713359832763672e+01
8.167646646499633789e+00
4.447760510444641113e+01
2.790430665016174316e+01
4.569249844551086426e+01
1.351503324508666992e+01
3.403840279579162598e+01
3.519589352607727051e+01
4.053527164459228516e+01
2.527724575996398926e+01
2.474835252761840820e+01
2.160512208938598633e+01
1.895405888557434082e+01
3.208952331542968750e+01
5.726787328720092773e+00
2.033627533912658691e+01
3.605181455612182617e+01
2.095649027824401855e+01
2.144342041015625000e+01
1.202602362632751465e+01
2.167491650581359863e+01
8.675628662109375000e+00
3.621686720848083496e+01
2.459380960464477539e+01
1.664054536819458008e+01
2.857408595085144043e+01
2.862135267257690430e+01
2.673703241348266602e+01
2.028745841979980469e+01
1.878501796722412109e+01
2.680801892280578613e+01
4.784517788887023926e+01
1.362625455856323242e+01
3.569976830482482910e+01
3.175551700592041016e+01
3.241059422492980957e+01
4.798746728897094727e+01
3.314226698875427246e+01
2.045368456840515137e+01
2.169816946983337402e+01
2.226569032669067383e+01
2.781877732276916504e+01
1.875129413604736328e+01
2.902648949623107910e+01
2.007552695274353027e+01
2.762453699111938477e+01
1.891102051734924316e+01
2.813695311546325684e+01
2.350628161430358887e+01
3.649502682685852051e+01
3.079405641555786133e+01
2.548891735076904297e+01
3.683105587959289551e+01
2.602342677116394043e+01
1.016185498237609863e+01
2.858881974220275879e+01
1.901416492462158203e+01
2.198732495307922363e+01
1.526136589050292969e+01
1.222031497955322266e+01
3.852482080459594727e+01
3.412538647651672363e+01
3.350886511802673340e+01
8.266282081604003906e+00
2.521213221549987793e+01
2.885030770301818848e+01
3.260376262664794922e+01
1.340712285041809082e+01
1.891581249237060547e+01
1.945173740386962891e+01
5.553471326828002930e+01
2.453827166557312012e+01
8.312944889068603516e+00
3.666140675544738770e+01
2.534472060203552246e+01
1.242012119293212891e+01
1.807091927528381348e+01
4.171548032760620117e+01
2.383207416534423828e+01
4.200993895530700684e+01
7.325490713119506836e+00
2.087431263923645020e+01
2.568420696258544922e+01
2.422538447380065918e+01
1.942335319519042969e+01
2.068907833099365234e+01
1.026263117790222168e+01
2.971979308128356934e+01
4.585947799682617188e+01
2.701307392120361328e+01
3.521330595016479492e+00
4.138922119140625000e+01
1.156330323219299316e+01
1.820987772941589355e+01
2.074919891357421875e+01
2.109326124191284180e+01
3.370200800895690918e+01
1.980291080474853516e+01
2.865937900543212891e+01
2.642237567901611328e+01
3.209825944900512695e+01
1.831331348419189453e+01
2.759165883064270020e+01
3.771540880203247070e+01
1.444518637657165527e+01
2.194866609573364258e+01
3.389917325973510742e+01
2.399742984771728516e+01
3.926134324073791504e+01
2.725302195549011230e+01
2.763275599479675293e+01
2.047335457801818848e+01
2.563413810729980469e+01
1.489033174514770508e+01
2.735356187820434570e+01
4.020544195175170898e+01
1.769967675209045410e+01
4.785345673561096191e+01
2.552837634086608887e+01
2.758876132965087891e+01
2.617634415626525879e+01
2.492507147789001465e+01
2.743651676177978516e+01
7.901949882507324219e+00
2.271534061431884766e+01
2.057758951187133789e+01
1.871045041084289551e+01
2.321542310714721680e+01
2.403687500953674316e+01
3.286706447601318359e+01
2.315480756759643555e+01
2.426837873458862305e+01
2.487857055664062500e+01
1.541830372810363770e+01
2.220894670486450195e+01
1.839336180686950684e+01
2.453469896316528320e+01
2.788674831390380859e+01
1.158283567428588867e+01
1.279483008384704590e+01
2.339133548736572266e+01
9.861287355422973633e+00
1.894776344299316406e+01
4.643574023246765137e+01
1.043993687629699707e+01
2.581908226013183594e+01
3.709191012382507324e+01
1.773103904724121094e+01
4.473849296569824219e+00
2.137561345100402832e+01
1.432867884635925293e+01
2.536223363876342773e+01
1.249244451522827148e+01
5.324177980422973633e+00
1.324706172943115234e+01
2.272325849533081055e+01
3.965052318572998047e+01
2.011576104164123535e+01
2.471147799491882324e+01
1.831660318374633789e+01
2.339459705352783203e+01
1.417059659957885742e+01
6.247664690017700195e+01
3.854123044013977051e+01
2.422195506095886230e+01
3.638689875602722168e+01
2.313864398002624512e+01
3.134501981735229492e+01
2.874857115745544434e+01
1.550678753852844238e+01
2.298881053924560547e+01
3.235174369812011719e+01
3.048890209197998047e+01
1.109660220146179199e+01
2.820831799507141113e+01
1.502374625205993652e+01
9.474800825119018555e+00
3.448471713066101074e+01
3.678250384330749512e+01
1.876645874977111816e+01
1.476106691360473633e+01
4.303831577301025391e+01
2.208582496643066406e+01
3.353764057159423828e+01
1.362292075157165527e+01
9.052867650985717773e+00
3.018337178230285645e+01
3.094788289070129395e+01
3.415541577339172363e+01
2.440720629692077637e+01
1.547108054161071777e+01
2.098245143890380859e+01
2.594104528427124023e+01
2.558010363578796387e+01
3.154444599151611328e+01
1.944722485542297363e+01
1.843430852890014648e+01
2.949147343635559082e+01
3.511582660675048828e+01
1.255171155929565430e+01
1.790648579597473145e+01
3.736322140693664551e+01
3.570711827278137207e+01
4.010060000419616699e+01
1.983706712722778320e+00
1.799500989913940430e+01
2.950638031959533691e+01
3.175478458404541016e+01
3.436478137969970703e+01
1.914542794227600098e+01
1.667959642410278320e+01
1.770553994178771973e+01
1.596519207954406738e+01
1.734510040283203125e+01
3.249687480926513672e+01
1.699045681953430176e+01
4.372123551368713379e+01
3.745309972763061523e+01
2.263851046562194824e+01
2.163523364067077637e+01
3.589640378952026367e+01
1.684372854232788086e+01
1.691323828697204590e+01
1.841384220123291016e+01
2.269485998153686523e+01
3.679709100723266602e+01
1.323681592941284180e+01
9.247249841690063477e+00
3.264176130294799805e+01
3.911083126068115234e+01
2.242935347557067871e+01
1.942428731918334961e+01
2.403135204315185547e+01
3.709914207458496094e+01
2.649911141395568848e+01
1.559727740287780762e+01
3.665652155876159668e+01
2.659686136245727539e+01
1.550660514831542969e+01
1.726716899871826172e+01
4.205034971237182617e+01
2.397854995727539062e+01
2.710022950172424316e+01
1.755810070037841797e+01
2.554636096954345703e+01
2.967433238029479980e+01
1.780365943908691406e+01
3.018082571029663086e+01
9.512108802795410156e+00
2.674893546104431152e+01
1.211361551284790039e+01
2.285580468177795410e+01
2.133927679061889648e+01
1.922213888168334961e+01
2.136826586723327637e+01
4.539206790924072266e+01
2.895388364791870117e+01
1.868237757682800293e+01
3.096622371673583984e+01
6.120138168334960938e+00
1.578412222862243652e+01
2.095078921318054199e+01
4.529019618034362793e+01
2.989611315727233887e+01
1.516707968711853027e+01
3.048020505905151367e+01
2.704227781295776367e+01
2.590430092811584473e+01
2.704340791702270508e+01
1.377292490005493164e+01
4.487229943275451660e+01
2.374824571609497070e+01
2.574926447868347168e+01
1.795922350883483887e+01
2.712745451927185059e+01
1.899020028114318848e+01
2.858728575706481934e+01
1.127023553848266602e+01
1.996690392494201660e+01
2.761944150924682617e+01
2.423048830032348633e+01
3.757886886596679688e+01
3.133024406433105469e+01
5.045365190505981445e+01
2.483219313621520996e+01
2.455606698989868164e+01
1.374145960807800293e+01
2.377415657043457031e+01
1.930400753021240234e+01
1.261333441734313965e+01
2.725436973571777344e+01
2.403823447227478027e+01
3.212846899032592773e+01
1.312783217430114746e+01
9.735349178314208984e+00
3.536972308158874512e+01
9.033550024032592773e+00
3.212265992164611816e+01
1.159607172012329102e+01
2.795286774635314941e+01
2.653746247291564941e+01
1.595851492881774902e+01
3.578179335594177246e+01
3.781207108497619629e+01
2.969969797134399414e+01
4.373205971717834473e+01
2.178189516067504883e+01
1.203096818923950195e+01
3.708374857902526855e+01
3.280508732795715332e+01
3.771883130073547363e+01
2.296595978736877441e+01
3.372312378883361816e+01
1.622761368751525879e+01
1.919424867630004883e+01
3.844115781784057617e+01
4.288072347640991211e+01
1.321883177757263184e+01
4.056127119064331055e+01
2.252167153358459473e+01
8.221879720687866211e+00
4.309845709800720215e+01
3.189324045181274414e+01
2.359926533699035645e+01
5.383503508567810059e+01
4.710826444625854492e+01
3.516354751586914062e+01
2.136685562133789062e+01
2.776272726058959961e+01
2.284659481048583984e+01
3.999175381660461426e+01
6.864469766616821289e+00
2.488075208663940430e+01
1.807843780517578125e+01
3.778160691261291504e+01
3.462423372268676758e+01
2.695951175689697266e+01
2.653813576698303223e+01
2.868044471740722656e+01
3.865405821800231934e+01
4.267442512512207031e+01
1.574080562591552734e+01
3.859555649757385254e+01
3.545043182373046875e+01
4.351581501960754395e+01
1.749010515213012695e+01
2.027065873146057129e+01
3.447521281242370605e+01
2.375429916381835938e+01
5.859349966049194336e+00
7.327372074127197266e+00
8.376690864562988281e+00
1.014589881896972656e+01
1.769126439094543457e+01
3.043724298477172852e+01
4.482724571228027344e+01
1.343279194831848145e+01
4.757204437255859375e+01
1.874688887596130371e+01
3.934400773048400879e+01
2.978424620628356934e+01
1.341211462020874023e+01
1.700777244567871094e+01
2.216031002998352051e+01
1.879849743843078613e+01
3.247729921340942383e+01
2.292099618911743164e+01
3.335521793365478516e+01
1.878181266784667969e+01
2.893823337554931641e+01
1.694535541534423828e+01
1.768603515625000000e+01
1.972256445884704590e+01
3.046476006507873535e+01
4.304556703567504883e+01
2.601352167129516602e+01
2.514285326004028320e+01
2.189994215965270996e+01
1.743257236480712891e+01
3.743622231483459473e+01
3.137160277366638184e+01
1.972025132179260254e+01
4.998877787590026855e+01
3.219586372375488281e+01
4.045278239250183105e+01
2.329340982437133789e+01
2.366320323944091797e+01
1.605025029182434082e+01
3.439730477333068848e+01
3.656593298912048340e+01
2.542967557907104492e+01
2.344070625305175781e+01
4.069450616836547852e+01
2.899195647239685059e+01
4.014151239395141602e+01
4.303849077224731445e+01
5.010690474510192871e+01
3.350098085403442383e+01
3.624731636047363281e+01
1.817418861389160156e+01
4.961000919342041016e+01
3.146096658706665039e+01
2.339569640159606934e+01
3.277973246574401855e+01
3.270952725410461426e+01
2.111310958862304688e+01
3.595751643180847168e+01
1.926044082641601562e+01
3.526078653335571289e+01
5.186286187171936035e+01
3.648574209213256836e+01
2.958231258392333984e+01
3.849471950531005859e+01
5.039616513252258301e+01
3.227298259735107422e+01
2.756390619277954102e+01
3.634883689880371094e+01
2.134090399742126465e+01
3.102036786079406738e+01
2.469886088371276855e+01
2.537737059593200684e+01
3.954558920860290527e+01
3.598310947418212891e+01
4.564344644546508789e+01
3.645808696746826172e+01
1.076284670829772949e+01
2.193442320823669434e+01
3.102055501937866211e+01
2.909343171119689941e+01
3.738852143287658691e+01
3.327879333496093750e+01
4.510899662971496582e+01
3.777243661880493164e+01
9.850669860839843750e+00
3.793225836753845215e+01
3.922948932647705078e+01
2.840537285804748535e+01
2.335184049606323242e+01
8.896299362182617188e+00
5.498031091690063477e+01
4.443618535995483398e+01
3.717824983596801758e+01
2.819378042221069336e+01
3.532230305671691895e+01
3.383122920989990234e+01
1.836702656745910645e+01
2.956001067161560059e+01
3.708911752700805664e+01
2.734570026397705078e+00
2.305645203590393066e+01
7.924767494201660156e+00
1.834034371376037598e+01
9.379045009613037109e+00
2.518985652923583984e+01
1.753076648712158203e+01
4.311841392517089844e+01
3.979178667068481445e+00
3.267431807518005371e+01
1.593778586387634277e+01
5.695320701599121094e+01
3.418531107902526855e+01
2.935677742958068848e+01
1.958047866821289062e+00
5.416865348815917969e+01
2.984390735626220703e+00
4.432646036148071289e+01
9.598208427429199219e+00
2.834817552566528320e+01
3.526603770256042480e+01
3.261390924453735352e+01
3.507996702194213867e+01
2.094957661628723145e+01
3.474988245964050293e+01
4.177007985115051270e+01
3.965503787994384766e+01
1.537599802017211914e+01
3.642933917045593262e+01
3.440487813949584961e+01
1.370529055595397949e+01
3.582556605339050293e+01
4.753789353370666504e+01
4.714444279670715332e+01
1.721704077720642090e+01
5.212016034126281738e+01
2.140607857704162598e+01
4.146066570281982422e+01
1.387893009185791016e+01
2.461400723457336426e+01
3.352047109603881836e+01
1.845860433578491211e+01
5.753098726272583008e+00
1.748361873626708984e+01
2.570549368858337402e+01
1.760856175422668457e+01
1.969835329055786133e+01
3.848255181312561035e+01
2.500720310211181641e+01
5.448891615867614746e+01
3.194628596305847168e+01
1.773512649536132812e+01
8.173449993133544922e+00
2.335692977905273438e+01
2.379202985763549805e+01
1.955218720436096191e+01
4.694337081909179688e+01
2.938470959663391113e+01
2.446133947372436523e+01
1.966249871253967285e+01
9.499565124511718750e+00
4.865027189254760742e+01
2.264469194412231445e+01
1.946643471717834473e+01
3.093928408622741699e+01
2.120490360260009766e+01
2.854557085037231445e+01
1.165119290351867676e+01
2.560914421081542969e+01
1.721762108802795410e+01
3.824643063545227051e+01
2.281415271759033203e+01
1.071761345863342285e+01
1.853686714172363281e+01
1.960838818550109863e+01
4.063180446624755859e+01
2.937320685386657715e+01
5.027602005004882812e+01
2.555437517166137695e+01
3.123320078849792480e+01
6.833620977401733398e+01
5.628002882003784180e+00
8.656298398971557617e+00
2.386322808265686035e+01
5.495451211929321289e+01
6.179785490036010742e+00
4.592557311058044434e+01
3.770258831977844238e+01
2.626502442359924316e+01
4.539881849288940430e+01
2.810678553581237793e+01
5.347140097618103027e+01
1.356425142288208008e+01
1.282306981086730957e+01
2.126414322853088379e+01
2.483012032508850098e+01
8.998841524124145508e+00
4.016981410980224609e+01
5.814654111862182617e+00
1.950027060508728027e+01
1.727421641349792480e+01
3.800227332115173340e+01
8.813356637954711914e+00
9.638894557952880859e+00
1.502514266967773438e+01
2.525862932205200195e+01
1.242383718490600586e+01
4.688391113281250000e+01
2.706926083564758301e+01
3.193740963935852051e+01
2.964694619178771973e+01
2.991380071640014648e+01
3.586038970947265625e+01
1.913585186004638672e+01
2.481939911842346191e+01
2.700193166732788086e+01
3.076844453811645508e+01
5.249831867218017578e+01
1.704819250106811523e+01
2.637088990211486816e+01
3.074336934089660645e+01
1.554903197288513184e+01
1.578300762176513672e+01
2.209806466102600098e+01
3.081330871582031250e+01
6.536315441131591797e+00
1.669560241699218750e+01
1.845208692550659180e+01
4.459844160079956055e+01
2.807018995285034180e+01
1.920074439048767090e+01
1.967923688888549805e+01
1.963233947753906250e+01
3.133733248710632324e+01
2.809986805915832520e+01
2.758637118339538574e+01
3.263598299026489258e+01
1.550072956085205078e+01
5.514344382286071777e+01
3.287491464614868164e+01
3.509777021408081055e+01
1.657357120513916016e+01
1.573726797103881836e+01
3.449817824363708496e+01
9.415383815765380859e+00
3.932486987113952637e+01
1.563287138938903809e+01
9.292502641677856445e+00
3.277631020545959473e+01
5.853269767761230469e+01
3.281019878387451172e+01
2.392622590065002441e+01
1.491476345062255859e+01
1.212838768959045410e+01
1.658431625366210938e+01
9.330349922180175781e+00
3.342223429679870605e+01
4.861319327354431152e+01
1.964355611801147461e+01
1.682806515693664551e+01
1.758347511291503906e+01
4.067565608024597168e+01
1.435675287246704102e+01
2.537486457824707031e+01
3.105002760887145996e+01
1.318489551544189453e+01
2.274124240875244141e+01
2.090606236457824707e+01
1.665788555145263672e+01
2.086559176445007324e+01
1.356643366813659668e+01
3.097500276565551758e+01
2.263314342498779297e+01
3.489223575592041016e+01
3.121948218345642090e+01
3.206718993186950684e+01
3.385695028305053711e+01
1.975808358192443848e+01
1.590937733650207520e+01
1.574877023696899414e+01
3.134468221664428711e+01
3.761447262763977051e+01
3.248127865791320801e+01
2.504953503608703613e+01
3.766819214820861816e+01
2.321317911148071289e+01
1.575632619857788086e+01
1.528078293800354004e+01
1.210474801063537598e+01
2.593935561180114746e+01
1.606846427917480469e+01
1.044150185585021973e+01
1.789231610298156738e+01
4.151539349555969238e+01
3.322859787940979004e+01
1.229351234436035156e+01
2.887241363525390625e+01
3.606293249130249023e+01
1.772340631484985352e+01
3.329437303543090820e+01
2.096389269828796387e+01
1.509801435470581055e+01
1.597350573539733887e+01
5.119644451141357422e+01
3.078254795074462891e+01
2.362417459487915039e+01
2.958985066413879395e+01
1.683315777778625488e+01
2.131415462493896484e+01
4.141097307205200195e+01
3.709216022491455078e+01
2.003342080116271973e+01
1.708187866210937500e+01
3.646583437919616699e+01
2.653171515464782715e+01
1.164787530899047852e+01
3.376463842391967773e+01
2.178409171104431152e+01
2.846488189697265625e+01
2.939741158485412598e+01
2.108237886428833008e+01
2.833166122436523438e+01
1.963171029090881348e+01
3.290542435646057129e+01
2.757192850112915039e+01
2.477675867080688477e+01
2.203473138809204102e+01
2.328149437904357910e+01
1.153784775733947754e+01
2.071446776390075684e+01
2.635411024093627930e+00
1.741257715225219727e+01
2.878849339485168457e+01
1.475497937202453613e+01
1.426868653297424316e+01
2.253675866127014160e+01
1.376498103141784668e+01
2.864816403388977051e+01
2.414816737174987793e+01
2.551937270164489746e+01
1.500241899490356445e+01
1.609600496292114258e+01
1.929160499572753906e+01
2.794038939476013184e+01
2.130635428428649902e+01
3.248673582077026367e+01
1.828833770751953125e+01
1.170945811271667480e+01
2.359512734413146973e+01
3.457708287239074707e+01
8.315423250198364258e+00
1.436480569839477539e+01
2.595011806488037109e+01
2.197615790367126465e+01
4.284969568252563477e+00
1.775486564636230469e+01
1.840033102035522461e+01
6.147961378097534180e+00
9.111180067062377930e+00
2.528630757331848145e+01
2.738443231582641602e+01
7.256568431854248047e+00
4.722870349884033203e+00
1.865184283256530762e+01
6.443416833877563477e+00
9.768465995788574219e+00
3.480565285682678223e+01
4.692148590087890625e+01
3.926417779922485352e+01
6.811628341674804688e+00
3.181838893890380859e+01
4.339494442939758301e+01
3.420376157760620117e+01
1.767306852340698242e+01
2.507062268257141113e+01
2.179808187484741211e+01
1.650415635108947754e+01
2.037280225753784180e+01
2.074171900749206543e+01
6.580918025970458984e+01
8.375783920288085938e+00
5.139130091667175293e+01
3.006072306632995605e+01
2.070896220207214355e+01
1.493858885765075684e+01
1.597092962265014648e+01
1.902472472190856934e+01
4.975544571876525879e+01
3.947375345230102539e+01
3.798653364181518555e+00
5.431947946548461914e+00
3.396784329414367676e+01
3.085690426826477051e+01
1.171030139923095703e+01
2.548787403106689453e+01
1.718002104759216309e+01
2.651669979095458984e+01
3.604417943954467773e+01
3.670427775382995605e+01
4.779854297637939453e+00
1.615429663658142090e+01
2.795141983032226562e+01
1.466414666175842285e+01
2.180436682701110840e+01
2.584957456588745117e+01
2.267548727989196777e+01
3.777412080764770508e+01
8.094871282577514648e+00
1.151958298683166504e+01
1.423197388648986816e+01
2.293894100189208984e+01
1.588891482353210449e+01
2.126830577850341797e+01
3.524547243118286133e+01
3.182266712188720703e+01
2.712027096748352051e+01
1.684260892868041992e+01
3.739059233665466309e+01
2.179466748237609863e+01
3.598466825485229492e+01
1.125085520744323730e+01
2.069215631484985352e+01
2.043835854530334473e+01
4.023112130165100098e+01
3.609470319747924805e+01
1.903588151931762695e+01
4.011905670166015625e+01
2.430396223068237305e+01
2.920235538482666016e+01
1.814833688735961914e+01
2.520249080657958984e+01
2.681380414962768555e+01
2.055900144577026367e+01
1.184414649009704590e+01
1.065295124053955078e+01
1.725763583183288574e+01
3.251320314407348633e+01
2.361268448829650879e+01
3.391075396537780762e+01
4.368882012367248535e+01
2.785527181625366211e+01
1.730684971809387207e+01
1.785241341590881348e+01
2.228684759140014648e+01
1.897420477867126465e+01
2.897938323020935059e+01
4.667327165603637695e+00
1.388477087020874023e+01
3.196753597259521484e+01
3.136330056190490723e+01
5.464954090118408203e+01
2.901199960708618164e+01
1.251754069328308105e+01
1.451886820793151855e+01
5.136669111251831055e+01
3.360203456878662109e+01
5.788596320152282715e+01
2.705689263343811035e+01
3.191100883483886719e+01
2.891760015487670898e+01
1.036332297325134277e+01
2.599767827987670898e+01
2.958349013328552246e+01
2.248069643974304199e+01
2.825079321861267090e+01
1.983676791191101074e+01
5.172209358215332031e+01
3.219075584411621094e+01
2.700564646720886230e+01
3.256277632713317871e+01
1.587918019294738770e+01
2.277928066253662109e+01
1.705008172988891602e+01
1.221718192100524902e+01
3.459141349792480469e+01
2.127313995361328125e+01
3.148999571800231934e+01
2.415265083312988281e+01
1.416664314270019531e+01
1.785253643989562988e+01
1.580018234252929688e+01
2.366689682006835938e+00
1.427210831642150879e+01
1.049021220207214355e+01
3.063837289810180664e+00
1.730429625511169434e+01
4.050041389465332031e+01
2.978709220886230469e+01
2.553984069824218750e+01
1.919490361213684082e+01
2.750927042961120605e+01
3.788776278495788574e+01
3.052146410942077637e+01
2.985427713394165039e+01
2.361390781402587891e+01
1.909911036491394043e+01
3.627380609512329102e+00
1.438309025764465332e+01
2.248260736465454102e+00
2.435017228126525879e+01
3.582559871673583984e+01
1.706091308593750000e+01
2.249053001403808594e+01
2.684318304061889648e+01
1.147864770889282227e+01
2.180082464218139648e+01
4.044966459274291992e+01
1.291759920120239258e+01
9.009552001953125000e+00
2.460215878486633301e+01
7.011323928833007812e+00
4.052045083045959473e+01
3.462024617195129395e+01
2.402904367446899414e+01
9.253930330276489258e+00
2.626955866813659668e+01
2.624546003341674805e+01
4.000121831893920898e+00
3.225061154365539551e+01
3.468287754058837891e+01
1.881480383872985840e+01
2.148035240173339844e+01
2.913091707229614258e+01
1.172066617012023926e+01
3.159233164787292480e+01
3.072498893737792969e+01
3.700764703750610352e+01
2.587284326553344727e+01
2.028159523010253906e+01
1.711294794082641602e+01
2.172277641296386719e+01
3.915831255912780762e+01
2.808882141113281250e+01
3.221956634521484375e+01
2.702315354347229004e+01
2.595646500587463379e+01
2.241374397277832031e+01
2.989022469520568848e+01
3.692293310165405273e+01
6.197594642639160156e+00
4.270131087303161621e+01
2.427172589302062988e+01
4.089220046997070312e+01
3.962839961051940918e+01
2.047899436950683594e+01
1.474592185020446777e+01
2.876035380363464355e+01
3.661963152885437012e+01
1.239321851730346680e+01
5.097857713699340820e+01
1.650357031822204590e+01
2.025357413291931152e+01
2.012093544006347656e+01
2.016058325767517090e+01
1.504436016082763672e+01
3.996127343177795410e+01
1.625651431083679199e+01
2.513746094703674316e+01
2.390567493438720703e+01
4.177960968017578125e+01
5.533773827552795410e+01
2.686141324043273926e+01
1.757707023620605469e+01
2.382731151580810547e+01
2.905694961547851562e+01
4.386791586875915527e+01
4.193629527091979980e+01
4.017479968070983887e+01
2.069135427474975586e+01
3.890438079833984375e+01
3.277342367172241211e+01
3.926109266281127930e+01
3.583903694152832031e+01
3.313917493820190430e+01
4.622296214103698730e+01
3.886293625831604004e+01
5.335902452468872070e+01
2.165795922279357910e+01
1.470694732666015625e+01
1.604727411270141602e+01
2.996911764144897461e+01
1.062872838973999023e+01
2.138488507270812988e+01
1.067778182029724121e+01
1.779643416404724121e+01
1.282958292961120605e+01
1.036022496223449707e+01
3.804458713531494141e+01
7.952699422836303711e+00
2.405484795570373535e+01
2.360924243927001953e+01
3.448204493522644043e+01
1.852751493453979492e+01
3.799680924415588379e+01
4.498051619529724121e+01
3.671261453628540039e+01
3.168103694915771484e+01
3.303422284126281738e+01
1.931792545318603516e+01
2.667451786994934082e+01
1.973498415946960449e+01
1.103336071968078613e+01
4.415790081024169922e+01
2.463346600532531738e+01
4.468107032775878906e+01
1.904507923126220703e+01
4.002279639244079590e+01
2.701479077339172363e+01
9.640970230102539062e+00
1.775109052658081055e+01
3.714930105209350586e+01
4.775927925109863281e+01
2.449613261222839355e+01
1.577465200424194336e+01
2.517207026481628418e+01
1.544635915756225586e+01
3.207074856758117676e+01
8.885230302810668945e+00
1.003042745590209961e+01
3.475250005722045898e+01
1.245760369300842285e+01
2.595937514305114746e+01
1.826389670372009277e+01
3.031411218643188477e+01
2.154328680038452148e+01
4.590241646766662598e+01
2.735102272033691406e+01
4.295994377136230469e+01
3.319391942024230957e+01
5.126278614997863770e+01
1.208696269989013672e+01
2.143379139900207520e+01
4.074075603485107422e+01
3.083146691322326660e+01
1.401776075363159180e+01
4.590983462333679199e+01
3.839163637161254883e+01
2.553785371780395508e+01
2.891014027595520020e+01
1.768675208091735840e+01
4.206113195419311523e+01
2.259544229507446289e+01
3.914351844787597656e+01
2.902373480796813965e+01
4.452895331382751465e+01
3.454631710052490234e+01
3.486978054046630859e+01
2.294990921020507812e+01
2.368832516670227051e+01
5.964761710166931152e+01
3.352413868904113770e+01
4.178505349159240723e+01
1.794786715507507324e+01
3.019613885879516602e+01
1.868033528327941895e+01
3.973411512374877930e+01
3.693059086799621582e+01
1.827584218978881836e+01
2.022194004058837891e+01
4.759152245521545410e+01
1.269743609428405762e+01
2.133021211624145508e+01
4.134435248374938965e+01
1.143738484382629395e+01
1.781824827194213867e+01
3.420396351814270020e+01
1.668976640701293945e+01
1.605408954620361328e+01
1.867180418968200684e+01
1.674258279800415039e+01
3.332801985740661621e+01
1.887221956253051758e+01
2.060703825950622559e+01
3.370350599288940430e+01
3.696529746055603027e+01
3.671288514137268066e+01
2.014007854461669922e+01
1.992302775382995605e+01
2.571038126945495605e+01
4.776240563392639160e+01
3.922862458229064941e+01
1.892561268806457520e+01
1.593427109718322754e+01
9.661543130874633789e+00
2.100448131561279297e+01
2.845151877403259277e+01
3.352007055282592773e+01
4.033087563514709473e+01
1.702007317543029785e+01
4.446699619293212891e+01
1.698652625083923340e+01
3.892960810661315918e+01
2.602093338966369629e+01
1.906493806838989258e+01
4.118873763084411621e+01
1.656045389175415039e+01
3.584190559387207031e+01
4.098436975479125977e+01
4.011255574226379395e+01
2.277950620651245117e+01
3.448976993560791016e+01
3.585847616195678711e+00
2.438681292533874512e+01
2.150530099868774414e+01
3.304113364219665527e+01
3.600569796562194824e+01
1.456395936012268066e+01
2.194701218605041504e+01
3.679425501823425293e+01
4.737973761558532715e+01
3.274451732635498047e+00
3.433409690856933594e+01
2.309075951576232910e+01
2.343228983879089355e+01
1.445813822746276855e+01
3.565864968299865723e+01
2.742162156105041504e+01
1.919202327728271484e+01
4.641697621345520020e+01
2.975909090042114258e+01
2.747354412078857422e+01
2.459909105300903320e+01
5.724633765220642090e+01
3.172572803497314453e+01
3.740442991256713867e+01
6.467648506164550781e+01
4.245388507843017578e+00
1.917995357513427734e+01
1.280130791664123535e+01
2.506469464302062988e+01
2.902267146110534668e+01
1.884876346588134766e+01
5.044879984855651855e+01
5.787974333763122559e+01
3.542490124702453613e+01
2.405856037139892578e+01
1.246056604385375977e+01
3.282155108451843262e+01
2.184109425544738770e+01
2.504082560539245605e+01
2.703970170021057129e+01
2.858775472640991211e+01
4.286857390403747559e+01
3.219730854034423828e+01
3.338914442062377930e+01
3.867072725296020508e+01
3.266102123260498047e+01
3.005837655067443848e+01
1.981764435768127441e+01
3.002539205551147461e+01
2.754965972900390625e+01
2.437556195259094238e+01
3.428561925888061523e+01
2.615841937065124512e+01
6.872074127197265625e+00
3.191982579231262207e+01
3.559177088737487793e+01
3.355798268318176270e+01
2.212041950225830078e+01
2.710144352912902832e+01
4.338656425476074219e+01
3.368498921394348145e+01
4.326881194114685059e+01
3.007874393463134766e+01
2.741784763336181641e+01
4.560264658927917480e+01
2.567301940917968750e+01
1.375717830657958984e+01
2.780157375335693359e+01
2.467154908180236816e+01
1.545946979522705078e+01
2.763375854492187500e+01
2.949940276145935059e+01
1.283224844932556152e+01
6.204799413681030273e+01
2.207054829597473145e+01
1.920917558670043945e+01
3.011827349662780762e+01
4.527509689331054688e+01
2.534396290779113770e+01
2.904810595512390137e+01
6.029735469818115234e+01
4.790338301658630371e+01
1.214197444915771484e+01
2.042281794548034668e+01
9.958470582962036133e+00
1.319490218162536621e+01
1.002781009674072266e+01
3.586187553405761719e+01
2.054425239562988281e+01
3.619067931175231934e+01
2.621205663681030273e+01
2.449585223197937012e+01
2.151307225227355957e+01
1.750955605506896973e+01
1.078437805175781250e+01
3.019054126739501953e+01
8.873540163040161133e+00
2.730561184883117676e+01
1.086417698860168457e+01
2.124597144126892090e+01
2.112055969238281250e+01
1.182599091529846191e+01
1.182528781890869141e+01
1.823097610473632812e+01
6.326352667808532715e+01
1.182250428199768066e+01
7.440262794494628906e+00
5.827366614341735840e+01
4.747751188278198242e+01
4.138889765739440918e+01
8.399879693984985352e+00
2.838522219657897949e+01
1.576890683174133301e+01
9.403478145599365234e+00
2.165079402923583984e+01
2.877722287178039551e+01
2.426460766792297363e+01
2.871015095710754395e+01
1.887105536460876465e+01
3.090691351890563965e+01
2.420729660987854004e+01
3.547102308273315430e+01
1.423167276382446289e+01
3.488196706771850586e+01
5.105492234230041504e+01
6.181888532638549805e+01
4.691810369491577148e+00
4.808961009979248047e+01
3.393530774116516113e+01
3.394314336776733398e+01
3.368750882148742676e+01
3.080667948722839355e+01
3.656716656684875488e+01
8.865722417831420898e+00
3.087940645217895508e+01
3.924000287055969238e+01
1.426156687736511230e+01
3.522885608673095703e+01
4.087535619735717773e+01
3.244400930404663086e+01
1.642105269432067871e+01
3.197239565849304199e+01
3.147093534469604492e+01
2.518909072875976562e+01
1.237867856025695801e+01
3.667140769958496094e+01
4.248189663887023926e+01
5.066340923309326172e+00
3.807826256752014160e+01
1.783868885040283203e+01
3.848372125625610352e+01
2.430680799484252930e+01
2.235991597175598145e+01
3.486602401733398438e+01
4.924443578720092773e+01
3.421377515792846680e+01
5.868678450584411621e+01
3.862419605255126953e+01
5.211678051948547363e+01
3.773649954795837402e+01
1.450536489486694336e+01
2.185033202171325684e+01
4.151607990264892578e+00
3.499191761016845703e+00
3.264007806777954102e+01
2.797177767753601074e+01
3.782342171669006348e+01
3.991555976867675781e+01
4.120907616615295410e+01
3.805474305152893066e+01
2.605352902412414551e+01
1.528176236152648926e+01
4.667222189903259277e+01
3.249617576599121094e+00
4.624662637710571289e+00
1.737762022018432617e+01
2.504494500160217285e+01
1.984417700767517090e+01
1.583857583999633789e+01
1.466449522972106934e+01
1.838512325286865234e+01
4.729743695259094238e+01
6.432674384117126465e+01
1.878561615943908691e+01
2.193503856658935547e+01
3.292175531387329102e+01
5.638630223274230957e+01
4.296076917648315430e+01
1.438853454589843750e+01
3.100226736068725586e+01
3.579146885871887207e+01
2.306075167655944824e+01
2.405926680564880371e+01
3.697153544425964355e+01
1.353573417663574219e+01
4.310124897956848145e+01
1.909930300712585449e+01
1.761099982261657715e+01
4.961972498893737793e+01
2.335585117340087891e+01
1.836664295196533203e+01
4.177841353416442871e+01
2.127771258354187012e+01
2.115060091018676758e+01
4.708859848976135254e+01
2.164041256904602051e+01
1.766560101509094238e+01
4.131545543670654297e+01
3.031436419486999512e+01
4.521489000320434570e+01
2.628147530555725098e+01
3.483274793624877930e+01
2.533793377876281738e+01
7.723527669906616211e+00
4.539775681495666504e+01
6.219481229782104492e+00
6.980432987213134766e+00
1.124442911148071289e+01
1.390212106704711914e+01
2.130817985534667969e+01
1.064403700828552246e+01
4.627392268180847168e+01
1.449915170669555664e+01
1.408381223678588867e+01
4.080065679550170898e+01
1.559336471557617188e+01
3.045137286186218262e+01
2.263769292831420898e+01
3.443411803245544434e+01
1.655615758895874023e+01
1.874042868614196777e+01
1.599615311622619629e+01
5.622112035751342773e+00
2.810504102706909180e+01
1.006820583343505859e+01
1.585022234916687012e+01
2.947382545471191406e+01
2.475336813926696777e+01
2.471689581871032715e+01
1.093309140205383301e+01
2.628766989707946777e+01
2.387663912773132324e+01
2.783550596237182617e+01
2.517699050903320312e+01
1.959762978553771973e+01
5.337363958358764648e+00
1.688459491729736328e+01
5.001150131225585938e+00
1.947029662132263184e+01
1.587733769416809082e+01
3.083699727058410645e+01
1.538765311241149902e+01
5.106274294853210449e+01
2.511583900451660156e+01
1.987495088577270508e+01
5.062776231765747070e+01
2.921590352058410645e+01
2.835924863815307617e+01
1.312144851684570312e+01
2.636496829986572266e+01
2.212713956832885742e+01
1.836187124252319336e+01
5.114784717559814453e+00
2.576881504058837891e+01
8.742919683456420898e+00
6.470474243164062500e+00
8.680752277374267578e+00
2.070038032531738281e+01
6.492306232452392578e+00
2.002863907814025879e+01
2.270951008796691895e+01
2.587396407127380371e+01
4.174408411979675293e+01
2.135910058021545410e+01
2.005481553077697754e+01
1.617506432533264160e+01
2.159648609161376953e+01
3.066786384582519531e+01
4.248208546638488770e+01
3.055874848365783691e+01
3.561648130416870117e+00
1.305704545974731445e+01
2.453620433807373047e+01
2.360528111457824707e+01
2.609694027900695801e+01
3.364717030525207520e+01
3.830400943756103516e+00
2.894841742515563965e+01
2.098622179031372070e+01
4.623893189430236816e+01
2.869674086570739746e+01
4.894040703773498535e+01
4.799253487586975098e+01
2.240261745452880859e+01
3.106763744354248047e+01
5.234786844253540039e+01
4.593549132347106934e+01
2.647674369812011719e+01
1.246544981002807617e+01
3.669906663894653320e+01
1.450920057296752930e+01
3.224810695648193359e+01
4.949100136756896973e+01
1.913468456268310547e+01
1.240779471397399902e+01
1.661712622642517090e+01
9.261507272720336914e+00
3.407782387733459473e+01
4.415946578979492188e+01
3.239025354385375977e+01
2.514386606216430664e+01
3.488443851470947266e+01
2.209298419952392578e+01
2.756958985328674316e+01
3.095449781417846680e+01
3.399687457084655762e+01
3.205138278007507324e+01
1.937694811820983887e+01
2.078474426269531250e+01
3.167155313491821289e+01
3.830987477302551270e+01
2.981501221656799316e+01
2.280780053138732910e+01
6.333990526199340820e+01
2.084825110435485840e+01
2.145185828208923340e+01
3.234978556632995605e+01
3.129665541648864746e+01
1.596599817276000977e+01
3.616354012489318848e+01
4.046924757957458496e+01
3.285183811187744141e+01
3.018985748291015625e+01
2.951728940010070801e+01
4.717971158027648926e+01
1.644706463813781738e+01
1.181550717353820801e+01
2.751204681396484375e+01
3.800621414184570312e+01
3.795919632911682129e+01
1.657732272148132324e+01
2.300139927864074707e+01
1.936328315734863281e+01
3.714559507369995117e+01
2.893570375442504883e+01
1.535922789573669434e+01
1.167805123329162598e+01
1.284272646903991699e+01
2.332575917243957520e+01
9.218357086181640625e+00
2.764728260040283203e+01
2.009035015106201172e+01
2.358341503143310547e+01
1.235140299797058105e+01
3.466543555259704590e+01
1.694071030616760254e+01
2.083533668518066406e+01
2.581067299842834473e+01
1.588155508041381836e+01
1.271340346336364746e+01
1.538009428977966309e+01
1.189422488212585449e+01
1.910772585868835449e+01
1.361214041709899902e+01
3.297400879859924316e+01
3.922168636322021484e+01
3.262705111503601074e+01
3.134443902969360352e+01
3.865747141838073730e+01
4.004800581932067871e+01
2.885063052177429199e+01
3.847758531570434570e+01
2.025241541862487793e+01
1.966002345085144043e+01
3.851798963546752930e+01
1.642905306816101074e+01
1.853819656372070312e+01
1.979890489578247070e+01
1.885841965675354004e+01
3.965324473381042480e+01
1.364633893966674805e+01
1.926034426689147949e+01
2.309299325942993164e+01
3.087387514114379883e+01
3.403413581848144531e+01
3.829906940460205078e+00
3.806958627700805664e+01
3.134369468688964844e+01
3.896933078765869141e+01
1.026257777214050293e+01
3.096020007133483887e+01
9.656164646148681641e+00
3.360901093482971191e+01
1.818825411796569824e+01
3.805771827697753906e+01
2.059387278556823730e+01
4.170102405548095703e+01
1.958184814453125000e+01
3.787497472763061523e+01
2.135156440734863281e+01
1.787246465682983398e+01
4.510660982131958008e+01
3.728720903396606445e+01
1.166026830673217773e+01
1.515740776062011719e+01
1.716764712333679199e+01
1.861237859725952148e+01
1.772004675865173340e+01
3.302041697502136230e+01
4.361065125465393066e+01
3.494673943519592285e+01
4.718129205703735352e+01
1.306247448921203613e+01
2.998349499702453613e+01
7.506277084350585938e+00
3.222935819625854492e+01
1.799473547935485840e+01
2.976418304443359375e+01
3.405687403678894043e+01
5.644109964370727539e+00
1.802426147460937500e+01
2.115140628814697266e+01
1.081982231140136719e+01
3.044884753227233887e+01
1.969096779823303223e+01
2.885929369926452637e+01
8.250072240829467773e+00
4.349584603309631348e+01
4.907546710968017578e+01
1.671713089942932129e+01
7.788985252380371094e+00
1.385791563987731934e+01
4.224113965034484863e+01
2.903427791595458984e+01
2.914331817626953125e+01
2.003290104866027832e+01
5.899657011032104492e+00
1.858880519866943359e+01
2.247515201568603516e+01
2.787474918365478516e+01
2.720643544197082520e+01
7.035069942474365234e+00
2.395293021202087402e+01
1.913604927062988281e+01
3.306673789024353027e+01
1.163724184036254883e+01
3.593940734863281250e+01
4.075027441978454590e+01
1.661029601097106934e+01
2.788333487510681152e+01
2.292367506027221680e+01
3.644406270980834961e+01
1.081118178367614746e+01
4.028460359573364258e+01
2.366369128227233887e+01
2.139257812500000000e+01
1.931292748451232910e+01
3.928926682472229004e+01
3.831961607933044434e+01
2.262478780746459961e+01
2.444595313072204590e+01
2.514890694618225098e+01
3.872252321243286133e+01
4.284542870521545410e+01
3.024875211715698242e+01
5.052898311614990234e+01
1.427068424224853516e+01
2.991639232635498047e+01
4.833357715606689453e+01
1.520062494277954102e+01
4.097584509849548340e+01
2.685892868041992188e+01
2.856492066383361816e+01
2.900474166870117188e+01
1.847232842445373535e+01
9.861438512802124023e+00
1.769950842857360840e+01
2.338534712791442871e+01
1.208965969085693359e+01
1.585576295852661133e+01
3.834657454490661621e+01
4.574748420715332031e+01
2.124808335304260254e+01
2.965359878540039062e+01
1.495353841781616211e+01
5.365557241439819336e+01
2.081682133674621582e+01
2.030966067314147949e+01
1.174190974235534668e+01
2.475016307830810547e+01
2.119229507446289062e+01
2.671597886085510254e+01
2.985334634780883789e+01
1.818643593788146973e+01
7.683671712875366211e+00
1.069865751266479492e+01
3.117233681678771973e+01
1.874509882926940918e+01
3.636820411682128906e+01
1.462158441543579102e+01
1.241969823837280273e+01
9.871576070785522461e+00
9.703898906707763672e+00
5.949177265167236328e+00
1.640840792655944824e+01
2.185930824279785156e+01
3.330388116836547852e+01
2.386134386062622070e+01
2.751937413215637207e+01
1.023626565933227539e+01
4.092592954635620117e+01
2.020576405525207520e+01
2.675790929794311523e+01
2.750518655776977539e+01
2.016726350784301758e+01
1.632027578353881836e+01
3.514393353462219238e+01
1.650161600112915039e+01
3.580670404434204102e+01
1.650712990760803223e+01
3.847318339347839355e+01
3.066981554031372070e+01
1.694844913482666016e+01
1.729370927810668945e+01
8.188525199890136719e+00
2.516709470748901367e+01
5.533103322982788086e+01
2.008413743972778320e+01
2.446841716766357422e+01
1.193390583992004395e+01
2.985949444770812988e+01
2.475048685073852539e+01
4.120935964584350586e+01
3.208953166007995605e+01
2.531257200241088867e+01
3.303443741798400879e+01
1.672310304641723633e+01
4.915154004096984863e+01
1.827783536911010742e+01
2.938481426239013672e+01
2.605114293098449707e+01
1.950511765480041504e+01
2.029523992538452148e+01
3.353714942932128906e+01
1.643000268936157227e+01
1.005699300765991211e+01
1.924520993232727051e+01
1.308986091613769531e+01
2.911203646659851074e+01
2.383317780494689941e+01
2.838860201835632324e+01
2.335054445266723633e+01
1.297664594650268555e+01
3.528595995903015137e+01
4.663674473762512207e+01
3.867843127250671387e+01
2.624297070503234863e+01
3.659309935569763184e+01
2.701919412612915039e+01
1.664599394798278809e+01
3.919913935661315918e+01
3.500144767761230469e+01
2.399661445617675781e+01
1.881860494613647461e+01
3.569401574134826660e+01
2.639175415039062500e+01
1.931116724014282227e+01
2.737000250816345215e+01
3.671743083000183105e+01
2.322161245346069336e+01
2.793200588226318359e+01
2.778946256637573242e+01
4.098156166076660156e+01
3.604896187782287598e+01
1.820816397666931152e+01
4.811571311950683594e+01
2.033024954795837402e+01
2.593824243545532227e+01
1.901702833175659180e+01
2.079981660842895508e+01
3.868255734443664551e+01
1.050815510749816895e+01
1.121166729927062988e+01
2.498521852493286133e+01
2.461097025871276855e+01
3.293230819702148438e+01
2.418088269233703613e+01
1.149097084999084473e+01
4.371783852577209473e+01
4.111196494102478027e+01
2.245239877700805664e+01
1.393530631065368652e+01
2.588915109634399414e+01
2.837990665435791016e+01
3.260796689987182617e+01
3.287187218666076660e+01
2.655915474891662598e+01
2.516391468048095703e+01
3.262422609329223633e+01
4.329899382591247559e+01
1.412049484252929688e+01
4.126407122611999512e+01
3.338189196586608887e+01
2.716153264045715332e+01
1.748674750328063965e+01
1.896269822120666504e+01
3.344157075881958008e+01
2.651652741432189941e+01
1.851398277282714844e+01
2.364253354072570801e+01
3.119482374191284180e+01
1.426665163040161133e+01
4.872251987457275391e+00
3.810514187812805176e+01
2.621556830406188965e+01
4.230189204216003418e+01
3.236082482337951660e+01
4.279327893257141113e+01
2.501207709312438965e+01
2.905462265014648438e+01
1.437448549270629883e+01
2.589849925041198730e+01
1.516448760032653809e+01
2.889120221138000488e+01
2.640030956268310547e+01
2.889260768890380859e+01
3.239583611488342285e+01
1.671125173568725586e+01
2.898577284812927246e+01
1.509398460388183594e+01
4.007531237602233887e+01
7.587987422943115234e+00
2.958765745162963867e+01
1.362995839118957520e+01
3.345257377624511719e+01
1.315461134910583496e+01
9.728094100952148438e+00
1.157209944725036621e+01
1.654332160949707031e+01
1.410268545150756836e+01
1.795045042037963867e+01
1.220153832435607910e+01
1.901017785072326660e+01
8.141887664794921875e+00
3.009668040275573730e+01
2.039341640472412109e+01
1.882368636131286621e+01
1.503564357757568359e+01
3.090609145164489746e+01
5.000752925872802734e+01
3.761502695083618164e+01
3.346336865425109863e+01
5.193638801574707031e+00
1.779789757728576660e+01
1.601630640029907227e+01
2.069685149192810059e+01
2.406159520149230957e+01
3.273043727874755859e+01
1.405996537208557129e+01
7.718683481216430664e+00
2.219103765487670898e+01
2.066658949851989746e+01
3.491081857681274414e+01
1.205094504356384277e+01
1.996129989624023438e+01
1.519757223129272461e+01
1.431844186782836914e+01
4.182702469825744629e+01
1.934559798240661621e+01
2.396731972694396973e+01
2.923321723937988281e+01
1.587208271026611328e+01
2.257410097122192383e+01
3.918734765052795410e+01
1.944509339332580566e+01
2.085327267646789551e+01
3.973079895973205566e+01
2.935046768188476562e+01
2.164487934112548828e+01
1.997182941436767578e+01
1.350431513786315918e+01
1.958427000045776367e+01
1.080128073692321777e+01
2.345779800415039062e+01
2.677450084686279297e+01
3.123999285697937012e+01
4.676725149154663086e+01
1.802836322784423828e+01
1.951100850105285645e+01
2.022550058364868164e+01
3.298300933837890625e+01
3.619200921058654785e+01
2.142341780662536621e+01
4.122487640380859375e+01
3.484580254554748535e+01
4.025085020065307617e+01
4.232133603096008301e+01
2.388535547256469727e+01
6.637355089187622070e+00
3.959877443313598633e+01
2.928984284400939941e+01
1.826439929008483887e+01
2.670666837692260742e+01
4.347997117042541504e+01
1.939965939521789551e+01
3.345802068710327148e+01
1.052451658248901367e+01
1.475234794616699219e+01
2.747742867469787598e+01
4.485861968994140625e+01
3.262514448165893555e+01
5.005323624610900879e+01
5.074147224426269531e+01
1.688444519042968750e+01
2.822611951828002930e+01
2.432278203964233398e+01
2.967785191535949707e+01
9.378649711608886719e+00
1.683150935173034668e+01
2.227639484405517578e+01
2.336608695983886719e+01
3.223742079734802246e+01
3.058323550224304199e+01
1.565502023696899414e+01
2.935680484771728516e+01
3.293584370613098145e+01
3.365992045402526855e+01
2.131731629371643066e+01
3.381473565101623535e+01
2.051144599914550781e+01
2.291333818435668945e+01
9.286998510360717773e+00
1.635537648200988770e+01
1.502681422233581543e+01
3.142484211921691895e+01
2.235505628585815430e+01
3.379926896095275879e+01
2.836930990219116211e+00
2.368219494819641113e+01
3.066694951057434082e+01
3.274564719200134277e+01
2.064332151412963867e+01
2.332993102073669434e+01
1.040545821189880371e+01
1.859691905975341797e+01
4.905915379524230957e+01
1.474141287803649902e+01
1.684423780441284180e+01
1.269834423065185547e+01
3.625734281539916992e+01
1.899219298362731934e+01
2.270976758003234863e+01
3.414341855049133301e+01
2.832300209999084473e+01
1.641478967666625977e+01
3.726152348518371582e+01
2.723296332359313965e+01
2.501913380622863770e+01
3.279168105125427246e+01
2.632224726676940918e+01
3.733634114265441895e+01
1.301444888114929199e+01
1.888711285591125488e+01
2.773256564140319824e+01
2.051318502426147461e+01
3.861379313468933105e+01
1.702031207084655762e+01
2.201767563819885254e+01
1.919096088409423828e+01
2.679925513267517090e+01
5.413779234886169434e+01
1.735675048828125000e+01
1.750365519523620605e+01
3.123858380317687988e+01
3.844586563110351562e+01
4.017134881019592285e+01
3.372298526763916016e+01
3.335954284667968750e+01
2.923176789283752441e+01
4.721934437751770020e+01
3.128845500946044922e+01
3.159006786346435547e+01
2.021274495124816895e+01
4.391263365745544434e+01
4.035211515426635742e+01
2.243900895118713379e+01
2.208516573905944824e+01
1.946661043167114258e+01
4.333490037918090820e+01
1.178572058677673340e+01
1.322651100158691406e+01
3.105032873153686523e+01
3.797996807098388672e+01
1.441293358802795410e+01
2.223125004768371582e+01
2.567601966857910156e+01
3.938582897186279297e+01
4.038063263893127441e+01
2.910412001609802246e+01
2.198487520217895508e+01
2.214907884597778320e+01
9.431565284729003906e+00
2.565787315368652344e+01
3.671169209480285645e+01
2.201237082481384277e+01
3.639906811714172363e+01
4.519624447822570801e+01
2.669451808929443359e+01
3.475593709945678711e+01
1.909444475173950195e+01
9.908704757690429688e+00
1.539512085914611816e+01
1.662855386734008789e+01
3.156374859809875488e+01
3.303783917427062988e+01
4.297790670394897461e+01
1.609500646591186523e+01
2.100958871841430664e+01
3.222859692573547363e+01
4.113198876380920410e+01
3.316988325119018555e+01
2.745410418510437012e+01
2.872172212600708008e+01
4.712150073051452637e+01
1.676398849487304688e+01
1.515561079978942871e+01
1.946619248390197754e+01
2.343319940567016602e+01
4.409570479393005371e+01
1.655208587646484375e+01
4.749560546875000000e+01
2.531551957130432129e+01
1.723015308380126953e+01
2.719801187515258789e+01
2.901419281959533691e+01
4.729901719093322754e+01
3.861460208892822266e+01
3.157949614524841309e+01
1.315340042114257812e+01
3.336936450004577637e+01
1.464735007286071777e+01
3.058711934089660645e+01
8.585368871688842773e+00
2.673035573959350586e+01
2.971531844139099121e+01
9.961097955703735352e+00
2.054886722564697266e+01
2.336008763313293457e+01
1.699726986885070801e+01
1.375425767898559570e+01
2.048292064666748047e+01
1.408182644844055176e+01
3.153951430320739746e+01
1.782651519775390625e+01
5.273939371109008789e+00
4.238108229637145996e+01
4.146764016151428223e+01
1.721235322952270508e+01
4.690649962425231934e+01
1.186283588409423828e+01
2.491370797157287598e+01
1.615166974067687988e+01
2.174875450134277344e+01
2.733690524101257324e+01
2.502069258689880371e+01
3.659916520118713379e+01
2.086670899391174316e+01
2.111074519157409668e+01
4.770373153686523438e+01
3.589104366302490234e+01
1.489731073379516602e+01
2.431256866455078125e+01
2.932510113716125488e+01
2.675645256042480469e+01
1.439963293075561523e+01
1.163288474082946777e+01
2.282728242874145508e+01
3.419632434844970703e+01
1.061890697479248047e+01
3.849851799011230469e+01
2.038922882080078125e+01
1.831893539428710938e+01
3.622240209579467773e+01
2.669995641708374023e+01
1.436736583709716797e+01
2.088524365425109863e+01
2.044868540763854980e+01
1.567085099220275879e+01
1.018295502662658691e+01
2.240701651573181152e+01
1.266751790046691895e+01
2.956579947471618652e+01
4.144778895378112793e+01
3.249312329292297363e+01
2.823090696334838867e+01
2.475404930114746094e+01
1.827360081672668457e+01
9.452314853668212891e+00
4.583451938629150391e+01
2.730784535408020020e+01
4.205650758743286133e+01
1.199532246589660645e+01
1.439005827903747559e+01
2.598562765121459961e+01
2.468344306945800781e+01
2.828249478340148926e+01
1.773723030090332031e+01
1.201740550994873047e+01
1.849077963829040527e+01
1.598173570632934570e+01
1.234342360496520996e+01
2.664056253433227539e+01
1.868144798278808594e+01
3.367567372322082520e+01
2.693984532356262207e+01
1.537206172943115234e+01
2.051533603668212891e+01
2.270681881904602051e+01
7.404825210571289062e+00
1.503021287918090820e+01
2.296594309806823730e+01
2.397176408767700195e+01
1.510148239135742188e+01
1.019880962371826172e+01
1.643577027320861816e+01
1.871865773200988770e+01
2.060400962829589844e+01
3.116058325767517090e+01
2.590277433395385742e+01
1.946661710739135742e+01
3.504092288017272949e+01
1.520629835128784180e+01
2.051332879066467285e+01
1.546155953407287598e+01
4.906205320358276367e+01
1.705811619758605957e+01
1.921045994758605957e+01
1.879887747764587402e+01
2.880688071250915527e+01
2.300851273536682129e+01
5.444930386543273926e+01
2.474116325378417969e+01
1.732152748107910156e+01
2.770060896873474121e+01
2.618718147277832031e+01
1.244124579429626465e+01
6.642386198043823242e+00
2.169426560401916504e+01
2.983696794509887695e+01
4.236001205444335938e+01
9.240461826324462891e+00
3.842594814300537109e+01
2.896327400207519531e+01
1.663687181472778320e+01
3.048451495170593262e+01
1.744909429550170898e+01
2.091865062713623047e+01
4.189644646644592285e+01
2.969672966003417969e+01
5.945301771163940430e+00
3.276173877716064453e+01
1.296704125404357910e+01
2.053285312652587891e+01
3.034659457206726074e+01
4.274545764923095703e+01
1.914770507812500000e+01
3.395518016815185547e+01
1.127545499801635742e+01
3.379443740844726562e+01
3.274778175354003906e+01
2.925213217735290527e+01
1.379923748970031738e+01
1.764666485786437988e+01
2.442129039764404297e+01
1.478735017776489258e+01
2.003462767601013184e+01
3.111125445365905762e+01
1.321075081825256348e+01
6.149997210502624512e+01
1.335204720497131348e+01
4.871242308616638184e+01
1.048769068717956543e+01
3.262208008766174316e+01
2.531745934486389160e+01
8.220572948455810547e+00
1.829311847686767578e+01
3.113959741592407227e+01
2.748893618583679199e+01
2.210748577117919922e+01
3.650688195228576660e+01
4.302959966659545898e+01
4.168459296226501465e+01
2.744707679748535156e+01
2.122886228561401367e+01
3.550185346603393555e+01
3.783735990524291992e+01
3.527315855026245117e+01
2.976095485687255859e+01
2.870973730087280273e+01
2.808922314643859863e+01
2.004183125495910645e+01
1.956307196617126465e+01
2.080276918411254883e+01
3.417520332336425781e+01
1.400232625007629395e+01
3.390120911598205566e+01
2.971531963348388672e+01
3.130391836166381836e+01
4.015951037406921387e+01
1.216840934753417969e+01
2.399430680274963379e+01
2.054807710647583008e+01
3.362539362907409668e+01
1.883717608451843262e+01
2.516808629035949707e+01
1.101727724075317383e+01
3.956930541992187500e+01
6.109683227539062500e+01
4.244885468482971191e+01
2.298411679267883301e+01
4.112772154808044434e+01
2.686413311958312988e+01
9.564430713653564453e+00
2.230997061729431152e+01
2.987932038307189941e+01
2.803670287132263184e+01
2.849514818191528320e+01
1.958747053146362305e+01
3.661345243453979492e+01
3.412970566749572754e+01
2.813748335838317871e+01
5.208816337585449219e+01
1.553324174880981445e+01
1.753287863731384277e+01
1.480506324768066406e+01
4.642426514625549316e+01
8.406368494033813477e+00
3.569694161415100098e+01
1.915546727180480957e+01
4.871112036705017090e+01
3.434989666938781738e+01
3.840448212623596191e+01
1.601570391654968262e+01
1.843836236000061035e+01
3.372001266479492188e+01
4.987996172904968262e+01
9.227394580841064453e+00
1.487353205680847168e+01
3.316940355300903320e+01
1.664446783065795898e+01
1.785278558731079102e+01
1.822845101356506348e+01
1.631197166442871094e+01
2.274800968170166016e+01
5.287615942955017090e+01
1.300632023811340332e+01
2.993514990806579590e+01
2.443339514732360840e+01
1.890392780303955078e+01
1.453150653839111328e+01
1.544969201087951660e+01
3.748034954071044922e+01
2.194594955444335938e+01
7.481808185577392578e+00
1.920299839973449707e+01
2.293417072296142578e+01
2.010870885848999023e+01
2.483793568611145020e+01
2.187919402122497559e+01
1.745879197120666504e+01
2.204084372520446777e+01
5.025682687759399414e+00
9.444848299026489258e+00
4.263631463050842285e+01
1.150525450706481934e+01
3.383586883544921875e+01
2.263145375251770020e+01
1.672300505638122559e+01
1.780092000961303711e+01
1.887606501579284668e+01
2.598471689224243164e+01
2.434834170341491699e+01
2.374926304817199707e+01
1.690389871597290039e+01
3.289234423637390137e+01
2.918765330314636230e+01
2.505779695510864258e+01
2.394906187057495117e+01
2.805428028106689453e+01
1.182132840156555176e+01
1.956723594665527344e+01
3.211262297630310059e+01
2.985093927383422852e+01
3.345147943496704102e+01
2.876702117919921875e+01
1.600012254714965820e+01
2.114741969108581543e+01
3.106915593147277832e+01
2.921071386337280273e+01
2.045183825492858887e+01
3.512008476257324219e+01
1.670371055603027344e+01
2.737034034729003906e+01
2.796229696273803711e+01
1.304319453239440918e+01
1.766696834564208984e+01
1.077907562255859375e+01
1.537967753410339355e+01
1.509714865684509277e+01
1.131063890457153320e+01
1.312847900390625000e+01
3.793925070762634277e+01
1.699361824989318848e+01
3.374108290672302246e+01
1.370995974540710449e+01
1.515888071060180664e+01
6.450350522994995117e+00
1.881199145317077637e+01
1.799377012252807617e+01
1.170246338844299316e+01
2.810257387161254883e+01
3.534228444099426270e+01
1.465713739395141602e+01
1.633165693283081055e+01
1.621800470352172852e+01
2.153911709785461426e+01
2.276212453842163086e+01
2.526294469833374023e+01
1.326315188407897949e+01
2.172225594520568848e+01
1.673818588256835938e+01
4.356763434410095215e+01
2.239851975440979004e+01
2.139957094192504883e+01
2.102614045143127441e+01
2.702562642097473145e+01
2.380779170989990234e+01
1.219349741935729980e+01
2.595049190521240234e+01
2.574293017387390137e+01
1.342810988426208496e+01
2.696491479873657227e+01
2.977315473556518555e+01
2.375656700134277344e+01
2.285142922401428223e+01
2.110156607627868652e+01
2.458377647399902344e+01
6.159105396270751953e+01
1.419494628906250000e+01
1.647821092605590820e+01
2.043731307983398438e+01
1.533935809135437012e+01
1.290857744216918945e+01
3.219641518592834473e+01
2.355298399925231934e+01
1.262415623664855957e+01
3.319532608985900879e+01
3.451899456977844238e+01
5.259958982467651367e+00
1.911209297180175781e+01
1.972330760955810547e+01
2.207296609878540039e+01
2.371230483055114746e+01
2.582269597053527832e+01
3.352498745918273926e+01
4.012089633941650391e+01
1.802512645721435547e+01
2.775108623504638672e+01
2.640784287452697754e+01
3.847831726074218750e+01
1.766516947746276855e+01
2.396206641197204590e+01
1.383168077468872070e+01
2.159779286384582520e+01
3.075678062438964844e+01
1.397378373146057129e+01
3.404022336006164551e+01
1.933146524429321289e+01
2.932424020767211914e+01
2.860807275772094727e+01
2.017652440071105957e+01
1.699604964256286621e+01
1.488267922401428223e+01
4.829330205917358398e+01
1.470399689674377441e+01
2.890865492820739746e+01
2.859427928924560547e+01
1.214581775665283203e+01
2.432112431526184082e+01
2.027970480918884277e+01
1.087323522567749023e+01
4.690328359603881836e+00
1.226839542388916016e+01
2.063528323173522949e+01
1.839616966247558594e+01
3.429254341125488281e+01
3.154307723045349121e+01
2.218825674057006836e+01
3.814488410949707031e+01
2.395204782485961914e+01
1.779896640777587891e+01
1.133879041671752930e+01
1.318716001510620117e+01
1.312990689277648926e+01
1.823991990089416504e+01
1.250126290321350098e+01
1.394978237152099609e+01
1.989800715446472168e+01
1.321369957923889160e+01
1.600365328788757324e+01
1.480591416358947754e+01
1.741243934631347656e+01
1.757230591773986816e+01
2.879916834831237793e+01
2.088207936286926270e+01
1.084086394309997559e+01
2.351388311386108398e+01
2.611177349090576172e+01
1.267432093620300293e+01
1.378663706779479980e+01
2.183050465583801270e+01
2.030649304389953613e+01
1.379719829559326172e+01
5.054437828063964844e+01
3.200429868698120117e+01
9.858213186264038086e+00
1.265936064720153809e+01
3.249680423736572266e+01
2.195759367942810059e+01
2.569865727424621582e+01
9.330434322357177734e+00
1.691883158683776855e+01
6.076896190643310547e+00
2.126001954078674316e+01
2.895006179809570312e+01
2.146418023109436035e+01
1.711439299583435059e+01
3.303214311599731445e+01
2.395831656455993652e+01
2.777601790428161621e+01
1.727587509155273438e+01
3.159516477584838867e+01
2.058575010299682617e+01
3.110859656333923340e+01
1.752723240852355957e+01
1.633319258689880371e+01
1.133108735084533691e+01
1.363107991218566895e+01
3.139163708686828613e+01
5.106326580047607422e+00
2.522683358192443848e+01
2.755023550987243652e+01
1.582066512107849121e+01
3.880613112449645996e+01
2.040998172760009766e+01
2.973575830459594727e+01
1.175797581672668457e+01
1.129055643081665039e+01
2.791866874694824219e+01
3.496856236457824707e+01
2.102224922180175781e+01
2.852617740631103516e+01
1.117392206192016602e+01
1.151075387001037598e+01
3.322132301330566406e+01
1.949004149436950684e+01
2.490374684333801270e+01
2.429322195053100586e+01
3.864934492111206055e+01
2.246425819396972656e+01
1.712196183204650879e+01
3.105091238021850586e+01
1.946886801719665527e+01
3.418666195869445801e+01
3.168137240409851074e+01
7.715204477310180664e+00
3.293584680557250977e+01
1.807807445526123047e+01
1.203672313690185547e+01
2.683447217941284180e+01
2.076720118522644043e+01
3.118973827362060547e+01
1.261356377601623535e+01
6.749840259552001953e+00
9.429095268249511719e+00
1.719450283050537109e+01
1.036753869056701660e+01
1.483388018608093262e+01
3.841237306594848633e+00
8.922010183334350586e+00
2.816385459899902344e+01
3.377157735824584961e+01
2.492413735389709473e+01
1.188917446136474609e+01
1.061460638046264648e+01
3.052645182609558105e+01
2.867996144294738770e+01
1.916167116165161133e+01
1.933936715126037598e+01
1.855389094352722168e+01
1.583379673957824707e+01
1.768483304977416992e+01
1.852134394645690918e+01
2.063296842575073242e+01
1.349905228614807129e+01
8.317064046859741211e+00
1.896773362159729004e+01
1.084855723381042480e+01
3.454000353813171387e+01
2.045595622062683105e+01
1.507480335235595703e+01
3.651920390129089355e+01
2.060315632820129395e+01
2.680542588233947754e+01
4.750592255592346191e+01
2.523611283302307129e+01
3.129191184043884277e+01
2.842160725593566895e+01
2.218467712402343750e+01
8.751586198806762695e+00
1.215756273269653320e+01
4.171262478828430176e+01
1.835858917236328125e+01
2.756406736373901367e+01
3.268772268295288086e+01
1.826333618164062500e+01
2.277481961250305176e+01
2.369831585884094238e+01
2.135871148109436035e+01
2.275320506095886230e+01
2.654311513900756836e+01
2.153411316871643066e+01
3.153694963455200195e+01
1.547786736488342285e+01
1.996317553520202637e+01
1.390365433692932129e+01
3.034431576728820801e+01
2.189771509170532227e+01
2.659706282615661621e+01
8.461122274398803711e+00
1.583437180519104004e+01
1.474153637886047363e+01
2.643250083923339844e+01
2.028577899932861328e+01
2.897537374496459961e+01
3.416828846931457520e+01
1.488400411605834961e+01
1.608048963546752930e+01
2.112126183509826660e+01
1.755756616592407227e+01
2.147747993469238281e+01
9.760542154312133789e+00
1.584668517112731934e+01
2.382334399223327637e+01
2.863533377647399902e+01
2.703154039382934570e+01
1.312756991386413574e+01
3.463732838630676270e+01
2.628312325477600098e+01
8.828642129898071289e+00
2.517765760421752930e+01
1.987947988510131836e+01
3.212110686302185059e+01
2.669970989227294922e+01
2.906445169448852539e+01
2.324722671508789062e+01
3.107296204566955566e+01
1.872018909454345703e+01
3.855777859687805176e+01
1.757325601577758789e+01
3.302040076255798340e+01
2.491791605949401855e+01
2.413443350791931152e+01
7.682635545730590820e+00
1.660868954658508301e+01
2.706255936622619629e+01
1.370097231864929199e+01
2.016189527511596680e+01
2.575717043876647949e+01
4.271617317199707031e+01
8.586730718612670898e+00
1.024902606010437012e+01
2.002547025680541992e+01
2.516299796104431152e+01
2.126002120971679688e+01
3.054025816917419434e+01
8.718667268753051758e+00
3.778406119346618652e+01
3.757530951499938965e+01
2.870572662353515625e+01
2.221959567070007324e+01
3.082897543907165527e+01
1.313604283332824707e+01
2.306505107879638672e+01
3.028452992439270020e+01
8.208064556121826172e+00
3.631636142730712891e+01
2.490339756011962891e+01
3.461914277076721191e+01
3.001285147666931152e+01
2.833568453788757324e+01
3.849796628952026367e+01
9.944710969924926758e+00
2.946495413780212402e+01
1.584684085845947266e+01
2.014209532737731934e+01
3.704849243164062500e+01
3.915660715103149414e+01
9.177118062973022461e+00
2.851208472251892090e+01
3.008156251907348633e+01
3.074139070510864258e+01
3.729528021812438965e+01
1.700990557670593262e+01
2.925573778152465820e+01
2.111658835411071777e+01
2.261028337478637695e+01
2.041347122192382812e+01
2.270123052597045898e+01
4.282976198196411133e+01
1.989503884315490723e+01
1.363517189025878906e+01
2.809291052818298340e+01
1.729701924324035645e+01
2.534140229225158691e+01
2.318636655807495117e+01
4.156289291381835938e+01
2.827412486076354980e+01
4.753483486175537109e+01
1.855011487007141113e+01
2.453076314926147461e+01
2.824409317970275879e+01
3.509114074707031250e+01
4.233698105812072754e+01
1.937147474288940430e+01
1.756377911567687988e+01
1.331913328170776367e+01
3.852098846435546875e+01
2.983907103538513184e+01
2.677034640312194824e+01
2.725921654701232910e+01
2.200351881980895996e+01
3.252716851234436035e+01
1.966463446617126465e+01
4.574773073196411133e+01
1.896387052536010742e+01
1.470831131935119629e+01
1.409909200668334961e+01
1.980760121345520020e+01
3.488679194450378418e+01
3.984396553039550781e+01
4.484118008613586426e+01
2.576718544960021973e+01
3.262986254692077637e+01
1.408711194992065430e+01
2.299249863624572754e+01
