1.343270444869995117e+01
1.475841283798217773e+01
1.380232167243957520e+01
2.024413204193115234e+01
1.077962422370910645e+01
1.972592568397521973e+01
1.766117739677429199e+01
1.361963605880737305e+01
8.868247270584106445e+00
2.007814240455627441e+01
1.137528443336486816e+01
1.880944371223449707e+01
2.489552307128906250e+01
3.102970314025878906e+01
1.019238495826721191e+01
1.442678117752075195e+01
2.207919144630432129e+01
1.789438819885253906e+01
2.439190697669982910e+01
1.494716238975524902e+01
3.441383481025695801e+01
1.462595176696777344e+01
1.256610465049743652e+01
1.362355184555053711e+01
2.470058894157409668e+01
4.115327787399291992e+01
2.251098132133483887e+01
2.060341119766235352e+01
3.690123534202575684e+01
3.309540629386901855e+01
3.245275521278381348e+01
1.970640039443969727e+01
1.074537944793701172e+01
2.427515006065368652e+01
1.992739105224609375e+01
1.703356194496154785e+01
1.665852713584899902e+01
2.516019654273986816e+01
2.386049175262451172e+01
1.339462494850158691e+01
2.418596553802490234e+01
1.601842737197875977e+01
3.730645871162414551e+01
2.802521991729736328e+01
2.854919195175170898e+01
2.610772180557250977e+01
2.826809859275817871e+01
1.947326016426086426e+01
1.932648730278015137e+01
2.039779853820800781e+01
3.256768178939819336e+01
2.483118104934692383e+01
2.373156666755676270e+01
2.308852314949035645e+01
2.375661063194274902e+01
2.884004306793212891e+01
3.189531660079956055e+01
2.891237735748291016e+01
2.184960484504699707e+01
2.792171573638916016e+01
2.893973851203918457e+01
3.112578439712524414e+01
1.809010958671569824e+01
3.869035243988037109e+01
3.047651624679565430e+01
2.317529201507568359e+01
3.293371367454528809e+01
3.163149261474609375e+01
2.621442580223083496e+01
3.251993298530578613e+01
2.029368543624877930e+01
2.433332562446594238e+01
3.260312533378601074e+01
4.427753734588623047e+01
1.521912169456481934e+01
4.227892661094665527e+01
1.657586503028869629e+01
2.251947498321533203e+01
1.559104895591735840e+01
4.163882088661193848e+01
3.580072426795959473e+01
3.241463756561279297e+01
1.743725705146789551e+01
1.223124217987060547e+01
3.360407090187072754e+01
4.461359405517578125e+01
2.536802101135253906e+01
2.899117231369018555e+01
2.760748076438903809e+01
1.597868514060974121e+01
1.339134764671325684e+01
1.505478739738464355e+01
2.426907706260681152e+01
4.279749250411987305e+01
1.607575368881225586e+01
3.307185721397399902e+01
3.641293740272521973e+01
4.277269339561462402e+01
3.269989728927612305e+01
2.026642107963562012e+01
3.187079000473022461e+01
2.082133674621582031e+01
1.216257715225219727e+01
1.739734411239624023e+01
2.441645193099975586e+01
3.279077124595642090e+01
1.568290543556213379e+01
4.117602205276489258e+01
1.559481072425842285e+01
3.451161074638366699e+01
3.314339303970336914e+01
1.591625714302062988e+01
5.754588365554809570e+00
3.463153934478759766e+01
3.927018141746520996e+01
2.481131410598754883e+01
3.218048620223999023e+01
5.280485630035400391e+00
1.137383747100830078e+01
2.651077127456665039e+01
1.502980732917785645e+01
3.417685222625732422e+01
3.231444859504699707e+01
2.112146592140197754e+01
1.764713931083679199e+01
3.054078888893127441e+01
2.008517408370971680e+01
2.568653249740600586e+01
2.341661429405212402e+01
2.920223641395568848e+01
1.935573315620422363e+01
1.346663045883178711e+01
1.877081274986267090e+01
2.073196721076965332e+01
1.064382600784301758e+01
3.925909709930419922e+01
2.090122175216674805e+01
3.251726126670837402e+01
1.937611579895019531e+01
1.451492357254028320e+01
1.743935704231262207e+01
1.639585733413696289e+01
2.086472249031066895e+01
1.989014863967895508e+01
4.611554455757141113e+01
3.501494312286376953e+01
1.859794378280639648e+01
2.015312504768371582e+01
1.853667736053466797e+01
1.733143281936645508e+01
3.455560493469238281e+01
2.060727596282958984e+01
2.585608005523681641e+01
3.085365653038024902e+01
2.769758176803588867e+01
3.337511038780212402e+01
2.020887184143066406e+01
3.638689994812011719e+01
2.533940696716308594e+01
3.023844861984252930e+01
3.260902523994445801e+01
1.173521590232849121e+01
2.434017825126647949e+01
2.222994017601013184e+01
2.985113668441772461e+01
3.215701699256896973e+01
3.870382237434387207e+01
3.058528995513916016e+01
4.245941567420959473e+01
3.610153150558471680e+01
2.412747526168823242e+01
1.968984627723693848e+01
3.656667017936706543e+01
1.624465966224670410e+01
2.987865376472473145e+01
1.498044013977050781e+01
4.208709311485290527e+01
6.799233913421630859e+00
1.284426856040954590e+01
1.571825766563415527e+01
2.399617910385131836e+01
3.554860305786132812e+01
4.535162234306335449e+01
1.195093560218811035e+01
1.450871038436889648e+01
1.906776142120361328e+01
2.293676996231079102e+01
2.528051495552062988e+01
1.705833244323730469e+01
2.337624311447143555e+01
2.981582689285278320e+01
3.754129338264465332e+01
1.465987706184387207e+01
2.286859774589538574e+01
2.416195273399353027e+01
2.708330726623535156e+01
1.199282312393188477e+01
1.300248122215270996e+01
1.961844372749328613e+01
1.314129066467285156e+01
2.885534715652465820e+01
4.077880263328552246e+01
3.684342789649963379e+01
1.731670546531677246e+01
3.622367691993713379e+01
4.466061067581176758e+01
3.019881486892700195e+00
2.007622981071472168e+01
4.203872776031494141e+01
1.217850804328918457e+01
1.820747542381286621e+01
2.856318640708923340e+01
3.238157320022583008e+01
3.308688235282897949e+01
1.668203687667846680e+01
3.873386049270629883e+01
3.124854254722595215e+01
3.776113963127136230e+01
1.758405923843383789e+01
2.074914598464965820e+01
3.046994495391845703e+01
2.637958598136901855e+01
2.037833905220031738e+01
2.807873106002807617e+01
1.969713973999023438e+01
2.515472865104675293e+01
1.922203731536865234e+01
1.875706839561462402e+01
1.904224753379821777e+01
1.816186594963073730e+01
2.336944603919982910e+01
2.703245687484741211e+01
3.081535124778747559e+01
3.423014187812805176e+01
1.408102393150329590e+01
2.226878690719604492e+01
4.005421161651611328e+01
3.949689793586730957e+01
2.376050114631652832e+01
3.252343726158142090e+01
6.026048946380615234e+01
3.333701276779174805e+01
4.404835033416748047e+01
1.441975355148315430e+01
2.028697776794433594e+01
2.135144257545471191e+01
1.679747867584228516e+01
3.333185172080993652e+01
3.835901498794555664e+01
4.476860952377319336e+01
2.593502378463745117e+01
1.925949573516845703e+01
1.073858380317687988e+01
4.095566272735595703e+01
1.325975346565246582e+01
1.287715315818786621e+01
4.130689620971679688e+00
1.273313665390014648e+01
3.521184015274047852e+01
2.326833868026733398e+01
1.478047060966491699e+01
3.295425724983215332e+01
1.613796162605285645e+01
2.495542216300964355e+01
1.765241217613220215e+01
3.449453520774841309e+01
1.533254170417785645e+01
1.800876951217651367e+01
2.886980175971984863e+01
2.793735647201538086e+01
2.288704109191894531e+01
3.246772289276123047e+01
1.960814189910888672e+01
5.524548339843750000e+01
1.746756172180175781e+01
2.162641406059265137e+01
1.806282567977905273e+01
8.172428846359252930e+00
2.190170001983642578e+01
2.502076292037963867e+01
3.728867411613464355e+01
1.954845142364501953e+01
9.874481439590454102e+00
2.638458347320556641e+01
3.675170993804931641e+01
1.682242488861083984e+01
2.178726434707641602e+01
2.440843057632446289e+01
1.797830224037170410e+01
1.504804754257202148e+01
2.548105573654174805e+01
2.231287431716918945e+01
1.643110394477844238e+01
3.548396039009094238e+01
1.574424123764038086e+01
7.784900903701782227e+00
1.049945044517517090e+01
2.726085138320922852e+01
1.684525799751281738e+01
3.450599026679992676e+01
1.857416582107543945e+01
1.966574168205261230e+01
3.261952257156372070e+01
3.036625695228576660e+01
2.528390693664550781e+01
1.176985096931457520e+01
2.180265092849731445e+01
2.012096762657165527e+01
2.192360925674438477e+01
1.930997872352600098e+01
1.748918652534484863e+01
2.157162570953369141e+01
7.000023365020751953e+00
2.320586109161376953e+01
9.916399955749511719e+00
3.821938991546630859e+01
2.409717392921447754e+01
1.502542829513549805e+01
1.832056713104248047e+01
2.308261013031005859e+01
2.214446830749511719e+01
2.772444605827331543e+01
2.160914826393127441e+01
3.654017543792724609e+01
2.936060333251953125e+01
1.918260455131530762e+01
6.927497148513793945e+00
4.230302810668945312e+00
1.948739957809448242e+01
2.984300804138183594e+01
2.609106326103210449e+01
2.609796953201293945e+01
2.102280998229980469e+01
3.359872341156005859e+01
6.035727810859680176e+01
3.076326823234558105e+01
2.665876722335815430e+01
3.344700479507446289e+01
2.446395683288574219e+01
1.991560935974121094e+00
2.317541956901550293e+01
3.297066760063171387e+01
2.385738062858581543e+01
3.133428382873535156e+01
2.055380725860595703e+01
2.935976886749267578e+01
2.994662356376647949e+01
3.961034750938415527e+01
2.649890875816345215e+01
2.947064995765686035e+01
2.801247644424438477e+01
3.360256385803222656e+01
1.761909079551696777e+01
3.030673933029174805e+01
2.942398333549499512e+01
1.402322030067443848e+01
2.587048912048339844e+01
2.886704921722412109e+01
1.739883804321289062e+01
1.259247183799743652e+01
1.241638898849487305e+01
1.583547544479370117e+01
9.582741737365722656e+00
2.319108986854553223e+01
1.386219763755798340e+01
7.576143980026245117e+00
2.929976439476013184e+01
3.057713389396667480e+01
1.557346773147583008e+01
2.997503662109375000e+01
2.499697947502136230e+01
1.284579539299011230e+01
3.745569992065429688e+01
6.007351160049438477e+00
3.540903973579406738e+01
3.132120466232299805e+01
1.630672979354858398e+01
8.608216762542724609e+00
3.472854208946228027e+01
1.338468170166015625e+01
1.898178958892822266e+01
2.148023748397827148e+01
2.247526264190673828e+01
3.840313982963562012e+01
1.753288674354553223e+01
2.162640380859375000e+01
3.151690459251403809e+01
3.108974552154541016e+01
2.856792688369750977e+00
1.473132658004760742e+01
2.617070198059082031e+01
3.054723644256591797e+01
1.750285387039184570e+01
1.490067362785339355e+01
1.240751695632934570e+01
1.657943534851074219e+01
2.581479263305664062e+01
2.657386088371276855e+01
3.464415144920349121e+01
3.435046887397766113e+01
2.425387001037597656e+01
1.571511793136596680e+01
3.679240965843200684e+01
1.616582155227661133e+01
2.024566984176635742e+01
9.712600946426391602e+00
1.063254952430725098e+01
1.584518337249755859e+01
7.619799613952636719e+00
1.202597951889038086e+01
1.154152417182922363e+01
8.414684057235717773e+00
2.299160575866699219e+01
1.176365876197814941e+01
1.168302273750305176e+01
3.814410924911499023e+01
2.018563008308410645e+01
1.436092591285705566e+01
1.106583619117736816e+01
9.735775470733642578e+00
1.590723037719726562e+01
2.195098447799682617e+01
1.770636701583862305e+01
2.849059915542602539e+01
1.604326748847961426e+01
3.976495051383972168e+01
1.467197227478027344e+01
6.220760107040405273e+00
1.853360056877136230e+01
1.977429866790771484e+01
1.602899074554443359e+01
2.084390568733215332e+01
1.575650405883789062e+01
1.386755514144897461e+01
1.289240145683288574e+01
4.061940360069274902e+01
2.330343508720397949e+01
1.260975384712219238e+01
2.368975472450256348e+01
2.427545642852783203e+01
2.785155749320983887e+01
2.095122361183166504e+01
2.481050610542297363e+01
4.284063243865966797e+01
1.923033738136291504e+01
3.796905207633972168e+01
2.968986034393310547e+01
4.600454115867614746e+01
1.834742379188537598e+01
1.513178253173828125e+01
1.623980879783630371e+01
2.857727575302124023e+01
2.465716814994812012e+01
2.865686011314392090e+01
3.056033802032470703e+01
2.697371673583984375e+01
1.873124098777770996e+01
2.008355569839477539e+01
1.825052785873413086e+01
2.369850254058837891e+01
3.214015126228332520e+01
1.801810836791992188e+01
6.779281616210937500e+00
1.748690772056579590e+01
2.651547074317932129e+01
2.176451182365417480e+01
1.249797534942626953e+01
2.560384511947631836e+01
1.965340971946716309e+01
8.687067270278930664e+00
3.471343684196472168e+01
1.654551696777343750e+01
5.738327097892761230e+01
1.746113562583923340e+01
3.024049806594848633e+01
2.308439970016479492e+01
1.246166157722473145e+01
2.688803768157958984e+01
1.616355752944946289e+01
4.627778887748718262e+01
2.415735077857971191e+01
1.331990861892700195e+01
1.911105704307556152e+01
2.137444782257080078e+01
1.228818941116333008e+01
1.911619091033935547e+01
1.571327400207519531e+01
3.164723014831542969e+01
3.583733725547790527e+01
3.044290208816528320e+01
3.368257570266723633e+01
1.818269872665405273e+01
3.474623274803161621e+01
2.500452184677124023e+01
1.276966428756713867e+01
2.749047064781188965e+01
7.301602125167846680e+00
2.010706138610839844e+01
1.206792593002319336e+01
2.124428391456604004e+01
2.546839785575866699e+01
2.937304925918579102e+01
3.589073133468627930e+01
2.967922043800354004e+01
6.602908611297607422e+00
3.159610366821289062e+01
2.855062055587768555e+01
2.316315460205078125e+01
2.236244082450866699e+01
1.592666888236999512e+01
3.247947239875793457e+01
2.265488195419311523e+01
2.125010228157043457e+01
2.715510463714599609e+01
3.141898918151855469e+01
1.629167175292968750e+01
3.432680606842041016e+01
3.278581547737121582e+01
7.781382560729980469e+00
3.223950767517089844e+01
3.223719763755798340e+01
2.011390209197998047e+01
3.273840379714965820e+01
2.367536354064941406e+01
2.635045695304870605e+01
2.247652196884155273e+01
2.764965248107910156e+01
2.964802670478820801e+01
5.708687305450439453e+00
1.321174764633178711e+01
2.453706526756286621e+01
1.948707818984985352e+01
2.892831158638000488e+01
2.244743442535400391e+01
2.995599269866943359e+01
1.889638662338256836e+01
2.911462664604187012e+01
3.306863880157470703e+01
6.164202213287353516e+00
2.298966646194458008e+01
1.436061215400695801e+01
2.919992589950561523e+01
2.792329835891723633e+01
2.021513366699218750e+01
2.546347784996032715e+01
3.531452655792236328e+01
4.200428175926208496e+01
2.599894142150878906e+01
2.372592282295227051e+01
2.224309062957763672e+01
1.095012497901916504e+01
2.105904102325439453e+01
2.343089962005615234e+01
3.196560144424438477e+01
2.537370610237121582e+01
2.931687045097351074e+01
1.728952908515930176e+01
3.532726335525512695e+01
2.741198277473449707e+01
2.886390185356140137e+01
6.854427337646484375e+00
1.799718379974365234e+01
2.900216460227966309e+01
2.614498376846313477e+01
5.597842454910278320e+00
1.456482338905334473e+01
2.918807601928710938e+01
2.886467051506042480e+01
2.564139151573181152e+01
3.040617299079895020e+01
3.067185044288635254e+01
9.372677803039550781e+00
2.875173354148864746e+01
4.898122644424438477e+01
3.671764707565307617e+01
2.410180115699768066e+01
2.108751821517944336e+01
1.715925955772399902e+01
3.921496009826660156e+01
2.687306094169616699e+01
2.733306050300598145e+01
2.288036179542541504e+01
2.578075122833251953e+01
1.518740248680114746e+01
1.092572784423828125e+01
2.129703450202941895e+01
1.933479666709899902e+01
2.508926749229431152e+01
2.488809776306152344e+01
1.637462639808654785e+01
5.428089857101440430e+00
4.111033797264099121e+01
3.804009461402893066e+01
1.106994533538818359e+01
1.250634789466857910e+01
9.887430191040039062e+00
1.006123518943786621e+01
7.114376783370971680e+00
1.184044766426086426e+01
9.446897983551025391e+00
2.756331777572631836e+01
8.569979906082153320e+00
2.445413208007812500e+01
2.319783163070678711e+01
2.373380327224731445e+01
1.090525245666503906e+01
2.716958975791931152e+01
1.599701499938964844e+01
2.789183306694030762e+01
3.063387751579284668e+01
2.594357943534851074e+01
1.557889008522033691e+01
2.712921833992004395e+01
8.872043609619140625e+00
3.450595498085021973e+01
1.750303936004638672e+01
3.156506514549255371e+01
2.574378991127014160e+01
3.327305412292480469e+01
1.330488157272338867e+01
1.341153097152709961e+01
2.615049076080322266e+01
1.208193564414978027e+01
3.324388003349304199e+01
4.040743732452392578e+01
2.329792904853820801e+01
4.123133325576782227e+01
2.639704775810241699e+01
3.391135001182556152e+01
2.865636134147644043e+01
2.461173558235168457e+01
1.636253118515014648e+01
3.882080078125000000e+00
1.255554127693176270e+01
1.181615781784057617e+01
1.683421516418457031e+01
2.118610310554504395e+01
1.764308404922485352e+01
5.066916012763977051e+01
3.452989602088928223e+01
4.937595033645629883e+01
3.185489583015441895e+01
5.147457981109619141e+01
1.063751459121704102e+01
4.563200974464416504e+01
2.578180408477783203e+01
3.208585381507873535e+01
3.492550134658813477e+00
1.675164747238159180e+01
2.142749142646789551e+01
8.946358203887939453e+00
1.764095401763916016e+01
3.922399401664733887e+01
5.881047010421752930e+00
3.864470195770263672e+01
3.634507274627685547e+01
1.046126151084899902e+01
7.613259553909301758e+00
1.649890518188476562e+01
3.277643418312072754e+01
8.723213672637939453e+00
1.528629183769226074e+01
2.542459487915039062e+00
1.167405438423156738e+01
1.067098999023437500e+01
9.057816743850708008e+00
1.486928677558898926e+01
1.830111527442932129e+01
1.755773043632507324e+01
1.572952008247375488e+01
3.283853292465209961e+01
4.311442852020263672e+00
1.940664505958557129e+01
1.751991224288940430e+01
1.591757893562316895e+01
2.144760370254516602e+01
6.520344972610473633e+00
1.037581062316894531e+01
9.306865453720092773e+00
3.955349159240722656e+01
6.255903959274291992e+00
1.530900764465332031e+01
1.991423630714416504e+01
2.269626116752624512e+01
2.240155172348022461e+01
2.303620743751525879e+01
2.624355149269104004e+01
1.871899795532226562e+01
1.634714412689208984e+01
1.334024071693420410e+01
2.418658995628356934e+01
8.028559446334838867e+00
9.909518957138061523e+00
2.270548057556152344e+01
1.691907167434692383e+01
2.354615521430969238e+01
1.869501304626464844e+01
1.229283499717712402e+01
3.015636658668518066e+01
1.500191664695739746e+01
8.829329967498779297e+00
2.033380246162414551e+01
9.292962551116943359e+00
2.360102581977844238e+01
9.935098171234130859e+00
2.102861022949218750e+01
1.511539244651794434e+01
2.184191656112670898e+01
2.814129114151000977e+00
1.217522788047790527e+01
1.419256854057312012e+01
1.311386895179748535e+01
2.421439170837402344e+01
1.901324343681335449e+01
1.667845320701599121e+01
8.101345777511596680e+00
1.106534314155578613e+01
1.849789476394653320e+01
3.903044128417968750e+01
3.087230086326599121e+01
6.575483798980712891e+00
1.110098218917846680e+01
1.216493439674377441e+01
3.627857446670532227e+00
3.480304002761840820e+00
2.378335952758789062e+01
1.357467007637023926e+01
1.020102071762084961e+01
1.748252844810485840e+01
1.701289987564086914e+01
2.290570735931396484e+00
2.053998827934265137e+01
1.025044798851013184e+01
1.648615908622741699e+01
2.210452294349670410e+01
2.180722665786743164e+01
2.437397122383117676e+01
1.759899830818176270e+01
1.337441992759704590e+01
3.597620892524719238e+01
2.443941617012023926e+01
2.372329354286193848e+01
1.341731548309326172e+00
1.206907296180725098e+01
1.136377286911010742e+01
2.365867972373962402e+01
2.888726592063903809e+01
2.168991422653198242e+01
2.567506289482116699e+01
1.721469402313232422e+01
2.918628382682800293e+01
3.593804836273193359e+01
1.712960624694824219e+01
1.663402557373046875e+01
2.168262648582458496e+01
1.600636863708496094e+01
2.682217049598693848e+01
2.152710247039794922e+01
2.463144016265869141e+01
1.954820251464843750e+01
2.902591538429260254e+01
1.256370735168457031e+01
3.210145235061645508e+01
1.808844113349914551e+01
2.763536572456359863e+01
6.257729291915893555e+00
2.147334575653076172e+01
3.117049217224121094e+00
2.970278406143188477e+01
1.195483541488647461e+01
3.328487420082092285e+01
2.911955404281616211e+01
6.968616008758544922e+00
2.830417776107788086e+01
2.740416836738586426e+01
1.770046567916870117e+01
2.661183762550354004e+01
1.242134952545166016e+01
1.893653941154479980e+01
2.709079360961914062e+01
2.471108078956604004e+01
4.738502430915832520e+01
2.320546460151672363e+01
2.635456132888793945e+01
3.442671728134155273e+01
2.016635012626647949e+01
1.413890218734741211e+01
2.696933460235595703e+01
1.312608981132507324e+01
8.799951553344726562e+00
3.621959543228149414e+01
4.244703602790832520e+01
1.509859323501586914e+01
3.057381582260131836e+01
2.885506367683410645e+01
1.451788711547851562e+01
5.831050491333007812e+01
1.428525662422180176e+01
3.719599461555480957e+01
2.619515275955200195e+01
1.270423126220703125e+01
1.780161309242248535e+01
1.173229455947875977e+01
2.505162644386291504e+01
3.751235795021057129e+01
2.160626220703125000e+01
1.530948185920715332e+01
1.600769567489624023e+01
3.452816081047058105e+01
2.841048073768615723e+01
2.315844941139221191e+01
2.970247936248779297e+01
2.144808793067932129e+01
3.521126556396484375e+01
2.947789335250854492e+01
9.383649349212646484e+00
2.332086873054504395e+01
2.326896119117736816e+01
1.785237002372741699e+01
1.697026777267456055e+01
2.519272804260253906e+01
3.310345697402954102e+01
3.828413724899291992e+01
8.139207363128662109e-01
3.511313438415527344e+00
2.690924596786499023e+01
2.634636878967285156e+00
2.377217483520507812e+01
3.197542667388916016e+01
2.590152931213378906e+01
2.865786814689636230e+01
3.063256478309631348e+01
4.159672713279724121e+01
2.981456875801086426e+01
2.804974055290222168e+01
2.137987422943115234e+01
1.898966693878173828e+01
2.428266739845275879e+01
1.369404530525207520e+01
2.232009649276733398e+01
2.601327323913574219e+01
2.281404852867126465e+01
2.264029908180236816e+01
3.662059593200683594e+01
2.242217516899108887e+01
3.940646815299987793e+01
2.375929856300354004e+01
1.964524126052856445e+01
2.694825553894042969e+01
1.187478017807006836e+01
2.228453755378723145e+01
2.077155470848083496e+01
1.415257000923156738e+01
2.294844579696655273e+01
2.828464674949645996e+01
2.306975197792053223e+01
3.409092116355895996e+01
6.129913806915283203e+00
2.855698037147521973e+01
2.107708597183227539e+01
1.147775936126708984e+01
3.791993665695190430e+01
2.174282455444335938e+01
3.365643501281738281e+01
1.263570928573608398e+01
9.799110889434814453e+00
2.995620083808898926e+01
2.078423166275024414e+01
2.453658366203308105e+01
3.205760931968688965e+01
2.651140904426574707e+01
2.066308379173278809e+01
2.621440935134887695e+01
2.879023480415344238e+01
9.751764535903930664e+00
2.466455149650573730e+01
3.019024467468261719e+01
5.612088203430175781e+00
7.766459941864013672e+00
4.041936874389648438e+00
1.601613068580627441e+01
8.362987518310546875e+00
2.492292594909667969e+01
6.351257514953613281e+01
3.812646484375000000e+01
6.604722976684570312e+00
3.003299832344055176e+01
4.423825478553771973e+01
1.397762227058410645e+01
3.281266903877258301e+01
1.624307107925415039e+01
2.533482813835144043e+01
2.647628092765808105e+01
2.897271418571472168e+01
5.557779765129089355e+01
2.723347139358520508e+01
2.066154670715332031e+01
1.956556367874145508e+01
2.483199977874755859e+01
4.137674212455749512e+01
1.724985718727111816e+01
2.445282602310180664e+01
3.557187342643737793e+01
3.478805136680603027e+01
3.148822116851806641e+01
2.926421928405761719e+01
2.666511225700378418e+01
4.106429505348205566e+01
3.211377620697021484e+01
1.693641138076782227e+01
2.718235683441162109e+01
3.357272219657897949e+01
1.168352627754211426e+01
2.685328769683837891e+01
2.929021859169006348e+01
9.653300523757934570e+00
2.827489566802978516e+01
3.591373562812805176e+01
2.135914182662963867e+01
1.991333746910095215e+01
1.133438348770141602e+00
2.491526269912719727e+01
7.892305135726928711e+00
2.933728480339050293e+01
3.152085089683532715e+01
1.832367539405822754e+01
3.183994507789611816e+01
3.469007825851440430e+01
2.998232984542846680e+01
3.075833988189697266e+01
4.929746150970458984e+00
3.439394640922546387e+01
3.594856548309326172e+01
3.018325138092041016e+01
3.365481042861938477e+01
3.240076041221618652e+01
1.453469777107238770e+01
2.854158592224121094e+01
2.167733645439147949e+01
1.447887563705444336e+01
1.831139898300170898e+01
3.010367321968078613e+01
3.430653023719787598e+01
3.656090426445007324e+01
2.715398573875427246e+01
3.799683690071105957e+01
1.433072972297668457e+01
1.072929859161376953e+01
3.635446739196777344e+01
3.420346879959106445e+01
2.172097182273864746e+01
9.693275451660156250e+00
3.283712911605834961e+01
4.201714849472045898e+01
2.235427474975585938e+01
1.010093617439270020e+01
3.262423205375671387e+01
3.348945999145507812e+01
2.360797524452209473e+01
1.357106113433837891e+01
4.603341341018676758e+00
3.881392836570739746e+01
2.101610541343688965e+01
1.416769862174987793e+01
5.014777350425720215e+01
2.314689087867736816e+01
3.531545138359069824e+01
4.000089550018310547e+01
8.803295373916625977e+00
2.257293033599853516e+01
2.362187504768371582e+01
2.316986346244812012e+01
2.749113559722900391e+01
2.252045011520385742e+01
3.388550901412963867e+01
1.592069172859191895e+01
3.912528014183044434e+01
3.748054695129394531e+01
2.362837862968444824e+01
1.750044012069702148e+01
3.643866062164306641e+01
1.906584453582763672e+01
2.540169811248779297e+01
4.247866296768188477e+01
3.803837704658508301e+01
1.778394675254821777e+01
4.156586909294128418e+01
1.444894242286682129e+01
1.617345833778381348e+01
3.923725461959838867e+01
1.864310956001281738e+01
2.613054490089416504e+01
2.888193249702453613e+01
1.072425866127014160e+01
4.653518629074096680e+01
1.768402075767517090e+01
3.384505796432495117e+01
2.164360809326171875e+01
1.964389324188232422e+01
2.725373649597167969e+01
2.139551091194152832e+01
1.825385689735412598e+01
4.697050881385803223e+01
2.553509593009948730e+01
5.362024140357971191e+01
3.535417222976684570e+01
3.536459636688232422e+01
1.847129893302917480e+01
3.971663999557495117e+01
3.221892070770263672e+01
2.065662384033203125e+01
5.279359459877014160e+01
3.983610057830810547e+01
3.786078453063964844e+01
1.385713672637939453e+01
1.182060694694519043e+01
4.572192740440368652e+01
1.921602392196655273e+01
1.043188929557800293e+01
2.143614006042480469e+01
2.064054441452026367e+01
2.780181956291198730e+01
3.285395145416259766e+00
2.195312595367431641e+01
1.009926772117614746e+01
2.385603880882263184e+01
8.061017274856567383e+00
3.610492110252380371e+01
1.975553750991821289e+01
3.009124565124511719e+01
2.335796713829040527e+01
7.190805912017822266e+00
1.559874677658081055e+01
1.075596880912780762e+01
2.427886772155761719e+01
1.042951560020446777e+01
3.449588775634765625e+01
2.612591958045959473e+01
1.186561226844787598e+01
5.263891029357910156e+01
2.512189078330993652e+01
3.366612195968627930e+00
4.328829360008239746e+01
3.160633015632629395e+01
3.274482131004333496e+01
6.791685914993286133e+01
4.869791913032531738e+01
4.383990979194641113e+01
1.418726968765258789e+01
5.581708455085754395e+01
1.113883852958679199e+01
2.672199964523315430e+01
1.680632376670837402e+01
1.302799224853515625e+01
1.009118652343750000e+01
9.120528459548950195e+00
1.522604942321777344e+01
1.243257284164428711e+01
2.499898958206176758e+01
6.006537413597106934e+01
1.421230483055114746e+01
9.927897453308105469e+00
4.081992030143737793e+01
2.496816205978393555e+01
3.413682174682617188e+01
2.846572399139404297e+00
4.406735396385192871e+01
2.161745786666870117e+00
2.167529749870300293e+01
3.006540584564208984e+01
1.723371553421020508e+01
1.081049323081970215e+01
2.203649830818176270e+01
4.626453137397766113e+01
7.482055425643920898e+00
4.593830227851867676e+01
1.360591983795166016e+01
2.324352931976318359e+01
2.714169359207153320e+01
2.494899964332580566e+01
6.125745773315429688e+00
2.469023537635803223e+01
2.802911663055419922e+01
4.092245960235595703e+01
1.664305186271667480e+01
3.719291687011718750e+00
1.369920063018798828e+01
2.104554939270019531e+01
1.844149422645568848e+01
4.743751788139343262e+01
4.972882103919982910e+01
1.616442275047302246e+01
5.090018272399902344e+00
2.817768120765686035e+01
1.566541981697082520e+01
4.568464303016662598e+01
2.790012836456298828e+00
4.457366776466369629e+01
2.866696119308471680e+01
8.401328325271606445e+00
2.479421472549438477e+01
1.482309174537658691e+01
1.753332805633544922e+01
1.847943902015686035e+01
1.446354746818542480e+01
1.868280434608459473e+01
3.178935313224792480e+01
3.203765559196472168e+01
1.993872213363647461e+01
2.737907218933105469e+01
4.686178803443908691e+01
2.318552184104919434e+01
2.554272246360778809e+01
1.952739715576171875e+01
3.277365255355834961e+01
5.502821254730224609e+01
1.740337395668029785e+01
5.033326411247253418e+01
4.206892943382263184e+01
1.310547518730163574e+01
9.346358776092529297e+00
5.582955360412597656e+00
8.166962623596191406e+00
3.061279964447021484e+01
3.813920712471008301e+01
9.452522993087768555e+00
2.025411891937255859e+01
5.109232163429260254e+01
2.166734099388122559e+01
2.675771403312683105e+01
2.818936276435852051e+01
2.100865674018859863e+01
3.127682614326477051e+01
3.839288234710693359e+01
1.113472056388854980e+01
3.552325773239135742e+01
8.966747045516967773e+00
4.427207922935485840e+01
2.668012237548828125e+01
2.822988915443420410e+01
3.936504840850830078e+01
4.831977486610412598e+01
2.428738689422607422e+01
3.814060330390930176e+01
2.868840861320495605e+01
8.277492284774780273e+00
5.904820442199707031e+01
4.542934679985046387e+01
2.819007205963134766e+01
4.604189515113830566e+01
1.020964813232421875e+01
2.598681092262268066e+01
1.097970271110534668e+01
3.214166402816772461e+01
8.150215625762939453e+00
2.032333421707153320e+01
3.289606928825378418e+01
5.989595055580139160e+01
4.022384381294250488e+01
1.196621990203857422e+01
1.471674990653991699e+01
1.208754658699035645e+01
1.093578815460205078e+01
2.267466115951538086e+01
2.414713263511657715e+01
2.468641710281372070e+01
1.985473966598510742e+01
2.610033726692199707e+01
1.945744919776916504e+01
3.987385272979736328e+01
2.001723527908325195e+01
1.820375680923461914e+01
2.080406522750854492e+01
2.134289073944091797e+01
2.726992273330688477e+01
3.837779474258422852e+01
1.449266934394836426e+01
3.023122382164001465e+01
2.306104922294616699e+01
1.448286700248718262e+01
4.070910072326660156e+01
4.319116759300231934e+01
1.259900355339050293e+01
2.253651785850524902e+01
2.698897933959960938e+01
1.646891164779663086e+01
2.839746475219726562e+01
6.437600374221801758e+00
3.516351127624511719e+01
3.209113478660583496e+01
2.508318257331848145e+01
1.976938700675964355e+01
2.918592166900634766e+01
2.740582418441772461e+01
3.282232522964477539e+01
2.584905505180358887e+01
2.648601245880126953e+01
1.542848873138427734e+01
4.025184321403503418e+01
2.907041072845458984e+00
2.632878327369689941e+01
3.268465900421142578e+01
2.272098112106323242e+01
6.101497507095336914e+01
1.492816233634948730e+01
2.274465394020080566e+01
3.080927109718322754e+01
8.143216848373413086e+00
3.039394521713256836e+01
2.598013520240783691e+01
2.900117087364196777e+01
4.362607145309448242e+01
2.127229881286621094e+01
1.836257719993591309e+01
1.663113331794738770e+01
1.570711159706115723e+01
9.144192218780517578e+00
2.060111570358276367e+01
2.932265472412109375e+01
3.378936862945556641e+01
2.032923293113708496e+01
4.131069731712341309e+01
1.225891876220703125e+01
1.474824690818786621e+01
9.716111421585083008e+00
1.771123647689819336e+00
3.388939785957336426e+01
1.920821928977966309e+01
4.467751979827880859e+00
2.868073201179504395e+01
3.754685115814208984e+01
1.481997656822204590e+01
2.025640034675598145e+01
4.415617513656616211e+01
4.824771952629089355e+01
3.384424018859863281e+01
2.484694314002990723e+01
1.730439114570617676e+01
2.004045534133911133e+01
2.466592192649841309e+01
8.053870677947998047e+00
1.609712862968444824e+01
3.616885972023010254e+01
1.978169798851013184e+01
2.153355002403259277e+01
3.612958621978759766e+01
1.397573995590209961e+01
2.719398379325866699e+01
2.652769970893859863e+01
3.135305547714233398e+01
3.278560233116149902e+01
2.530725908279418945e+01
3.213538122177124023e+01
1.869504690170288086e+01
3.458802628517150879e+01
9.693094968795776367e+00
1.583813261985778809e+01
2.996421289443969727e+01
1.244004559516906738e+01
2.453806114196777344e+01
2.361963152885437012e+01
3.333412957191467285e+01
2.972161936759948730e+01
4.330146694183349609e+01
3.618116617202758789e+01
1.774934339523315430e+01
1.402007818222045898e+01
3.549046015739440918e+01
1.572880268096923828e+01
3.892762589454650879e+01
5.770241022109985352e+00
1.885981822013854980e+01
1.754106235504150391e+01
2.000063228607177734e+01
3.017909622192382812e+01
2.275168585777282715e+01
3.915422916412353516e+01
1.115455341339111328e+01
1.861436271667480469e+01
8.824902534484863281e+00
2.924611020088195801e+01
8.616816520690917969e+00
1.473906993865966797e+01
2.116410636901855469e+01
1.923798322677612305e+01
1.733329105377197266e+01
2.835717940330505371e+01
2.426820778846740723e+01
2.987196731567382812e+01
1.391601896286010742e+01
2.052109742164611816e+01
2.339093255996704102e+01
9.250677347183227539e+00
2.342475318908691406e+01
2.401820039749145508e+01
1.555691504478454590e+01
2.075506043434143066e+01
2.079520297050476074e+01
3.286042261123657227e+01
4.169732427597045898e+01
3.167955398559570312e+00
2.114353370666503906e+01
1.070212817192077637e+01
1.028266477584838867e+01
1.868650174140930176e+01
2.389962410926818848e+01
3.348557591438293457e+01
2.178071308135986328e+01
1.943302989006042480e+01
3.999507427215576172e+01
4.476363277435302734e+01
1.661864566802978516e+01
3.524452447891235352e+01
2.156899404525756836e+01
2.055976891517639160e+01
2.153398537635803223e+01
1.379727244377136230e+01
1.894772696495056152e+01
6.368534564971923828e+00
1.358143568038940430e+00
2.177301001548767090e+01
5.104388427734375000e+01
2.696106743812561035e+01
3.384388446807861328e+00
2.452113437652587891e+01
1.462223172187805176e+01
2.443560409545898438e+01
2.623671054840087891e+01
1.385812306404113770e+01
1.031888461112976074e+01
3.000325655937194824e+01
3.712678742408752441e+01
2.621738028526306152e+01
1.655575323104858398e+01
2.552698850631713867e+01
6.034089326858520508e+00
1.498149371147155762e+01
2.498108839988708496e+01
7.513105630874633789e+00
3.818850159645080566e+01
2.000945591926574707e+01
2.309454512596130371e+01
1.903243350982666016e+01
1.411209559440612793e+01
3.612597227096557617e+00
2.978262186050415039e+01
1.409883308410644531e+01
1.938477873802185059e+01
3.549333810806274414e+00
9.169496059417724609e+00
4.403549671173095703e+00
5.090570211410522461e+00
2.554823470115661621e+01
2.351116085052490234e+01
3.120091867446899414e+01
1.572881817817687988e+01
5.435405969619750977e+00
2.964824938774108887e+01
3.116643762588500977e+01
2.576981639862060547e+01
3.335113549232482910e+01
8.507190942764282227e+00
3.063594722747802734e+01
2.176812434196472168e+01
2.144082903861999512e+01
2.942679595947265625e+01
3.315742206573486328e+01
8.792955160140991211e+00
1.241067552566528320e+01
3.818514633178710938e+01
2.992758679389953613e+01
2.963945412635803223e+01
6.882354021072387695e+00
2.699580836296081543e+01
1.710035252571105957e+01
3.012929272651672363e+01
3.614691042900085449e+01
3.495069432258605957e+01
7.504483222961425781e+00
2.236683607101440430e+01
3.056407713890075684e+01
2.918280839920043945e+01
1.117963194847106934e+01
3.031700801849365234e+01
1.208609294891357422e+01
2.265003442764282227e+01
2.733015847206115723e+01
9.061563253402709961e+00
2.703463625907897949e+01
2.575034737586975098e+01
1.910947012901306152e+01
2.587884593009948730e+01
1.264423537254333496e+01
4.918563294410705566e+01
2.071222257614135742e+01
1.464699745178222656e+00
4.040543532371520996e+01
4.498042583465576172e+01
1.434330153465270996e+01
1.131916260719299316e+01
1.987543463706970215e+01
3.324083971977233887e+01
1.890758585929870605e+01
4.612190723419189453e+00
3.080471897125244141e+01
5.099742555618286133e+01
4.808414316177368164e+01
1.700543403625488281e+01
1.158592915534973145e+01
2.666179728507995605e+01
1.160303211212158203e+01
4.380217099189758301e+01
1.299758243560791016e+01
2.326510381698608398e+01
1.819514513015747070e+01
1.758859348297119141e+01
3.714998006820678711e+01
2.095065712928771973e+01
4.034194660186767578e+01
2.290042400360107422e+01
4.767659735679626465e+01
2.200716948509216309e+01
3.518651771545410156e+01
6.277636051177978516e+00
1.612022256851196289e+01
2.922147035598754883e+00
2.273591375350952148e+01
3.590374994277954102e+01
4.406963825225830078e+00
2.757844448089599609e+01
2.052811980247497559e+01
3.421748590469360352e+01
2.219362616539001465e+01
3.344190430641174316e+01
1.880343985557556152e+01
1.604428100585937500e+01
2.573978376388549805e+01
7.825986862182617188e+00
2.774102330207824707e+01
1.761597657203674316e+01
2.132005858421325684e+01
1.503371214866638184e+01
2.866502165794372559e+01
9.642454624176025391e+00
3.058782839775085449e+01
1.938533401489257812e+01
2.301562047004699707e+01
1.433733630180358887e+01
1.591648530960083008e+01
1.247330474853515625e+01
3.820727276802062988e+01
1.947934365272521973e+01
1.941153955459594727e+01
1.420235323905944824e+01
3.868217492103576660e+01
1.705833911895751953e+01
2.296414685249328613e+01
4.065828371047973633e+01
3.228054046630859375e+01
1.599292922019958496e+01
3.750869488716125488e+01
1.588736486434936523e+01
1.908787703514099121e+01
5.110661697387695312e+01
1.605372357368469238e+01
1.797971987724304199e+01
3.936147642135620117e+01
2.703775548934936523e+01
1.639890432357788086e+00
1.838229918479919434e+01
1.884295725822448730e+01
5.614073085784912109e+01
2.943516874313354492e+01
2.580694174766540527e+01
1.937679076194763184e+01
2.201874995231628418e+01
2.113496875762939453e+01
2.667482876777648926e+01
1.049496316909790039e+01
2.110650277137756348e+01
1.881810021400451660e+01
2.692342686653137207e+01
3.986637854576110840e+01
2.983377933502197266e+01
1.893204283714294434e+01
1.081233668327331543e+01
7.245388031005859375e+00
2.588546204566955566e+01
2.567924237251281738e+01
1.417464923858642578e+01
2.386046695709228516e+01
1.743327999114990234e+01
1.206303310394287109e+01
3.144990205764770508e+01
1.982767844200134277e+01
1.610769176483154297e+01
4.280680060386657715e+01
3.080904817581176758e+01
2.917952156066894531e+01
1.423757314682006836e+00
3.003753709793090820e+01
2.805739688873291016e+01
1.755607008934020996e+01
3.094338512420654297e+01
2.310848426818847656e+01
1.646526026725769043e+01
1.812600588798522949e+01
1.404979848861694336e+01
4.401614451408386230e+01
4.268422746658325195e+01
3.681328558921813965e+01
2.119704604148864746e+01
1.356476950645446777e+01
1.602991962432861328e+01
2.077042484283447266e+01
3.270214104652404785e+01
2.747620058059692383e+01
2.068847370147705078e+01
1.329270339012145996e+01
1.845507240295410156e+01
2.282521581649780273e+01
1.672869086265563965e+01
4.399845862388610840e+01
1.727232170104980469e+01
2.652230811119079590e+01
3.343851494789123535e+01
1.513126945495605469e+01
1.915463423728942871e+01
2.078879094123840332e+01
1.418407201766967773e+01
4.290521383285522461e+01
1.860539293289184570e+01
2.127059268951416016e+01
5.030619144439697266e+01
1.336985588073730469e+01
2.443461966514587402e+01
2.812224197387695312e+01
3.574126005172729492e+01
2.252823495864868164e+01
2.838530540466308594e+01
1.667902398109436035e+01
1.812373828887939453e+01
2.500924777984619141e+01
5.933202552795410156e+01
1.428932785987854004e+01
6.219416856765747070e+00
4.668926620483398438e+01
2.410487914085388184e+01
2.382746005058288574e+01
2.558135461807250977e+01
1.784716844558715820e+01
6.618133068084716797e+00
2.180496883392333984e+01
1.672318696975708008e+01
1.418968558311462402e+01
2.324834108352661133e+01
1.848579335212707520e+01
2.458868575096130371e+01
3.327090644836425781e+01
2.000698447227478027e+01
3.345602440834045410e+01
2.295952010154724121e+01
2.888382291793823242e+01
2.141481399536132812e+00
3.458873295783996582e+01
1.637253284454345703e+00
2.662296724319458008e+01
8.789559602737426758e+00
2.169041824340820312e+01
1.835659027099609375e+01
3.002228522300720215e+01
2.576546764373779297e+01
2.799834728240966797e+01
2.423741030693054199e+01
2.247190427780151367e+01
2.712694644927978516e+00
2.626251554489135742e+01
2.574187421798706055e+01
2.388338088989257812e+00
7.301636934280395508e+00
8.619017362594604492e+00
3.192344927787780762e+01
3.244574499130249023e+01
4.087947559356689453e+01
4.696723866462707520e+01
3.331814146041870117e+01
5.311557579040527344e+01
2.641597700119018555e+01
3.610686993598937988e+01
6.485841751098632812e+00
1.657330560684204102e+01
3.263911533355712891e+01
1.985233402252197266e+01
3.011917185783386230e+01
3.315782380104064941e+01
2.429707026481628418e+01
2.354965138435363770e+01
2.058146047592163086e+01
4.043637275695800781e+00
2.409045433998107910e+01
3.878827118873596191e+01
2.511487722396850586e+00
9.275770902633666992e+00
2.657009363174438477e+00
2.492752647399902344e+01
1.225907802581787109e+01
3.314392566680908203e+01
3.286966562271118164e+01
4.197342729568481445e+01
4.063875198364257812e+01
2.884673285484313965e+01
5.365593695640563965e+01
2.670939373970031738e+01
7.268776178359985352e+00
4.092551040649414062e+01
4.206886887550354004e+01
3.161714410781860352e+01
3.026143026351928711e+01
2.801481747627258301e+01
2.149847817420959473e+01
2.258947658538818359e+01
8.355838298797607422e+00
1.848512506484985352e+01
2.939260411262512207e+01
3.272525525093078613e+01
3.350085163116455078e+01
2.549656820297241211e+01
3.517724251747131348e+01
2.654063844680786133e+01
2.520932960510253906e+01
3.042864680290222168e+01
3.511299276351928711e+01
1.985428547859191895e+01
3.459823489189147949e+01
2.941080880165100098e+01
3.107579994201660156e+01
2.368809771537780762e+01
1.806382775306701660e+01
1.287538266181945801e+01
2.278491139411926270e+01
1.588541650772094727e+01
3.655037426948547363e+01
3.221939420700073242e+01
3.117951345443725586e+01
1.143692183494567871e+01
3.221925783157348633e+01
3.887540912628173828e+01
2.635662484169006348e+01
1.505992412567138672e+01
1.836697149276733398e+01
2.873257398605346680e+01
1.828796410560607910e+01
1.343446350097656250e+01
2.854756498336791992e+01
1.319339680671691895e+01
5.405405497550964355e+01
2.639453816413879395e+01
2.027177238464355469e+01
2.456500720977783203e+01
1.265902519226074219e+01
3.707311582565307617e+01
1.294097471237182617e+01
1.232056546211242676e+01
2.962111401557922363e+01
2.537021517753601074e+01
1.461947751045227051e+01
2.763332939147949219e+01
4.588688826560974121e+01
2.837199711799621582e+01
2.697826671600341797e+01
1.656684637069702148e+01
3.202037286758422852e+01
3.430099916458129883e+01
3.667771100997924805e+01
1.756194448471069336e+01
1.427440309524536133e+01
3.555058693885803223e+01
1.446876406669616699e+01
2.101722526550292969e+01
3.226921701431274414e+01
1.145492529869079590e+01
1.715532398223876953e+01
1.415399146080017090e+01
3.376170015335083008e+01
1.301292276382446289e+01
3.019266486167907715e+01
1.624662542343139648e+01
2.710559582710266113e+01
2.187085080146789551e+01
2.764161419868469238e+01
2.324441504478454590e+01
3.088507080078125000e+01
3.920630669593811035e+01
3.065877151489257812e+01
3.734583330154418945e+01
3.875340771675109863e+01
1.300222945213317871e+01
4.489387154579162598e+01
3.220279026031494141e+01
1.013281130790710449e+01
1.313010096549987793e+01
3.367374658584594727e+01
2.126976132392883301e+01
1.511867451667785645e+01
3.040965795516967773e+01
3.838303279876708984e+01
1.555732560157775879e+01
3.381399703025817871e+01
1.569748950004577637e+01
4.273953509330749512e+01
1.961151742935180664e+01
4.181105399131774902e+01
6.425340890884399414e+00
1.825070285797119141e+01
1.735390973091125488e+01
1.186062550544738770e+01
1.308236861228942871e+01
1.430469655990600586e+01
5.269715237617492676e+01
1.731054615974426270e+01
1.870085000991821289e+01
3.526858258247375488e+01
1.410004210472106934e+01
1.963356399536132812e+01
1.665791010856628418e+01
3.609349465370178223e+01
2.412638974189758301e+01
2.233517742156982422e+01
1.917611956596374512e+01
2.299300289154052734e+01
2.502939796447753906e+01
2.604673480987548828e+01
3.149940109252929688e+01
4.556435823440551758e+00
2.267876672744750977e+01
3.574477314949035645e+01
8.943592071533203125e+00
1.818111371994018555e+01
1.140694451332092285e+01
4.629160571098327637e+01
3.665067124366760254e+01
2.634127831459045410e+01
1.306809353828430176e+01
2.397098946571350098e+01
1.835388636589050293e+01
1.595373678207397461e+01
2.023377084732055664e+01
1.501052331924438477e+01
2.091057109832763672e+01
1.693164682388305664e+01
4.078382921218872070e+01
2.032697439193725586e+01
2.164887189865112305e+01
1.239176392555236816e+01
2.389481306076049805e+01
2.439529585838317871e+01
2.454849004745483398e+01
2.093588519096374512e+01
2.232258939743041992e+01
1.108204174041748047e+01
2.000217223167419434e+01
1.924336218833923340e+01
1.820217919349670410e+01
1.993985700607299805e+01
1.281585407257080078e+01
1.447282266616821289e+01
2.349639463424682617e+01
2.655657219886779785e+01
1.130892372131347656e+01
4.632443571090698242e+01
2.890707683563232422e+01
1.995468449592590332e+01
8.863398790359497070e+00
9.415600538253784180e+00
1.648446989059448242e+01
2.331579470634460449e+01
3.010624313354492188e+01
1.974309968948364258e+01
2.441261100769042969e+01
2.006525349617004395e+01
4.108652830123901367e+01
2.683630847930908203e+01
2.208345055580139160e+01
2.442631745338439941e+01
3.027412438392639160e+01
2.139247512817382812e+01
3.149972534179687500e+01
2.124745321273803711e+01
1.725713920593261719e+01
1.926892256736755371e+01
2.529144287109375000e+01
1.909400820732116699e+01
2.518963670730590820e+01
2.211931157112121582e+01
2.997769021987915039e+01
2.534727764129638672e+01
3.141441488265991211e+01
2.966944622993469238e+01
6.129608678817749023e+01
3.761552834510803223e+01
4.892253899574279785e+01
1.089749097824096680e+01
4.276422810554504395e+01
2.187184762954711914e+01
2.913082265853881836e+01
2.941551780700683594e+01
2.962562561035156250e+00
2.480966639518737793e+01
2.158446860313415527e+01
2.308423113822937012e+01
2.158717489242553711e+01
2.123431587219238281e+01
7.751881122589111328e+00
2.348874449729919434e+01
2.869158816337585449e+01
2.482910895347595215e+01
2.593435931205749512e+01
3.384408473968505859e+01
1.479085445404052734e+00
9.182081460952758789e+00
2.167954444885253906e+01
3.102887582778930664e+01
2.512772583961486816e+01
4.370801520347595215e+01
2.974972319602966309e+01
2.648133015632629395e+01
2.095619392395019531e+01
2.183591985702514648e+01
2.701071667671203613e+01
1.465136885643005371e+01
1.182369613647460938e+01
2.332657814025878906e+01
6.414467573165893555e+00
2.374740242958068848e+01
4.978178715705871582e+01
4.277413606643676758e+00
3.180676627159118652e+01
2.103671503067016602e+01
3.670770645141601562e+00
1.385596823692321777e+01
2.153447508811950684e+01
2.625137400627136230e+01
2.260942411422729492e+01
4.371545243263244629e+01
2.296314549446105957e+01
1.156238842010498047e+01
3.197759318351745605e+01
4.403152656555175781e+01
2.886272335052490234e+01
2.807035636901855469e+01
3.006094765663146973e+01
3.206090497970581055e+01
2.679435253143310547e+01
2.864751720428466797e+01
2.953674077987670898e+01
2.581868290901184082e+01
1.643346858024597168e+01
3.481413340568542480e+01
2.549648785591125488e+01
1.700938320159912109e+01
2.980978083610534668e+01
2.671985840797424316e+01
1.822826981544494629e+01
1.364122176170349121e+01
2.582427310943603516e+01
3.816183590888977051e+01
3.908033537864685059e+01
2.199033308029174805e+01
3.582910704612731934e+01
2.181058287620544434e+01
1.830105638504028320e+01
2.876163315773010254e+01
3.009635210037231445e+01
1.459401035308837891e+01
2.127796173095703125e+01
2.292682743072509766e+01
1.654623961448669434e+01
1.709624290466308594e+01
1.331417274475097656e+01
1.364252352714538574e+01
3.429985642433166504e+01
2.964732718467712402e+01
2.643711090087890625e+01
1.238844180107116699e+01
1.751647496223449707e+01
3.431421566009521484e+01
2.373507165908813477e+01
2.771651458740234375e+01
1.519240903854370117e+01
1.328235054016113281e+01
2.368491482734680176e+01
1.769936561584472656e+01
2.283302521705627441e+01
1.624530792236328125e+00
2.700720071792602539e+01
5.880794262886047363e+01
1.431755781173706055e+01
1.910135650634765625e+01
1.551116585731506348e+01
1.322971582412719727e+01
1.983069133758544922e+01
2.325153207778930664e+01
3.280786919593811035e+01
1.611528062820434570e+01
3.234813594818115234e+01
1.145949530601501465e+01
1.409644293785095215e+01
4.164778351783752441e+01
2.704559946060180664e+01
9.224161863327026367e+00
1.619941782951354980e+01
1.319697380065917969e+01
9.757453441619873047e+00
1.564076662063598633e+00
1.686498880386352539e+01
2.075603437423706055e+01
1.775333428382873535e+01
1.865033650398254395e+01
2.021796536445617676e+01
2.283042049407958984e+01
3.308829593658447266e+01
2.171122336387634277e+01
2.104859924316406250e+01
1.460459136962890625e+01
2.393818640708923340e+01
1.793099260330200195e+01
1.507296490669250488e+01
1.968226504325866699e+01
2.772846221923828125e+01
5.188053345680236816e+01
2.647412610054016113e+01
1.927839016914367676e+01
1.899668145179748535e+01
4.271897172927856445e+01
1.125616621971130371e+01
2.500650405883789062e+01
3.853215026855468750e+01
2.513030910491943359e+01
3.676352500915527344e+00
2.153153634071350098e+01
1.544541001319885254e+01
2.996243000030517578e+00
7.714571237564086914e+00
2.210749292373657227e+01
2.836673545837402344e+01
1.719489383697509766e+01
2.163492226600646973e+01
2.906992864608764648e+01
1.701772832870483398e+01
2.681991934776306152e+01
9.003601312637329102e+00
3.483037710189819336e+00
2.559415864944458008e+01
2.101111769676208496e+01
2.281584763526916504e+01
4.783790540695190430e+01
1.443974232673645020e+01
3.307109689712524414e+01
3.806438088417053223e+01
1.109691500663757324e+01
2.721062421798706055e+01
2.360355877876281738e+01
2.779032492637634277e+01
1.465151953697204590e+01
1.542566561698913574e+01
3.630959272384643555e+01
2.860912871360778809e+01
7.206629276275634766e+00
6.145743250846862793e+01
2.066054177284240723e+01
2.595298933982849121e+01
5.853571367263793945e+01
2.327934145927429199e+01
2.506635522842407227e+01
5.010341930389404297e+01
3.075131344795227051e+01
2.187034106254577637e+01
2.206721878051757812e+01
1.038420534133911133e+01
3.307362437248229980e+01
2.337193417549133301e+01
3.531199193000793457e+01
2.315001296997070312e+01
2.547156047821044922e+01
2.050591731071472168e+01
2.667608332633972168e+01
1.482089495658874512e+01
4.393755125999450684e+01
4.080732035636901855e+01
1.102672100067138672e+01
1.815288448333740234e+01
1.358649349212646484e+01
1.801716279983520508e+01
2.052805328369140625e+01
2.697806978225708008e+01
2.961689710617065430e+01
1.493927145004272461e+01
3.222016310691833496e+01
1.715295267105102539e+01
1.890330815315246582e+01
4.190520763397216797e+00
2.259457278251647949e+01
7.645253181457519531e+00
2.033954834938049316e+01
4.897257709503173828e+01
3.468451905250549316e+01
2.093341541290283203e+01
1.149534058570861816e+01
2.265172052383422852e+01
1.665505599975585938e+01
2.807145118713378906e+01
4.666198158264160156e+01
3.576212811470031738e+01
2.090778970718383789e+01
3.496995401382446289e+01
2.856091189384460449e+01
1.760289287567138672e+01
2.348620581626892090e+01
2.793174457550048828e+01
1.743904662132263184e+01
3.287295174598693848e+01
3.556067228317260742e+01
2.094372487068176270e+01
2.482892918586730957e+01
3.290493011474609375e+01
2.384976935386657715e+01
1.801521158218383789e+01
3.247835659980773926e+01
1.168409228324890137e+01
2.683305668830871582e+01
3.518657541275024414e+01
2.673167681694030762e+01
3.256153345108032227e+00
1.379311251640319824e+01
1.389082646369934082e+01
2.484843540191650391e+01
1.138222956657409668e+01
3.692469477653503418e+01
2.757565927505493164e+01
2.526447749137878418e+01
2.856116342544555664e+01
1.611180591583251953e+01
2.064096450805664062e+01
3.453841185569763184e+01
1.429497289657592773e+01
1.685795712471008301e+01
3.148902487754821777e+01
4.820038056373596191e+01
1.604342293739318848e+01
3.029853224754333496e+01
2.643374013900756836e+01
2.919008851051330566e+01
3.535097646713256836e+01
3.215697431564331055e+01
3.763584780693054199e+01
1.017663764953613281e+01
2.558382296562194824e+01
2.138829946517944336e+01
3.475176715850830078e+01
3.073324799537658691e+01
2.834861898422241211e+01
1.328674054145812988e+01
2.313763928413391113e+01
3.082780647277832031e+01
3.898027944564819336e+01
2.301077055931091309e+01
1.773774766921997070e+01
1.729785370826721191e+01
1.604291391372680664e+01
5.205651116371154785e+01
1.512456393241882324e+01
3.921562027931213379e+01
1.403354811668395996e+01
1.162796425819396973e+01
1.717786145210266113e+01
3.142874240875244141e+01
1.940056920051574707e+01
3.586855053901672363e+01
1.605915832519531250e+01
1.738258981704711914e+01
1.721551895141601562e+01
4.321676373481750488e+01
3.249224328994750977e+01
2.396587443351745605e+01
2.536899518966674805e+01
2.945916914939880371e+01
2.079768610000610352e+01
3.410991787910461426e+01
2.374075770378112793e+01
2.261826872825622559e+01
2.360802769660949707e+01
2.218733334541320801e+01
2.232302713394165039e+01
2.210660433769226074e+01
1.283865237236022949e+01
2.553403973579406738e+01
6.247767210006713867e+00
2.226381802558898926e+01
1.821020770072937012e+01
8.552000045776367188e+00
7.628713369369506836e+00
5.905036687850952148e+00
2.309336972236633301e+01
2.524576234817504883e+01
2.578661513328552246e+01
2.462803244590759277e+01
1.881058907508850098e+01
4.077092242240905762e+01
2.217645382881164551e+01
2.181875586509704590e+01
4.127327847480773926e+01
2.693473434448242188e+01
1.531060242652893066e+01
6.741113185882568359e+00
1.367603397369384766e+01
3.804952049255371094e+01
3.272122907638549805e+01
1.034399557113647461e+01
1.763923358917236328e+01
2.556572055816650391e+01
2.276907539367675781e+01
3.321667647361755371e+01
3.494858646392822266e+01
3.843620276451110840e+01
3.841312479972839355e+01
3.925782346725463867e+01
1.243987321853637695e+01
4.157302618026733398e+01
3.897083282470703125e+01
3.462311005592346191e+01
2.815387034416198730e+01
2.266117143630981445e+01
2.490914106369018555e+01
1.244354701042175293e+01
6.235431337356567383e+01
4.286115336418151855e+01
4.114681863784790039e+01
1.704795098304748535e+01
2.398366093635559082e+01
3.078383994102478027e+01
2.360602402687072754e+01
1.292980170249938965e+01
1.666542983055114746e+01
2.390932726860046387e+01
2.504734730720520020e+01
3.000850820541381836e+01
2.483301711082458496e+01
2.498946952819824219e+01
3.045190191268920898e+01
2.715877127647399902e+01
2.825354266166687012e+01
1.821793007850646973e+01
2.129354071617126465e+01
3.063558530807495117e+01
2.859761714935302734e+01
2.791375494003295898e+01
2.772857022285461426e+01
3.058200407028198242e+01
1.903431916236877441e+01
1.812963175773620605e+01
1.242683935165405273e+01
1.789054107666015625e+01
1.891756391525268555e+01
2.748239135742187500e+01
2.922782444953918457e+01
2.372480392456054688e+01
2.797067165374755859e+01
2.376052927970886230e+01
2.407282185554504395e+01
3.240802240371704102e+01
3.020307183265686035e+01
3.089084219932556152e+01
1.420003223419189453e+01
2.038077735900878906e+01
1.236470293998718262e+01
1.624798130989074707e+01
3.172365975379943848e+01
3.496866750717163086e+01
1.583865284919738770e+01
4.016869854927062988e+01
2.216585350036621094e+01
2.304029130935668945e+01
2.850486826896667480e+01
2.228725910186767578e+01
1.969322919845581055e+01
2.408728146553039551e+01
1.597373628616333008e+01
2.579752373695373535e+01
3.797407245635986328e+01
2.155269265174865723e+01
2.618754577636718750e+01
1.486679387092590332e+01
3.227273774147033691e+01
3.636263561248779297e+01
2.242012333869934082e+01
1.774671196937561035e+01
2.567612791061401367e+01
2.289509463310241699e+01
9.994665861129760742e+00
1.524449324607849121e+01
1.527796006202697754e+01
1.223878288269042969e+01
2.475805568695068359e+01
2.448559474945068359e+01
1.612859511375427246e+01
2.294041800498962402e+01
1.357768607139587402e+01
1.266864418983459473e+01
2.985081791877746582e+01
2.777210378646850586e+01
3.176929140090942383e+01
1.898448705673217773e+01
3.093501806259155273e+01
5.023246932029724121e+01
1.559806704521179199e+01
1.885809516906738281e+01
2.095371508598327637e+01
3.249306702613830566e+01
2.204182386398315430e+01
1.138644933700561523e+01
9.577961921691894531e+00
2.364400243759155273e+01
2.767154002189636230e+01
1.352276158332824707e+01
4.151985955238342285e+01
3.324897289276123047e+01
1.909593605995178223e+01
2.178803277015686035e+01
2.031227588653564453e+01
3.793752121925354004e+01
2.078568387031555176e+01
3.169079732894897461e+01
1.608686661720275879e+01
9.510845899581909180e+00
1.878725314140319824e+01
2.665807867050170898e+01
2.714087033271789551e+01
2.657905316352844238e+01
4.223475241661071777e+01
3.873652625083923340e+01
2.994394540786743164e+01
2.754859066009521484e+01
2.624721074104309082e+01
2.008762383460998535e+01
3.057165026664733887e+01
2.790446066856384277e+01
2.001405096054077148e+01
4.486986112594604492e+01
1.832088875770568848e+01
2.940635609626770020e+01
3.307492995262145996e+01
1.923725056648254395e+01
1.994065690040588379e+01
4.116441965103149414e+00
3.404847884178161621e+01
1.779707121849060059e+01
2.457295536994934082e+01
2.445909762382507324e+01
3.241554403305053711e+01
1.316340065002441406e+01
1.436086320877075195e+01
4.846861839294433594e+01
1.482345008850097656e+01
3.084204602241516113e+01
5.931361675262451172e+00
2.389831471443176270e+01
1.816984891891479492e+01
2.254258441925048828e+01
2.324689292907714844e+01
1.156646466255187988e+01
2.013347268104553223e+01
6.099205493927001953e+00
2.659966707229614258e+01
3.430953764915466309e+01
7.287258625030517578e+00
1.889219427108764648e+01
3.612196469306945801e+01
1.993796753883361816e+01
8.954547643661499023e+00
1.687075376510620117e+01
3.255511116981506348e+01
2.572016572952270508e+01
3.343029165267944336e+01
2.457761955261230469e+01
1.738978862762451172e+01
2.753972125053405762e+01
2.627765512466430664e+01
3.558237218856811523e+01
4.049559354782104492e+01
3.262495422363281250e+01
5.352156090736389160e+01
3.607357048988342285e+01
2.607764863967895508e+01
2.407056546211242676e+01
2.624056673049926758e+01
1.144127869606018066e+01
1.223654723167419434e+01
2.748144865036010742e+01
2.445564627647399902e+01
3.842698740959167480e+01
3.341332578659057617e+01
1.681757616996765137e+01
3.510855746269226074e+01
3.144940042495727539e+01
3.164702296257019043e+01
9.467409849166870117e+00
2.287587809562683105e+01
2.553670406341552734e+01
1.796922945976257324e+01
2.525775289535522461e+01
9.901223897933959961e+00
2.206107926368713379e+01
3.681254386901855469e+01
2.459963583946228027e+01
3.078490042686462402e+01
1.084842300415039062e+01
3.491331553459167480e+01
4.219946861267089844e+01
3.177817225456237793e+01
4.032324695587158203e+01
3.350248336791992188e+01
1.062260699272155762e+01
2.812778902053833008e+01
2.857209444046020508e+01
1.201399564743041992e+01
3.157109284400939941e+01
2.779025578498840332e+01
3.435382843017578125e+01
1.632676768302917480e+01
1.695966529846191406e+01
2.643034362792968750e+01
1.818990492820739746e+01
1.463215875625610352e+01
1.271770691871643066e+01
2.696157741546630859e+01
4.323212075233459473e+01
2.456656002998352051e+01
2.649758887290954590e+01
1.873177123069763184e+01
1.918684458732604980e+01
1.569703578948974609e+01
4.102389740943908691e+01
5.734496402740478516e+01
3.070749759674072266e+01
3.730498623847961426e+01
3.065862441062927246e+01
1.481585836410522461e+01
4.150384736061096191e+01
2.753976941108703613e+01
1.968763542175292969e+01
1.774427366256713867e+01
3.963978219032287598e+01
3.678668427467346191e+01
2.039373540878295898e+01
3.928014159202575684e+01
3.420665454864501953e+01
3.196642017364501953e+01
5.643822669982910156e+00
2.478195214271545410e+01
3.360254883766174316e+01
1.390944314002990723e+01
1.894880485534667969e+01
1.592830014228820801e+01
6.137051820755004883e+00
1.018477582931518555e+01
3.530940556526184082e+01
2.190718960762023926e+01
1.092090225219726562e+01
1.729304432868957520e+01
2.284911942481994629e+01
3.465546202659606934e+01
1.762999105453491211e+01
2.361370086669921875e+01
1.621071338653564453e+01
1.769266033172607422e+01
3.556272864341735840e+01
1.554448175430297852e+01
2.263770842552185059e+01
1.465216255187988281e+01
4.878658056259155273e+01
1.366709160804748535e+01
1.700534081459045410e+01
2.101545214653015137e+01
1.569717717170715332e+01
4.409928393363952637e+01
2.523376035690307617e+01
2.420411849021911621e+01
2.632230520248413086e+01
7.880278110504150391e+00
1.993493199348449707e+01
5.016377568244934082e+01
1.588102483749389648e+01
1.968065667152404785e+01
2.435109305381774902e+01
2.333017086982727051e+01
2.797986006736755371e+01
1.851464104652404785e+01
2.331865763664245605e+01
1.146256446838378906e+01
2.692822432518005371e+01
1.333376765251159668e+01
3.655065298080444336e+01
2.240853619575500488e+01
1.584716200828552246e+01
2.001200652122497559e+01
2.065203475952148438e+01
3.992275929450988770e+01
2.297085595130920410e+01
2.200518226623535156e+01
4.836174798011779785e+01
2.925533628463745117e+01
2.703366994857788086e+00
3.891618275642395020e+01
1.968079543113708496e+01
2.263163566589355469e+01
1.840668439865112305e+01
1.286917781829833984e+01
1.909553813934326172e+01
2.616011524200439453e+01
1.931597661972045898e+01
3.123144602775573730e+01
9.860398530960083008e+00
4.962014770507812500e+01
3.905477833747863770e+01
7.123297929763793945e+00
1.652063703536987305e+01
3.924625658988952637e+01
1.728275561332702637e+01
1.377113318443298340e+01
2.123643350601196289e+01
3.341552710533142090e+01
1.822304511070251465e+01
3.978708744049072266e+00
2.576037049293518066e+01
5.574831509590148926e+01
2.707114076614379883e+01
1.399992847442626953e+01
2.165608906745910645e+01
3.019034194946289062e+01
1.838659811019897461e+01
2.388433575630187988e+01
3.211437439918518066e+01
5.263098502159118652e+01
1.609662389755249023e+01
3.050285601615905762e+01
2.533085966110229492e+01
2.502146959304809570e+01
2.363049173355102539e+01
1.903690028190612793e+01
1.771779561042785645e+01
3.165033459663391113e+01
1.956118488311767578e+01
2.309840631484985352e+01
9.364505290985107422e+00
8.001921415328979492e+00
2.764964580535888672e+01
1.803321576118469238e+01
6.019440174102783203e+00
2.878669404983520508e+01
1.921140456199645996e+01
1.215947222709655762e+01
1.323831868171691895e+01
2.059299349784851074e+01
2.118645262718200684e+01
2.198357105255126953e+01
2.222283220291137695e+01
2.242351198196411133e+01
1.364448547363281250e+01
3.832961201667785645e+01
1.482980489730834961e+01
3.500333905220031738e+01
3.472429990768432617e+01
1.523406767845153809e+01
2.397275495529174805e+01
3.403810811042785645e+01
1.023886632919311523e+01
4.568213319778442383e+01
2.515096831321716309e+01
1.145454907417297363e+01
1.319139242172241211e+01
1.382164406776428223e+01
3.835582447052001953e+01
2.164857435226440430e+01
2.765892672538757324e+01
1.938995981216430664e+01
3.625284719467163086e+01
2.233931994438171387e+01
1.255059218406677246e+01
2.665492010116577148e+01
2.756323623657226562e+01
1.575671529769897461e+01
2.673423242568969727e+01
1.396726036071777344e+01
3.062588214874267578e+01
2.489719247817993164e+01
2.716996335983276367e+01
4.910821223258972168e+01
3.280780172348022461e+01
2.243754911422729492e+01
4.062440633773803711e+01
1.822171449661254883e+01
3.142128610610961914e+01
1.146725201606750488e+01
2.131311821937561035e+01
2.434522294998168945e+01
1.777122211456298828e+01
2.114951920509338379e+01
2.365298104286193848e+01
1.519419312477111816e+01
2.337760233879089355e+01
1.044857478141784668e+01
1.501937913894653320e+01
3.300840568542480469e+01
2.395534539222717285e+01
8.370952606201171875e+00
2.299765610694885254e+01
2.509042429924011230e+01
2.587992405891418457e+01
2.209507513046264648e+01
1.833581113815307617e+01
1.383443427085876465e+01
1.457946443557739258e+01
2.488203620910644531e+01
2.614714097976684570e+01
2.012994313240051270e+01
3.017990469932556152e+01
1.861588764190673828e+01
2.122846364974975586e+01
2.977251076698303223e+01
1.961794805526733398e+01
2.859750342369079590e+01
1.888345813751220703e+01
2.229648780822753906e+01
2.658493947982788086e+01
2.418642425537109375e+01
1.990626263618469238e+01
1.525686144828796387e+01
1.689355635643005371e+01
2.896341562271118164e+01
2.828382277488708496e+01
2.024087142944335938e+01
2.558686637878417969e+01
3.203342866897583008e+01
2.638626909255981445e+01
2.285609936714172363e+01
3.055964088439941406e+01
5.258847951889038086e+00
2.452539968490600586e+01
3.649588155746459961e+01
4.168319225311279297e+01
2.230987858772277832e+01
3.579400396347045898e+01
2.457997536659240723e+01
3.320443415641784668e+01
2.106678438186645508e+01
2.162417578697204590e+01
2.724110293388366699e+01
2.059490990638732910e+01
3.070573282241821289e+01
2.358135914802551270e+01
2.254318165779113770e+01
3.508220887184143066e+01
8.378711462020874023e+00
2.428666162490844727e+01
2.615262246131896973e+01
2.935596227645874023e+01
3.438440561294555664e+01
4.397385954856872559e+01
2.674365091323852539e+01
3.591156673431396484e+01
2.317631530761718750e+01
1.216784048080444336e+01
2.305459570884704590e+01
3.695986199378967285e+01
5.276472711563110352e+01
2.986181640625000000e+01
1.765649604797363281e+01
1.553164958953857422e+01
2.132159924507141113e+01
3.384127092361450195e+01
3.284261703491210938e+01
3.429170846939086914e+01
3.782725834846496582e+01
2.555948853492736816e+01
2.227138471603393555e+01
2.217419457435607910e+01
1.913869452476501465e+01
1.289943647384643555e+01
1.765530180931091309e+01
2.430963754653930664e+01
1.743143010139465332e+01
1.205106139183044434e+01
4.120278811454772949e+01
8.411621093750000000e+00
1.328951740264892578e+01
4.156250739097595215e+01
1.696407699584960938e+01
2.822186923027038574e+01
1.075486445426940918e+01
2.126287889480590820e+01
7.360646724700927734e+00
1.160813188552856445e+01
4.011524653434753418e+01
2.653930091857910156e+01
1.595861315727233887e+01
3.037933516502380371e+01
3.165769910812377930e+01
1.511985087394714355e+01
3.400279569625854492e+01
1.690731167793273926e+01
4.299724030494689941e+01
4.483027291297912598e+01
3.661284136772155762e+01
3.806834697723388672e+01
2.385693693161010742e+01
1.367475295066833496e+01
2.062978339195251465e+01
3.916659855842590332e+01
5.494522380828857422e+01
1.850110602378845215e+01
1.895807862281799316e+01
3.377692341804504395e+01
1.477405190467834473e+01
3.729302287101745605e+01
4.403908038139343262e+01
1.773285365104675293e+01
4.736421155929565430e+01
3.232187104225158691e+01
1.431864953041076660e+01
1.801445937156677246e+01
4.140351676940917969e+01
2.085173082351684570e+01
1.887935018539428711e+01
3.729117369651794434e+01
2.194563722610473633e+01
2.919242453575134277e+01
2.333342266082763672e+01
1.940526938438415527e+01
2.886854600906372070e+01
2.099794220924377441e+01
2.810856175422668457e+01
1.779961991310119629e+01
2.690743660926818848e+01
3.123034667968750000e+01
3.622819900512695312e+01
2.509582042694091797e+01
2.129890012741088867e+01
1.865018725395202637e+01
1.846812534332275391e+01
1.350012159347534180e+01
2.470929956436157227e+01
2.254520702362060547e+01
3.010765528678894043e+01
3.303549838066101074e+01
2.284423184394836426e+01
1.540515208244323730e+01
1.527332305908203125e+01
4.882491421699523926e+01
2.560079789161682129e+01
4.859162926673889160e+01
1.491237092018127441e+01
2.632273769378662109e+01
1.940055847167968750e+01
1.441417980194091797e+01
3.397921133041381836e+01
4.142969679832458496e+01
2.692154526710510254e+01
1.018341445922851562e+01
2.591407322883605957e+01
2.991676068305969238e+01
3.626714086532592773e+01
3.358787679672241211e+01
3.128523445129394531e+01
1.299958467483520508e+01
2.501875829696655273e+01
3.032881617546081543e+01
3.658416342735290527e+01
2.604168534278869629e+01
2.506901860237121582e+01
2.977346801757812500e+01
3.079212093353271484e+01
1.668276762962341309e+01
3.312142944335937500e+01
3.680736827850341797e+01
2.865443277359008789e+01
2.439310574531555176e+01
3.410874986648559570e+01
2.301132082939147949e+01
3.073504996299743652e+01
1.668372559547424316e+01
1.665778803825378418e+01
3.040784955024719238e+01
2.878127241134643555e+01
2.485544228553771973e+01
3.398031044006347656e+01
1.242164254188537598e+01
2.736958765983581543e+01
1.898312306404113770e+01
3.054792881011962891e+00
3.456965494155883789e+01
3.318824553489685059e+01
2.847169947624206543e+01
2.662162566184997559e+01
4.084264183044433594e+01
2.294876885414123535e+01
1.849584269523620605e+01
4.620291686058044434e+01
3.320600247383117676e+01
3.892295742034912109e+01
3.222439122200012207e+01
5.154363369941711426e+01
2.152710795402526855e+01
2.383503317832946777e+01
3.002448344230651855e+01
2.466302895545959473e+01
2.308244776725769043e+01
2.518645095825195312e+01
1.795531630516052246e+01
3.498429298400878906e+01
1.898160791397094727e+01
1.932110261917114258e+01
2.916951918601989746e+01
1.523632168769836426e+01
1.758851361274719238e+01
1.692919993400573730e+01
1.395690035820007324e+01
4.150569677352905273e+01
1.856601285934448242e+01
8.729305028915405273e+00
2.708513140678405762e+01
7.963104486465454102e+00
4.336948013305664062e+01
3.043999862670898438e+01
1.804369783401489258e+01
5.234559941291809082e+01
1.080672430992126465e+01
9.984859466552734375e+00
3.701777958869934082e+01
1.551509094238281250e+01
2.935128879547119141e+01
2.763183808326721191e+01
2.305373454093933105e+01
3.495062947273254395e+01
4.451403522491455078e+01
1.208138418197631836e+01
1.757349920272827148e+01
2.232734131813049316e+01
1.668482708930969238e+01
2.836595845222473145e+01
3.584208154678344727e+01
2.924902391433715820e+01
4.125870037078857422e+01
2.501090073585510254e+01
2.245547461509704590e+01
2.933275508880615234e+01
1.846557140350341797e+01
1.981368756294250488e+01
3.779797530174255371e+01
2.318775749206542969e+01
2.504187917709350586e+01
2.930249214172363281e+01
3.399952006340026855e+01
3.451890230178833008e+01
2.873824787139892578e+01
3.061541438102722168e+01
3.612394046783447266e+01
3.010341644287109375e+01
3.624161720275878906e+01
3.011954259872436523e+01
2.613765692710876465e+01
3.804802680015563965e+01
1.088104677200317383e+01
1.543617606163024902e+01
4.002106642723083496e+01
3.685330533981323242e+01
3.795244193077087402e+01
1.163677000999450684e+01
3.305672216415405273e+01
1.128039813041687012e+01
1.397792363166809082e+01
3.874844384193420410e+01
1.528268146514892578e+01
3.581836962699890137e+01
4.042861485481262207e+01
3.747980594635009766e+01
1.021725749969482422e+01
2.995154285430908203e+01
4.490075039863586426e+01
3.274012804031372070e+01
2.096360039710998535e+01
2.861830449104309082e+01
2.625957846641540527e+01
4.829676437377929688e+01
2.029368948936462402e+01
2.576770639419555664e+01
1.328096461296081543e+01
1.752462601661682129e+01
4.771661782264709473e+01
2.150960659980773926e+01
1.920446491241455078e+01
2.736152982711791992e+01
2.180680322647094727e+01
3.307131648063659668e+01
9.095959663391113281e+00
3.151477599143981934e+01
2.056566715240478516e+01
3.148548316955566406e+01
7.588668584823608398e+00
2.821580290794372559e+01
1.287939929962158203e+01
2.592156338691711426e+01
2.401403999328613281e+01
2.266275882720947266e+01
3.318377351760864258e+01
1.263258123397827148e+01
1.941888189315795898e+01
2.151276397705078125e+01
1.829104614257812500e+01
2.299035310745239258e+01
2.596019101142883301e+01
4.290424942970275879e+01
1.264345240592956543e+01
2.702183604240417480e+01
3.800622153282165527e+01
2.232796931266784668e+01
1.993003439903259277e+01
2.527620744705200195e+01
4.018164014816284180e+01
3.917215466499328613e+01
2.176011157035827637e+01
2.361681509017944336e+01
2.745464158058166504e+01
1.640014553070068359e+01
3.007323932647705078e+01
1.920367765426635742e+01
3.871260452270507812e+01
3.571792912483215332e+01
2.565453863143920898e+01
1.643245244026184082e+01
1.330233907699584961e+01
4.542955636978149414e+01
2.046419906616210938e+01
2.054542469978332520e+01
2.162756109237670898e+01
2.298195886611938477e+01
1.928007483482360840e+01
2.431715607643127441e+01
4.524471330642700195e+01
1.223909997940063477e+01
2.585108399391174316e+01
2.396481466293334961e+01
2.335189342498779297e+01
1.761742401123046875e+01
1.953220009803771973e+01
3.273375701904296875e+01
6.781553030014038086e+00
4.711595273017883301e+01
2.338859415054321289e+01
3.140322351455688477e+01
3.394458866119384766e+01
3.426560997962951660e+01
1.534766960144042969e+01
3.352411699295043945e+01
3.424100041389465332e+01
4.036355066299438477e+01
4.010730695724487305e+01
1.318390011787414551e+01
4.362338280677795410e+01
2.170648932456970215e+01
1.972088837623596191e+01
2.789465236663818359e+01
3.474298906326293945e+01
2.921216869354248047e+01
2.447695922851562500e+01
1.503758096694946289e+01
3.666341137886047363e+01
1.972696185111999512e+01
2.290983343124389648e+01
2.198446130752563477e+01
2.862484073638916016e+01
8.869923830032348633e+00
1.267025160789489746e+01
1.044494938850402832e+01
2.915166687965393066e+01
2.107906651496887207e+01
3.072125005722045898e+01
1.307846617698669434e+01
2.926426029205322266e+01
2.955186128616333008e+01
3.540596008300781250e+00
9.643992424011230469e+00
2.794144868850708008e+01
2.193872427940368652e+01
8.277817010879516602e+00
3.251627469062805176e+01
3.690917730331420898e+01
1.025838732719421387e+01
6.776274204254150391e+00
3.223583769798278809e+01
1.847604703903198242e+01
2.730722212791442871e+01
2.236202692985534668e+01
2.125701189041137695e+01
1.092404532432556152e+01
2.338887810707092285e+01
2.813919711112976074e+01
1.397527074813842773e+01
3.522843217849731445e+01
1.751456665992736816e+01
2.252807402610778809e+01
2.718597602844238281e+01
1.619782996177673340e+01
2.743773913383483887e+01
4.748103880882263184e+01
2.301030468940734863e+01
1.824142456054687500e+01
3.603594398498535156e+01
1.265402126312255859e+01
1.879837989807128906e+01
1.747156834602355957e+01
2.045395231246948242e+01
3.254029059410095215e+01
1.558044314384460449e+01
2.556421089172363281e+01
2.198412108421325684e+01
2.527753782272338867e+01
3.139551949501037598e+01
2.015468192100524902e+01
3.228704071044921875e+01
2.887960004806518555e+01
9.775683403015136719e+00
2.868067073822021484e+01
2.666392898559570312e+01
2.785033345222473145e+01
2.129790806770324707e+01
2.680401301383972168e+01
4.605866670608520508e+00
1.801104187965393066e+01
8.259529829025268555e+00
1.249941468238830566e+01
2.782759809494018555e+01
3.319848561286926270e+01
3.815572237968444824e+01
2.573815155029296875e+01
3.253856515884399414e+01
2.174181938171386719e+01
2.466259288787841797e+01
1.769945049285888672e+01
2.716704726219177246e+01
2.450027751922607422e+01
1.507763314247131348e+01
1.950788307189941406e+01
3.554219627380371094e+01
2.355645275115966797e+01
2.029876542091369629e+01
2.092303228378295898e+01
1.197763514518737793e+01
1.303129053115844727e+01
3.463102149963378906e+01
1.579795789718627930e+01
2.517820525169372559e+01
2.380782699584960938e+01
3.329174971580505371e+01
1.981987261772155762e+01
2.780347752571105957e+01
1.287543439865112305e+01
2.890610218048095703e+01
3.399547934532165527e+01
4.335830068588256836e+01
1.972828006744384766e+01
2.598072028160095215e+01
1.742917227745056152e+01
1.076823663711547852e+01
1.186657547950744629e+01
3.504836034774780273e+01
1.350857496261596680e+01
2.263549923896789551e+01
2.083929419517517090e+01
1.558393907546997070e+01
1.809126019477844238e+01
1.870652866363525391e+01
2.680214667320251465e+01
4.765152955055236816e+01
2.884542751312255859e+01
2.127101469039916992e+01
1.430678629875183105e+01
2.162999844551086426e+01
2.655009031295776367e+01
4.923908948898315430e+01
2.724972796440124512e+01
5.802239322662353516e+01
2.507918524742126465e+01
2.053724265098571777e+01
3.548038029670715332e+01
2.186619067192077637e+01
1.997287988662719727e+01
2.551865601539611816e+01
3.799852800369262695e+01
1.619895625114440918e+01
3.452410459518432617e+01
2.049783039093017578e+01
3.460814309120178223e+01
2.788507318496704102e+01
3.524721312522888184e+01
2.260836648941040039e+01
2.532273936271667480e+01
2.127185654640197754e+01
3.729893684387207031e+01
7.892710924148559570e+00
2.083609223365783691e+01
2.737488842010498047e+01
3.606598210334777832e+01
1.636449384689331055e+01
2.425327134132385254e+01
3.421103692054748535e+01
2.543032026290893555e+01
4.003989219665527344e+01
3.087235879898071289e+01
1.234899520874023438e+01
3.250342273712158203e+01
7.183717966079711914e+00
2.642600011825561523e+01
2.228323197364807129e+01
