1.559841728210449219e+01
2.115441036224365234e+01
2.600546836853027344e+01
3.929460072517395020e+01
3.281409096717834473e+01
3.187462043762207031e+01
3.009340476989746094e+01
3.915308785438537598e+01
1.761936473846435547e+01
2.120529866218566895e+01
3.924959921836853027e+01
3.731398844718933105e+01
3.470169353485107422e+01
3.292886400222778320e+01
2.403025412559509277e+01
3.679249477386474609e+01
3.720524525642395020e+01
8.521162748336791992e+00
4.301434206962585449e+01
4.717695903778076172e+01
1.676569986343383789e+01
5.322555398941040039e+01
1.438339805603027344e+01
2.063088083267211914e+01
3.078573632240295410e+01
4.601514339447021484e+01
2.656206798553466797e+01
5.556238150596618652e+01
3.412622332572937012e+01
4.446024656295776367e+01
4.939018177986145020e+01
5.392400431632995605e+01
2.608272671699523926e+01
5.669396948814392090e+01
3.588999581336975098e+01
6.349703526496887207e+01
4.197792267799377441e+01
3.335530948638916016e+01
2.657872533798217773e+01
4.800174736976623535e+01
2.775635480880737305e+01
2.656878805160522461e+01
3.162149143218994141e+01
4.679387092590332031e+01
4.170201468467712402e+01
4.501894450187683105e+01
5.748062062263488770e+01
4.425764393806457520e+01
5.045005798339843750e+01
7.997621750831604004e+01
5.321096682548522949e+01
5.056573510169982910e+01
5.269734573364257812e+01
5.536878609657287598e+01
3.954686594009399414e+01
4.341732549667358398e+01
1.925050401687622070e+01
2.264763689041137695e+01
7.920459771156311035e+01
3.140266513824462891e+01
5.944459939002990723e+01
5.763875269889831543e+01
2.814418601989746094e+01
3.646765112876892090e+01
4.153114461898803711e+01
5.978322219848632812e+01
2.701256299018859863e+01
2.156880855560302734e+01
6.033454895019531250e+01
2.124708628654479980e+01
2.847394490242004395e+01
7.552321267127990723e+01
3.461017560958862305e+01
7.170217776298522949e+01
4.910435485839843750e+01
3.380771255493164062e+01
3.619666528701782227e+01
4.560080409049987793e+01
7.716633462905883789e+01
6.302571702003479004e+01
2.816304659843444824e+01
3.364813113212585449e+01
3.923537564277648926e+01
5.043878912925720215e+01
7.854699254035949707e+01
4.743073678016662598e+01
5.416738247871398926e+01
5.010475492477416992e+01
7.888085603713989258e+01
3.336041688919067383e+01
8.934437561035156250e+01
5.469548535346984863e+01
8.695884490013122559e+01
9.325956392288208008e+01
5.470585227012634277e+01
7.655039834976196289e+01
8.714727401733398438e+01
2.312957382202148438e+01
4.031073808670043945e+01
5.848732185363769531e+01
6.520483851432800293e+01
2.320678186416625977e+01
3.250289106369018555e+01
5.675657534599304199e+01
3.987172436714172363e+01
7.246079945564270020e+01
6.005363726615905762e+01
5.716334176063537598e+01
5.481340193748474121e+01
3.653379726409912109e+01
3.035758161544799805e+01
2.210191369056701660e+01
4.324733233451843262e+01
6.127670621871948242e+01
3.406280040740966797e+01
6.501841902732849121e+01
2.804398179054260254e+01
3.167103552818298340e+01
8.290565061569213867e+01
4.370040154457092285e+01
2.997738289833068848e+01
5.671526098251342773e+01
2.591704511642456055e+01
3.045874309539794922e+01
3.077451515197753906e+01
2.830607151985168457e+01
3.871669483184814453e+01
3.528215432167053223e+01
4.620377731323242188e+01
5.279655671119689941e+01
3.560131120681762695e+01
4.826542043685913086e+01
4.083434820175170898e+01
3.540497851371765137e+01
2.696058797836303711e+01
1.929740381240844727e+01
5.199690914154052734e+01
5.692317342758178711e+01
3.331038880348205566e+01
4.477020287513732910e+01
4.971306967735290527e+01
3.114718079566955566e+01
4.098826622962951660e+01
3.369658207893371582e+01
3.917866754531860352e+01
3.026493167877197266e+01
9.071868109703063965e+01
4.060753583908081055e+01
3.212445139884948730e+01
2.848798298835754395e+01
8.094763183593750000e+01
5.347397303581237793e+01
4.824787139892578125e+01
3.831268525123596191e+01
5.573685193061828613e+01
7.700887203216552734e+01
3.610305309295654297e+01
3.190465021133422852e+01
4.316440653800964355e+01
4.489707612991333008e+01
4.816415429115295410e+01
3.761432790756225586e+01
4.841896510124206543e+01
2.890605735778808594e+01
3.910454559326171875e+01
5.654954695701599121e+01
3.779539775848388672e+01
3.826024055480957031e+01
3.430488848686218262e+01
4.735780191421508789e+01
5.246640372276306152e+01
2.805402231216430664e+01
5.838044786453247070e+01
2.752994179725646973e+01
2.780899333953857422e+01
3.806383800506591797e+01
2.639735937118530273e+01
3.890140414237976074e+01
3.421741414070129395e+01
4.862918090820312500e+01
6.254895520210266113e+01
5.598972177505493164e+01
7.058319115638732910e+01
5.955070900917053223e+01
3.829576468467712402e+01
4.538413000106811523e+01
2.909823274612426758e+01
4.600144147872924805e+01
6.233103871345520020e+01
6.829292821884155273e+01
2.216221189498901367e+01
6.672424149513244629e+01
3.588365602493286133e+01
4.566908812522888184e+01
7.773339223861694336e+01
3.213764619827270508e+01
1.418249130249023438e+01
5.342007875442504883e+01
4.268026065826416016e+01
3.931143808364868164e+01
4.693198585510253906e+01
3.648187637329101562e+01
2.973884034156799316e+01
2.761366796493530273e+01
3.722459554672241211e+01
4.891983222961425781e+01
4.192929124832153320e+01
3.915611171722412109e+01
4.134518170356750488e+01
4.497149896621704102e+01
2.753789639472961426e+01
4.170956969261169434e+01
2.189660859107971191e+01
3.268192338943481445e+01
4.892641639709472656e+01
4.086182713508605957e+01
6.913885784149169922e+01
5.306259536743164062e+01
1.738167381286621094e+01
2.631952905654907227e+01
6.431473302841186523e+01
8.397844147682189941e+01
5.680466008186340332e+01
3.978158903121948242e+01
5.439191174507141113e+01
1.111923978328704834e+02
7.446097946166992188e+01
6.069638657569885254e+01
4.713112258911132812e+01
3.422336983680725098e+01
5.618511223793029785e+01
6.030755758285522461e+01
5.944694447517395020e+01
3.362278914451599121e+01
3.050942564010620117e+01
2.569025516510009766e+01
2.580816435813903809e+01
3.891537237167358398e+01
3.818596673011779785e+01
3.245849728584289551e+01
2.130569720268249512e+01
9.650060176849365234e+00
2.530028676986694336e+01
4.365388965606689453e+01
3.905635523796081543e+01
7.225399065017700195e+01
2.518704462051391602e+01
6.125751852989196777e+01
6.426175785064697266e+01
3.944123005867004395e+01
4.756685996055603027e+01
4.859661126136779785e+01
1.256181859970092773e+01
2.940838336944580078e+01
5.301233601570129395e+01
4.453321337699890137e+01
6.960308933258056641e+01
6.146223568916320801e+01
6.122558283805847168e+01
4.877404284477233887e+01
5.798081660270690918e+01
2.601885652542114258e+01
7.726096677780151367e+01
7.685750031471252441e+01
4.776766180992126465e+01
5.228840088844299316e+01
4.831882786750793457e+01
6.950542211532592773e+01
6.273507905006408691e+01
1.688036179542541504e+01
1.605966353416442871e+01
2.442514276504516602e+01
1.959465026855468750e+01
5.321437644958496094e+01
6.429391384124755859e+01
4.227209019660949707e+01
2.645187163352966309e+01
6.491592764854431152e+01
4.451515817642211914e+01
2.998905777931213379e+01
2.557670426368713379e+01
4.700803947448730469e+01
5.281528377532958984e+01
3.926284360885620117e+01
8.522773122787475586e+01
4.747579050064086914e+01
2.214395570755004883e+01
3.178127312660217285e+01
3.159789156913757324e+01
4.840300798416137695e+01
4.337084674835205078e+01
2.218054723739624023e+01
1.810502958297729492e+01
5.875891280174255371e+01
5.886644959449768066e+01
6.800799322128295898e+01
5.966358470916748047e+01
4.795911026000976562e+01
4.077698445320129395e+01
2.945052981376647949e+01
5.126329708099365234e+01
1.539127159118652344e+01
3.481456494331359863e+01
1.817565560340881348e+01
4.790336728096008301e+01
4.734875535964965820e+01
1.454303193092346191e+01
7.474831676483154297e+01
5.983633565902709961e+01
3.043891882896423340e+01
2.266353511810302734e+01
3.571951007843017578e+01
4.883333230018615723e+01
5.382643151283264160e+01
2.745385241508483887e+01
2.747968149185180664e+01
2.438885498046875000e+01
4.050155186653137207e+01
4.403372836112976074e+01
7.242593789100646973e+01
4.209579515457153320e+01
2.707410812377929688e+01
4.117522192001342773e+01
3.142925763130187988e+01
6.232236337661743164e+01
6.702398562431335449e+01
6.623064732551574707e+01
3.065140938758850098e+01
5.750174617767333984e+01
6.095223784446716309e+01
5.412487888336181641e+01
5.138443398475646973e+01
6.228424954414367676e+01
5.313962793350219727e+01
6.515717196464538574e+01
4.083700418472290039e+01
6.984765529632568359e+01
7.417946314811706543e+01
4.025679826736450195e+01
3.592445921897888184e+01
4.082183122634887695e+01
2.355960845947265625e+01
7.235136342048645020e+01
4.875030446052551270e+01
5.597454643249511719e+01
3.786699366569519043e+01
8.456835961341857910e+01
5.371512436866760254e+01
4.260926508903503418e+01
8.030404639244079590e+01
2.194513130187988281e+01
2.247002673149108887e+01
3.995306754112243652e+01
4.124658179283142090e+01
3.998362088203430176e+01
7.363239884376525879e+01
4.057239437103271484e+01
2.626441812515258789e+01
1.873034715652465820e+01
4.675056409835815430e+01
3.569864487648010254e+01
4.066910505294799805e+01
4.812216329574584961e+01
3.474472093582153320e+01
4.054672884941101074e+01
3.776199913024902344e+01
3.327371120452880859e+01
2.222373890876770020e+01
4.130808234214782715e+01
3.828677082061767578e+01
6.267997384071350098e+01
4.904661679267883301e+01
4.510071206092834473e+01
3.096515011787414551e+01
6.522127246856689453e+01
3.203283095359802246e+01
3.034510231018066406e+01
2.098310160636901855e+01
5.771148324012756348e+01
3.647040081024169922e+01
3.596412134170532227e+01
3.506174159049987793e+01
1.953029656410217285e+01
5.062884330749511719e+01
6.880658531188964844e+01
3.749035239219665527e+01
3.281318879127502441e+01
3.204292678833007812e+01
2.737641596794128418e+01
2.977725720405578613e+01
4.291541218757629395e+01
5.898923802375793457e+01
4.109711170196533203e+01
4.724066686630249023e+01
8.322598814964294434e+01
4.479944610595703125e+01
3.451933312416076660e+01
3.756251430511474609e+01
3.985853505134582520e+01
4.187451624870300293e+01
3.028350830078125000e+01
3.648361825942993164e+01
3.848962140083312988e+01
4.491090273857116699e+01
4.543595099449157715e+01
2.989622449874877930e+01
3.647734737396240234e+01
4.631261038780212402e+01
4.411499547958374023e+01
3.897119283676147461e+01
6.020062279701232910e+01
5.020898222923278809e+01
4.015706682205200195e+01
6.315499377250671387e+01
4.633871507644653320e+01
4.848113441467285156e+01
3.204469180107116699e+01
4.119968438148498535e+01
3.769993829727172852e+01
3.038329339027404785e+01
5.277618527412414551e+01
4.153866648674011230e+01
3.040188241004943848e+01
4.727421808242797852e+01
5.105623197555541992e+01
7.304797649383544922e+01
4.747056579589843750e+01
5.104752302169799805e+01
3.708021402359008789e+01
4.789497852325439453e+01
5.313008427619934082e+01
3.664289593696594238e+01
3.652826309204101562e+01
4.643499994277954102e+01
5.159372735023498535e+01
5.927434587478637695e+01
5.588580656051635742e+01
3.109701180458068848e+01
5.936242270469665527e+01
5.052129220962524414e+01
4.522977447509765625e+01
5.311829614639282227e+01
4.841985988616943359e+01
8.220743346214294434e+01
5.233606195449829102e+01
4.341077232360839844e+01
2.865312457084655762e+01
4.588038396835327148e+01
4.287969350814819336e+01
6.881475758552551270e+01
3.426544642448425293e+01
4.535493636131286621e+01
2.970674777030944824e+01
4.251470255851745605e+01
3.497861075401306152e+01
7.908615469932556152e+01
3.490652585029602051e+01
5.540690732002258301e+01
5.396895599365234375e+01
2.764423298835754395e+01
4.883828282356262207e+01
6.848303031921386719e+01
5.838596248626708984e+01
4.797477912902832031e+01
6.065724301338195801e+01
2.856501507759094238e+01
9.398432874679565430e+01
5.421213245391845703e+01
3.455308604240417480e+01
4.636610031127929688e+01
4.092325329780578613e+01
5.034724950790405273e+01
4.115276241302490234e+01
3.239915394783020020e+01
4.753750586509704590e+01
6.268739891052246094e+01
6.073816847801208496e+01
5.674103021621704102e+01
6.449551105499267578e+01
4.231059932708740234e+01
5.645074367523193359e+01
4.323462080955505371e+01
3.546796751022338867e+01
3.152914881706237793e+01
2.420532298088073730e+01
5.425130414962768555e+01
3.369815301895141602e+01
4.250282216072082520e+01
5.491122102737426758e+01
4.951072621345520020e+01
3.082397103309631348e+01
3.078104066848754883e+01
7.079722762107849121e+01
4.903392815589904785e+01
6.512662410736083984e+01
3.867086362838745117e+01
5.370413231849670410e+01
5.190002036094665527e+01
4.404301619529724121e+01
2.332325839996337891e+01
2.746808648109436035e+01
5.969669890403747559e+01
1.342599296569824219e+01
4.014224100112915039e+01
4.060600829124450684e+01
2.993834996223449707e+01
2.880553674697875977e+01
1.901449346542358398e+01
5.554190087318420410e+01
2.693721079826354980e+01
5.196467232704162598e+01
2.923700976371765137e+01
2.584604358673095703e+01
2.435869693756103516e+01
5.223727226257324219e+01
7.283027815818786621e+01
3.168371534347534180e+01
4.315610933303833008e+01
3.262965130805969238e+01
6.247780442237854004e+01
2.524751949310302734e+01
5.089363265037536621e+01
5.183872246742248535e+01
1.817128443717956543e+01
1.679194092750549316e+01
5.397240281105041504e+01
2.574397373199462891e+01
4.249362230300903320e+01
3.297648739814758301e+01
3.676899886131286621e+01
3.586092615127563477e+01
1.609957098960876465e+01
2.749096894264221191e+01
2.507704973220825195e+01
7.574898815155029297e+01
3.177173757553100586e+01
4.709631896018981934e+01
3.852889847755432129e+01
7.349445080757141113e+01
1.857215857505798340e+01
2.153911018371582031e+01
4.157568192481994629e+01
2.530229020118713379e+01
3.500923299789428711e+01
3.182394671440124512e+01
4.282905554771423340e+01
5.910192060470581055e+01
6.461165642738342285e+01
3.567771434783935547e+01
2.044863748550415039e+01
3.008718061447143555e+01
3.520613861083984375e+01
4.330787587165832520e+01
5.307909870147705078e+01
2.342146468162536621e+01
5.737146568298339844e+01
2.105205035209655762e+01
2.675564551353454590e+01
2.445614051818847656e+01
3.781371688842773438e+01
2.477530550956726074e+01
2.348870348930358887e+01
6.527559208869934082e+01
2.724005055427551270e+01
5.459587311744689941e+01
2.444354391098022461e+01
3.960250997543334961e+01
1.741664147377014160e+01
3.562647151947021484e+01
2.153682327270507812e+01
5.210781168937683105e+01
2.207646298408508301e+01
4.076352190971374512e+01
4.175290822982788086e+01
4.093314218521118164e+01
3.184619331359863281e+01
3.434375476837158203e+01
3.487956023216247559e+01
4.028574180603027344e+01
3.955789303779602051e+01
7.032906150817871094e+01
6.881581497192382812e+01
2.330880761146545410e+01
3.062654948234558105e+01
2.663043022155761719e+01
6.364121747016906738e+01
2.489220166206359863e+01
4.649091601371765137e+01
6.714573168754577637e+01
1.906606292724609375e+01
5.437553286552429199e+01
3.066691303253173828e+01
7.865810465812683105e+01
4.442377471923828125e+01
2.395493936538696289e+01
4.655220031738281250e+01
3.348281025886535645e+01
2.968395686149597168e+01
3.106515955924987793e+01
4.549458432197570801e+01
7.011994099617004395e+01
3.654106140136718750e+01
2.300735783576965332e+01
6.123501133918762207e+01
3.223836159706115723e+01
1.680864834785461426e+01
4.879152917861938477e+01
6.559275102615356445e+01
3.626435327529907227e+01
3.051299500465393066e+01
4.540928483009338379e+01
4.046317911148071289e+01
3.364273285865783691e+01
4.431348180770874023e+01
2.214666604995727539e+01
7.863118052482604980e+01
3.675579524040222168e+01
4.856467318534851074e+01
2.824144220352172852e+01
6.166460800170898438e+01
3.521091604232788086e+01
4.776486420631408691e+01
4.035404014587402344e+01
4.992226290702819824e+01
2.306130075454711914e+01
4.095777654647827148e+01
4.011102223396301270e+01
6.428864502906799316e+01
2.456733870506286621e+01
3.788884902000427246e+01
4.804575085639953613e+01
8.205720782279968262e+01
7.492838406562805176e+01
3.912342786788940430e+01
3.327952218055725098e+01
3.763951849937438965e+01
3.011013317108154297e+01
5.574794864654541016e+01
5.881709313392639160e+01
3.610066485404968262e+01
2.717149591445922852e+01
3.250493550300598145e+01
4.164734888076782227e+01
5.945980477333068848e+01
3.063639330863952637e+01
4.969765782356262207e+01
5.131955265998840332e+01
6.568166637420654297e+01
3.781775116920471191e+01
4.578483152389526367e+01
2.901506495475769043e+01
5.928258776664733887e+01
2.156028151512145996e+01
2.053398609161376953e+01
5.545876073837280273e+01
2.253819775581359863e+01
5.664945745468139648e+01
2.966174602508544922e+01
3.472412037849426270e+01
5.334805536270141602e+01
5.409365200996398926e+01
6.920137190818786621e+01
5.394457364082336426e+01
4.592674422264099121e+01
6.813260483741760254e+01
4.850059556961059570e+01
2.805496716499328613e+01
7.447109484672546387e+01
2.082491016387939453e+01
5.421683907508850098e+01
5.024236392974853516e+01
3.336963105201721191e+01
4.710829758644104004e+01
3.879643797874450684e+01
5.484356832504272461e+01
3.499915218353271484e+01
2.971268320083618164e+01
7.093944644927978516e+01
5.005684065818786621e+01
2.320225501060485840e+01
3.105908608436584473e+01
5.775171303749084473e+01
5.164881920814514160e+01
2.644614291191101074e+01
6.542990183830261230e+01
4.189510178565979004e+01
6.439965438842773438e+01
3.543417072296142578e+01
5.827577781677246094e+01
2.484105515480041504e+01
2.755517125129699707e+01
4.207618260383605957e+01
6.128671240806579590e+01
4.534906554222106934e+01
6.888273119926452637e+01
3.910059523582458496e+01
2.107506275177001953e+01
4.919998526573181152e+01
7.207806491851806641e+01
4.343898105621337891e+01
6.087382578849792480e+01
2.580822086334228516e+01
5.321992444992065430e+01
5.479496741294860840e+01
2.548818540573120117e+01
3.388122200965881348e+01
2.951376724243164062e+01
3.081416201591491699e+01
6.027355957031250000e+01
4.858235788345336914e+01
4.566820526123046875e+01
3.054605960845947266e+01
2.443636012077331543e+01
2.163820338249206543e+01
3.145082664489746094e+01
3.012726950645446777e+01
5.476266813278198242e+01
2.143772792816162109e+01
3.583808970451354980e+01
2.633182692527770996e+01
4.138578796386718750e+01
7.022098660469055176e+01
4.335590243339538574e+01
3.512741446495056152e+01
2.307349348068237305e+01
3.274182343482971191e+01
2.821454048156738281e+01
3.292055892944335938e+01
5.092901444435119629e+01
3.185502529144287109e+01
3.890331125259399414e+01
3.205916309356689453e+01
4.103892898559570312e+01
4.052840781211853027e+01
4.500825190544128418e+01
5.289964485168457031e+01
3.027325248718261719e+01
3.769735550880432129e+01
3.832443761825561523e+01
3.692543888092041016e+01
4.167863655090332031e+01
3.944013428688049316e+01
4.877576494216918945e+01
5.023327589035034180e+01
6.808378839492797852e+01
5.129645490646362305e+01
3.007918930053710938e+01
7.707710337638854980e+01
4.480152368545532227e+01
4.482647633552551270e+01
3.451192283630371094e+01
8.034878516197204590e+01
3.325582098960876465e+01
6.524799275398254395e+01
3.719951057434082031e+01
3.275992894172668457e+01
3.796327877044677734e+01
7.353782916069030762e+01
4.075009322166442871e+01
1.002799963951110840e+01
8.293918204307556152e+01
4.042212128639221191e+01
4.041854763031005859e+01
4.698309230804443359e+01
6.622532582283020020e+01
3.046834325790405273e+01
6.540330624580383301e+01
5.509762191772460938e+01
4.143097901344299316e+01
6.601983356475830078e+01
3.512621045112609863e+01
4.669344210624694824e+01
1.201999306678771973e+01
4.818196940422058105e+01
6.793568062782287598e+01
3.656378889083862305e+01
5.933627200126647949e+01
1.945183229446411133e+01
2.387715005874633789e+01
4.511379146575927734e+01
8.494225716590881348e+01
4.664177298545837402e+01
2.144450068473815918e+01
2.846606683731079102e+01
2.652962136268615723e+01
3.584460067749023438e+01
1.697056889533996582e+01
6.835626292228698730e+01
1.336367535591125488e+01
7.704700517654418945e+01
4.374325037002563477e+01
4.389733648300170898e+01
3.778663659095764160e+01
7.171022534370422363e+01
6.040899372100830078e+01
5.330391860008239746e+01
5.118228101730346680e+01
6.917101812362670898e+01
1.782937669754028320e+01
6.042511510848999023e+01
3.815683984756469727e+01
4.971216845512390137e+01
4.014796447753906250e+01
5.752704167366027832e+01
2.146194410324096680e+01
2.880391812324523926e+01
1.599740481376647949e+01
4.572479653358459473e+01
4.535140323638916016e+01
3.061090254783630371e+01
3.182409501075744629e+01
4.185995626449584961e+01
3.832793188095092773e+01
4.211013674736022949e+01
4.557920527458190918e+01
2.206267523765563965e+01
1.813427186012268066e+01
2.241393423080444336e+01
3.398292589187622070e+01
4.932795429229736328e+01
7.835960412025451660e+01
7.646832752227783203e+01
5.421948409080505371e+01
8.135873389244079590e+01
7.014062213897705078e+01
5.500898289680480957e+01
6.114688849449157715e+01
2.254861259460449219e+01
2.852952575683593750e+01
3.786034798622131348e+01
4.592998194694519043e+01
5.691141843795776367e+01
4.406515431404113770e+01
4.827861261367797852e+01
3.330139970779418945e+01
5.803257966041564941e+01
3.509799075126647949e+01
4.146203255653381348e+01
4.744849491119384766e+01
4.913273501396179199e+01
2.439424896240234375e+01
5.052885103225708008e+01
2.369677805900573730e+01
5.342471456527709961e+01
2.648341131210327148e+01
1.972183895111083984e+01
5.760431265830993652e+01
3.428130221366882324e+01
3.662101507186889648e+01
2.394712400436401367e+01
9.484959459304809570e+01
2.666708374023437500e+01
2.699488377571105957e+01
8.543562722206115723e+01
2.369532203674316406e+01
2.126216316223144531e+01
5.662390685081481934e+01
4.932619524002075195e+01
4.854388070106506348e+01
2.367561149597167969e+01
5.604842305183410645e+01
5.587014603614807129e+01
7.143554973602294922e+01
3.178895139694213867e+01
4.509597611427307129e+01
5.763896393775939941e+01
3.684315705299377441e+01
8.027962756156921387e+01
2.383056879043579102e+01
3.289611911773681641e+01
2.695575284957885742e+01
2.195482969284057617e+01
6.097565078735351562e+01
2.962257409095764160e+01
4.779946804046630859e+01
5.445691442489624023e+01
2.330563211441040039e+01
4.013514518737792969e+01
2.988883900642395020e+01
3.808644127845764160e+01
4.009938097000122070e+01
2.285370993614196777e+01
5.122862529754638672e+01
3.786598515510559082e+01
4.270810914039611816e+01
2.700828242301940918e+01
5.734258413314819336e+01
4.269268918037414551e+01
2.632564640045166016e+01
6.267174744606018066e+01
3.685801982879638672e+01
4.072303152084350586e+01
5.027597403526306152e+01
6.936346721649169922e+01
6.242911362648010254e+01
2.585269594192504883e+01
5.911287307739257812e+01
4.239243221282958984e+01
3.542800545692443848e+01
2.767114806175231934e+01
4.175251221656799316e+01
3.599479722976684570e+01
4.388718223571777344e+01
7.091757488250732422e+01
4.286963939666748047e+01
2.451263308525085449e+01
6.987858748435974121e+01
4.234903001785278320e+01
4.580034375190734863e+01
3.522257518768310547e+01
5.838415622711181641e+01
4.066006898880004883e+01
2.485008621215820312e+01
5.419866800308227539e+01
2.582310271263122559e+01
2.959917402267456055e+01
5.622503948211669922e+01
4.555188870429992676e+01
4.359214925765991211e+01
2.177690935134887695e+01
4.825028371810913086e+01
3.734244608879089355e+01
3.164557600021362305e+01
4.360036563873291016e+01
4.317651200294494629e+01
3.073287391662597656e+01
4.134858965873718262e+01
6.239898991584777832e+01
3.555776906013488770e+01
5.288209867477416992e+01
4.430050659179687500e+01
3.523740029335021973e+01
2.577575397491455078e+01
7.525347161293029785e+01
4.045742344856262207e+01
3.241712021827697754e+01
4.650833845138549805e+01
4.689509272575378418e+01
3.075375461578369141e+01
3.768035316467285156e+01
3.104605960845947266e+01
5.807439398765563965e+01
2.564510941505432129e+01
2.300062537193298340e+01
4.910537862777709961e+01
5.323665642738342285e+01
2.349957656860351562e+01
6.780990409851074219e+01
2.969896578788757324e+01
3.767938804626464844e+01
5.622997570037841797e+01
6.499272370338439941e+01
6.139354157447814941e+01
2.780935597419738770e+01
6.608107924461364746e+01
1.988926911354064941e+01
7.302186203002929688e+01
3.204901814460754395e+01
2.224581551551818848e+01
3.658731579780578613e+01
8.022026371955871582e+01
2.770701909065246582e+01
4.273438692092895508e+01
9.834717154502868652e+01
9.813779854774475098e+01
5.286852169036865234e+01
2.049812984466552734e+01
3.477536416053771973e+01
4.810922336578369141e+01
2.957690286636352539e+01
3.196439480781555176e+01
2.396205759048461914e+01
2.662143588066101074e+01
6.844481062889099121e+01
3.093025159835815430e+01
5.638902258872985840e+01
5.243408322334289551e+01
1.994573521614074707e+01
1.040508127212524414e+01
3.130272817611694336e+01
3.790957188606262207e+01
7.835966396331787109e+01
1.412342810630798340e+01
2.374151372909545898e+01
6.008270668983459473e+01
1.571811842918395996e+01
2.843900108337402344e+01
6.902367448806762695e+01
3.789674925804138184e+01
1.376621603965759277e+01
4.680940890312194824e+01
5.393975234031677246e+01
3.958821916580200195e+01
2.559988760948181152e+01
4.492250967025756836e+01
4.930873107910156250e+01
3.949893498420715332e+01
3.078510808944702148e+01
5.410778713226318359e+01
3.086603307723999023e+01
1.727454113960266113e+01
3.428709435462951660e+01
6.819857263565063477e+01
4.738378596305847168e+01
2.627082967758178711e+01
2.238362360000610352e+01
2.180324864387512207e+01
2.526397681236267090e+01
1.949286293983459473e+01
4.212703728675842285e+01
3.799938201904296875e+01
2.289411759376525879e+01
2.112741684913635254e+01
5.503506350517272949e+01
2.379082870483398438e+01
3.443768405914306641e+01
3.671666836738586426e+01
3.366232132911682129e+01
3.232779526710510254e+01
4.176033782958984375e+01
4.243491244316101074e+01
4.712498688697814941e+01
3.492552137374877930e+01
2.414516639709472656e+01
3.564177918434143066e+01
8.388103437423706055e+01
3.995807766914367676e+01
4.079132270812988281e+01
5.129694080352783203e+01
3.992753624916076660e+01
4.032094597816467285e+01
3.505128669738769531e+01
2.604228806495666504e+01
2.224391841888427734e+01
2.648958158493041992e+01
2.727410268783569336e+01
3.750191354751586914e+01
5.028795289993286133e+01
2.151283431053161621e+01
4.066799712181091309e+01
2.532289600372314453e+01
2.959985780715942383e+01
3.874610710144042969e+01
8.592913699150085449e+01
4.934688925743103027e+01
4.126673364639282227e+01
2.275039577484130859e+01
3.039914608001708984e+01
2.306779217720031738e+01
6.161965394020080566e+01
4.649136161804199219e+01
3.901837372779846191e+01
2.347467064857482910e+01
4.721054625511169434e+01
4.922605586051940918e+01
2.392987179756164551e+01
2.829711079597473145e+01
6.363860511779785156e+01
4.792470049858093262e+01
6.438638091087341309e+01
2.661420321464538574e+01
4.125944232940673828e+01
7.482123064994812012e+01
3.203102874755859375e+01
4.163526296615600586e+01
2.747321748733520508e+01
4.235499739646911621e+01
2.439914870262145996e+01
1.503134608268737793e+01
2.503623151779174805e+01
3.062515759468078613e+01
3.116714406013488770e+01
2.998681187629699707e+01
1.828226900100708008e+01
3.168844270706176758e+01
3.040152645111083984e+01
4.393211030960083008e+01
3.312963700294494629e+01
3.401612734794616699e+01
5.698805046081542969e+01
3.853600144386291504e+01
1.971856546401977539e+01
4.406192016601562500e+01
3.015301609039306641e+01
4.362009453773498535e+01
4.427801251411437988e+01
2.270998620986938477e+01
1.695973277091979980e+01
2.771337676048278809e+01
2.557941365242004395e+01
2.117829513549804688e+01
5.544320440292358398e+01
2.433770942687988281e+01
8.966796398162841797e+01
2.288634920120239258e+01
3.656983089447021484e+01
9.483502864837646484e+00
2.475867938995361328e+01
2.990668487548828125e+01
3.286682772636413574e+01
3.097397541999816895e+01
2.832267141342163086e+01
1.821441507339477539e+01
5.245833826065063477e+01
4.314087414741516113e+01
2.888654708862304688e+01
1.743756008148193359e+01
3.088955068588256836e+01
3.036753940582275391e+01
2.647935795783996582e+01
4.083887362480163574e+01
4.543376469612121582e+01
3.236927890777587891e+01
6.666818261146545410e+01
2.750649261474609375e+01
4.172386193275451660e+01
1.166218209266662598e+01
1.639374375343322754e+01
3.817565488815307617e+01
1.656391119956970215e+01
5.309821343421936035e+01
3.708401322364807129e+01
2.389532661437988281e+01
1.064955711364746094e+01
1.373204469680786133e+01
1.571841788291931152e+01
3.959066009521484375e+01
1.701093769073486328e+01
2.868081307411193848e+01
3.617443060874938965e+01
2.920335793495178223e+01
6.919862198829650879e+01
2.953074407577514648e+01
4.530284690856933594e+01
5.175820732116699219e+01
2.648905301094055176e+01
2.512219142913818359e+01
4.509249806404113770e+01
2.476195716857910156e+01
1.814592885971069336e+01
3.189397287368774414e+01
1.824188590049743652e+01
1.553777074813842773e+01
2.834523844718933105e+01
4.945904850959777832e+01
2.065243124961853027e+01
6.500842380523681641e+01
3.180977892875671387e+01
4.909597849845886230e+01
1.857152986526489258e+01
5.152069640159606934e+01
2.430297589302062988e+01
6.779035210609436035e+01
4.985049629211425781e+01
5.122598958015441895e+01
4.277107167243957520e+01
3.324171447753906250e+01
5.474474811553955078e+01
6.694617033004760742e+01
5.057699513435363770e+01
6.612346863746643066e+01
3.346422553062438965e+01
4.437264823913574219e+01
6.309021329879760742e+01
2.286109399795532227e+01
3.525430393218994141e+01
5.678045940399169922e+01
2.336314940452575684e+01
2.734466385841369629e+01
3.746642303466796875e+01
3.718658399581909180e+01
5.990640521049499512e+01
2.010952615737915039e+01
5.669636011123657227e+01
5.414094281196594238e+01
4.558429002761840820e+01
3.326144337654113770e+01
5.010123825073242188e+01
6.549488425254821777e+01
2.143827414512634277e+01
2.199942970275878906e+01
5.006257033348083496e+01
5.285836505889892578e+01
4.550153970718383789e+01
5.708594679832458496e+01
2.415644478797912598e+01
3.143981051445007324e+01
2.783562541007995605e+01
2.487875318527221680e+01
3.702240943908691406e+01
4.423496866226196289e+01
2.186299681663513184e+01
1.450040340423583984e+01
4.317256116867065430e+01
3.119262433052062988e+01
1.893005561828613281e+01
1.552293705940246582e+01
5.432120323181152344e+01
3.582407021522521973e+01
1.691934275627136230e+01
3.453061795234680176e+01
2.294297289848327637e+01
5.066477680206298828e+01
2.465263271331787109e+01
3.208244967460632324e+01
2.795039629936218262e+01
1.742869257926940918e+01
1.727460789680480957e+01
1.985597872734069824e+01
1.805475378036499023e+01
2.047193431854248047e+01
2.596270513534545898e+01
2.045653414726257324e+01
2.837147545814514160e+01
2.644044685363769531e+01
5.275741624832153320e+01
5.428207182884216309e+01
3.091822528839111328e+01
2.663596582412719727e+01
3.944135236740112305e+01
2.064105463027954102e+01
1.916694021224975586e+01
2.679148101806640625e+01
4.042624902725219727e+01
2.806264424324035645e+01
2.006159281730651855e+01
2.539102005958557129e+01
2.340281677246093750e+01
3.901455426216125488e+01
3.324224495887756348e+01
2.331867480278015137e+01
5.557238626480102539e+01
2.695209527015686035e+01
5.264337658882141113e+01
2.381089091300964355e+01
3.009569215774536133e+01
3.475633740425109863e+01
4.230588579177856445e+01
2.227776169776916504e+01
2.204361033439636230e+01
2.916021633148193359e+01
4.895055890083312988e+01
2.809332752227783203e+01
2.827110195159912109e+01
3.202629113197326660e+01
2.453111910820007324e+01
3.103238368034362793e+01
2.882525587081909180e+01
3.345145130157470703e+01
2.891492128372192383e+01
3.590822124481201172e+01
3.362547254562377930e+01
2.286586642265319824e+01
1.996589159965515137e+01
5.727649188041687012e+01
3.590144920349121094e+01
5.139970445632934570e+01
6.386371207237243652e+01
3.245696115493774414e+01
2.489427495002746582e+01
5.416365981101989746e+01
3.101721811294555664e+01
5.445861053466796875e+01
2.311958003044128418e+01
2.448312067985534668e+01
3.384806394577026367e+01
3.736498641967773438e+01
3.676672410964965820e+01
3.769961810111999512e+01
3.704397964477539062e+01
3.004960966110229492e+01
2.688622665405273438e+01
3.858307313919067383e+01
6.938743972778320312e+01
8.251908445358276367e+01
4.320882821083068848e+01
3.329559326171875000e+01
4.085592675209045410e+01
3.728856635093688965e+01
5.883340764045715332e+01
4.317863488197326660e+01
2.828081798553466797e+01
2.912513852119445801e+01
3.534253191947937012e+01
3.602284026145935059e+01
6.603351092338562012e+01
3.768166756629943848e+01
9.461890935897827148e+00
4.213691496849060059e+01
3.436047935485839844e+01
4.111930441856384277e+01
3.992739439010620117e+01
4.879180741310119629e+01
3.102658438682556152e+01
5.091060638427734375e+01
3.116049623489379883e+01
4.028031539916992188e+01
1.488740706443786621e+01
1.325455856323242188e+01
5.670028305053710938e+01
4.027594590187072754e+01
1.606049060821533203e+01
1.295679521560668945e+01
4.986451983451843262e+01
5.465334606170654297e+01
5.250712943077087402e+01
5.898253655433654785e+01
5.062241721153259277e+01
5.015882086753845215e+01
4.640214705467224121e+01
2.303565406799316406e+01
7.634732151031494141e+01
4.693806219100952148e+01
1.877677893638610840e+01
1.969339299201965332e+01
1.996158862113952637e+01
2.564891505241394043e+01
2.510882377624511719e+01
3.812878966331481934e+01
3.733657312393188477e+01
1.940486264228820801e+01
4.767245721817016602e+01
2.408530068397521973e+01
3.993226695060729980e+01
2.626882600784301758e+01
4.989464402198791504e+01
2.132762265205383301e+01
3.799575853347778320e+01
5.047875261306762695e+01
2.750852131843566895e+01
4.075345945358276367e+01
5.088977241516113281e+01
2.464617776870727539e+01
4.109137058258056641e+01
1.757026696205139160e+01
2.965268683433532715e+01
2.507266306877136230e+01
4.349516057968139648e+01
2.245235943794250488e+01
8.310431241989135742e+00
2.678021717071533203e+01
5.280491256713867188e+01
7.062235474586486816e+01
2.557414937019348145e+01
5.257952165603637695e+01
3.097544240951538086e+01
1.056991314888000488e+01
3.842165017127990723e+01
7.669124078750610352e+01
2.430597019195556641e+01
4.090380215644836426e+01
4.446003937721252441e+01
1.434799575805664062e+01
6.653856658935546875e+01
2.554142904281616211e+01
5.846837520599365234e+01
2.600432729721069336e+01
3.278296947479248047e+01
5.695784854888916016e+01
3.426378417015075684e+01
2.422639703750610352e+01
3.207084536552429199e+01
3.116788148880004883e+01
2.706443619728088379e+01
1.782815766334533691e+01
4.130057668685913086e+01
2.926695227622985840e+01
5.180788111686706543e+01
3.177720904350280762e+01
2.740060615539550781e+01
3.155200409889221191e+01
1.756397938728332520e+01
2.297637510299682617e+01
2.353708267211914062e+01
2.835824728012084961e+01
2.566109418869018555e+01
2.945379948616027832e+01
5.842685818672180176e+01
3.388367223739624023e+01
2.894688653945922852e+01
3.662697911262512207e+01
4.844872617721557617e+01
3.648790287971496582e+01
3.175670194625854492e+01
2.805477380752563477e+01
3.974485707283020020e+01
3.423486566543579102e+01
3.285008788108825684e+01
5.913696861267089844e+01
3.519364666938781738e+01
3.112297749519348145e+01
5.534999203681945801e+01
3.349098372459411621e+01
1.583026933670043945e+01
6.321954226493835449e+01
4.029015493392944336e+01
2.770311975479125977e+01
1.991806054115295410e+01
2.482588481903076172e+01
4.805428171157836914e+01
1.649556589126586914e+01
4.950884556770324707e+01
2.159619426727294922e+01
3.652375864982604980e+01
2.441978001594543457e+01
2.067944145202636719e+01
3.194797897338867188e+01
4.437505269050598145e+01
1.998407196998596191e+01
1.880059027671813965e+01
2.968916487693786621e+01
3.554008698463439941e+01
1.200917124748229980e+01
6.559738135337829590e+01
3.155106878280639648e+01
3.497836518287658691e+01
1.883488583564758301e+01
4.194623827934265137e+01
2.248476696014404297e+01
2.309891796112060547e+01
1.155900120735168457e+01
5.105242443084716797e+01
1.376038336753845215e+01
1.502791833877563477e+01
1.780514550209045410e+01
1.225340461730957031e+01
1.231267976760864258e+01
3.764072418212890625e+01
1.848562479019165039e+01
2.332276463508605957e+01
1.261191415786743164e+01
3.838634276390075684e+01
2.920409274101257324e+01
1.493330931663513184e+01
1.584320306777954102e+01
2.010293555259704590e+01
2.962788748741149902e+01
2.621246170997619629e+01
3.362889242172241211e+01
1.441914558410644531e+01
4.123009395599365234e+01
3.917338705062866211e+01
1.969042468070983887e+01
2.983052253723144531e+01
1.079429316520690918e+01
2.323157906532287598e+01
2.474850368499755859e+01
2.732189965248107910e+01
1.983828306198120117e+01
3.562004756927490234e+01
3.580213356018066406e+01
1.477287697792053223e+01
2.586946678161621094e+01
3.143511104583740234e+01
2.031214141845703125e+01
1.480493092536926270e+01
2.099354910850524902e+01
2.327756237983703613e+01
2.701908373832702637e+01
2.633503437042236328e+01
2.576255059242248535e+01
2.454139518737792969e+01
1.986925244331359863e+01
2.519645977020263672e+01
2.415002083778381348e+01
2.464131593704223633e+01
3.980748796463012695e+01
2.450950670242309570e+01
1.860070490837097168e+01
3.828353619575500488e+01
2.569048309326171875e+01
3.052231407165527344e+01
1.834847664833068848e+01
2.763319849967956543e+01
1.924245834350585938e+01
1.973464107513427734e+01
3.291442561149597168e+01
2.962874126434326172e+01
4.661053204536437988e+01
2.609555840492248535e+01
2.424288392066955566e+01
3.425918865203857422e+01
6.014027571678161621e+01
2.293869876861572266e+01
2.698880505561828613e+01
2.732127714157104492e+01
3.281924343109130859e+01
2.965141940116882324e+01
3.346439361572265625e+01
3.470919203758239746e+01
2.421938395500183105e+01
4.652610564231872559e+01
3.395899534225463867e+01
2.659907865524291992e+01
3.064312744140625000e+01
2.890490317344665527e+01
3.982657146453857422e+01
3.449020957946777344e+01
3.046872830390930176e+01
3.784465646743774414e+01
3.569333696365356445e+01
3.214780783653259277e+01
3.719194340705871582e+01
3.291418671607971191e+01
3.232806444168090820e+01
6.435768699645996094e+01
3.445878815650939941e+01
3.759445953369140625e+01
5.573725223541259766e+01
2.769626927375793457e+01
3.897165489196777344e+01
4.167416667938232422e+01
2.159972190856933594e+01
3.267461156845092773e+01
2.913710999488830566e+01
1.874782514572143555e+01
3.511759829521179199e+01
3.721435570716857910e+01
3.094438815116882324e+01
4.340698671340942383e+01
3.742220592498779297e+01
3.712322282791137695e+01
4.111316895484924316e+01
3.442320084571838379e+01
4.362586808204650879e+01
3.373553276062011719e+01
4.333298659324645996e+01
5.763586592674255371e+01
1.976035284996032715e+01
3.792058563232421875e+01
1.732736968994140625e+01
2.351532387733459473e+01
4.022652649879455566e+01
4.007143735885620117e+01
3.800092697143554688e+01
4.738273000717163086e+01
3.957754445075988770e+01
3.260370612144470215e+01
4.505724573135375977e+01
3.150961351394653320e+01
2.250626325607299805e+01
3.949856328964233398e+01
3.889431095123291016e+01
2.666880226135253906e+01
3.305574464797973633e+01
2.683597302436828613e+01
3.082859969139099121e+01
4.490208983421325684e+01
5.326857972145080566e+01
3.765185976028442383e+01
3.533342242240905762e+01
1.280569195747375488e+01
2.509280586242675781e+01
1.955013442039489746e+01
1.810389828681945801e+01
3.944054150581359863e+01
3.252767109870910645e+01
2.956593489646911621e+01
2.705427408218383789e+01
1.333855557441711426e+01
3.244208359718322754e+01
2.118964529037475586e+01
2.970346879959106445e+01
3.145377635955810547e+01
3.182734656333923340e+01
2.152563166618347168e+01
2.317590737342834473e+01
2.320502901077270508e+01
3.150183367729187012e+01
3.253978085517883301e+01
5.176125144958496094e+01
3.327053785324096680e+01
2.442276644706726074e+01
2.361304831504821777e+01
2.175651764869689941e+01
2.239650893211364746e+01
2.630358743667602539e+01
3.871414756774902344e+01
2.532627415657043457e+01
2.556692457199096680e+01
4.001650714874267578e+01
2.754865765571594238e+01
4.114218449592590332e+01
2.641240358352661133e+01
3.567346668243408203e+01
2.509857606887817383e+01
4.058844232559204102e+01
1.999094057083129883e+01
3.735038280487060547e+01
2.542045474052429199e+01
2.354482674598693848e+01
3.442522668838500977e+01
3.427599358558654785e+01
2.548734688758850098e+01
2.829332447052001953e+01
2.407703304290771484e+01
2.814309811592102051e+01
2.818576407432556152e+01
3.447225832939147949e+01
2.480031490325927734e+01
2.575886273384094238e+01
2.924489617347717285e+01
1.586862993240356445e+01
1.454230189323425293e+01
1.156589841842651367e+01
5.985651302337646484e+01
3.307514834403991699e+01
2.376089191436767578e+01
1.968711304664611816e+01
4.356450867652893066e+01
3.204755973815917969e+01
3.248785233497619629e+01
4.052324199676513672e+01
3.298912811279296875e+01
3.183514475822448730e+01
2.015047979354858398e+01
3.238111686706542969e+01
4.169800734519958496e+01
4.176952099800109863e+01
1.165794420242309570e+01
2.668821096420288086e+01
3.376324915885925293e+01
3.674497079849243164e+01
3.226917314529418945e+01
2.271915268898010254e+01
2.585048413276672363e+01
1.897397804260253906e+01
2.354564499855041504e+01
2.823083877563476562e+01
2.445796918869018555e+01
4.365018486976623535e+01
4.699484205245971680e+01
3.118127489089965820e+01
3.952793407440185547e+01
4.011745333671569824e+01
2.780614972114562988e+01
1.005118870735168457e+01
2.312863993644714355e+01
2.988329243659973145e+01
2.354411029815673828e+01
2.654292678833007812e+01
2.018673896789550781e+01
2.688523340225219727e+01
2.498009467124938965e+01
1.976835250854492188e+01
2.556777691841125488e+01
1.809247541427612305e+01
3.154816389083862305e+01
2.691065025329589844e+01
3.253988456726074219e+01
2.008276319503784180e+01
1.899066352844238281e+01
2.209693932533264160e+01
2.246741247177124023e+01
2.275470161437988281e+01
2.311884236335754395e+01
2.757603955268859863e+01
2.335641551017761230e+01
2.211755394935607910e+01
1.214935278892517090e+01
1.813796830177307129e+01
3.269185328483581543e+01
3.290439796447753906e+01
2.803714966773986816e+01
2.505739998817443848e+01
2.937169766426086426e+01
2.656424236297607422e+01
1.817234444618225098e+01
2.392667794227600098e+01
9.505146026611328125e+00
2.442887735366821289e+01
1.247834634780883789e+01
4.251138687133789062e+00
3.517817997932434082e+01
2.428033804893493652e+01
7.636983871459960938e+00
1.094145774841308594e+01
9.201599121093750000e+00
5.308354043960571289e+01
1.543631625175476074e+01
1.711585736274719238e+01
1.777566528320312500e+01
2.408102583885192871e+01
1.435735630989074707e+01
1.895783662796020508e+01
1.962675166130065918e+01
1.540887355804443359e+01
2.491222214698791504e+01
1.860813641548156738e+01
2.444720768928527832e+01
1.997994971275329590e+01
1.967698311805725098e+01
2.654869604110717773e+01
2.392024445533752441e+01
2.317051029205322266e+01
2.392296195030212402e+01
2.114990806579589844e+01
1.538391780853271484e+01
2.408792662620544434e+01
4.353491330146789551e+01
2.575559568405151367e+01
2.464043807983398438e+01
4.279029846191406250e+01
2.004630446434020996e+01
2.162885379791259766e+01
3.181376385688781738e+01
2.502680063247680664e+01
1.810322761535644531e+01
2.868330526351928711e+01
1.322198796272277832e+01
1.208861494064331055e+01
2.975704264640808105e+01
1.185121512413024902e+01
6.578152656555175781e+00
1.300021576881408691e+01
1.572516632080078125e+01
1.351440668106079102e+01
2.265675163269042969e+01
1.110141396522521973e+01
2.857307004928588867e+01
9.441466808319091797e+00
3.267546963691711426e+01
9.180817127227783203e+00
1.628853297233581543e+01
2.071887183189392090e+01
3.368495965003967285e+01
2.160440063476562500e+01
2.326319265365600586e+01
2.387657713890075684e+01
1.316736412048339844e+01
1.746791386604309082e+01
2.544008970260620117e+01
2.595207190513610840e+01
2.544521665573120117e+01
2.548030734062194824e+01
1.696870923042297363e+01
3.273403620719909668e+01
1.879152536392211914e+01
2.373763155937194824e+01
2.166440939903259277e+01
2.294262266159057617e+01
2.416882205009460449e+01
3.019547724723815918e+01
2.409114432334899902e+01
3.691812562942504883e+01
3.481224346160888672e+01
1.837532591819763184e+01
3.538823652267456055e+01
2.701567363739013672e+01
8.856734991073608398e+00
2.411516022682189941e+01
1.853469491004943848e+01
2.555937337875366211e+01
1.958229470252990723e+01
1.245603919029235840e+01
2.408069038391113281e+01
2.518796467781066895e+01
1.616604566574096680e+01
1.947041463851928711e+01
2.653426623344421387e+01
1.249372649192810059e+01
1.925509691238403320e+01
1.836603212356567383e+01
2.684742379188537598e+01
3.784619712829589844e+01
2.771262288093566895e+01
2.675620412826538086e+01
2.013635325431823730e+01
4.443576359748840332e+01
2.762961673736572266e+01
3.920459794998168945e+01
3.097404122352600098e+01
4.221819972991943359e+01
2.365557932853698730e+01
2.468252563476562500e+01
1.559853839874267578e+01
2.946783733367919922e+01
3.776434946060180664e+01
3.148733234405517578e+01
1.541469955444335938e+01
3.367866992950439453e+01
3.067759585380554199e+01
2.782366538047790527e+01
4.388886904716491699e+01
2.898158240318298340e+01
3.709439635276794434e+01
3.640723276138305664e+01
3.170409345626831055e+01
2.203612041473388672e+01
4.368275880813598633e+01
1.960870742797851562e+01
1.899020338058471680e+01
2.783977341651916504e+01
1.777728343009948730e+01
2.120585489273071289e+01
4.089032936096191406e+01
3.082242298126220703e+01
1.755895638465881348e+01
3.529615116119384766e+01
4.838846826553344727e+01
3.968398737907409668e+01
1.095860552787780762e+01
3.690976047515869141e+01
4.871680045127868652e+01
2.600773358345031738e+01
1.460802102088928223e+01
3.366460108757019043e+01
2.820855569839477539e+01
2.834749484062194824e+01
4.914888405799865723e+01
2.273751711845397949e+01
1.975276088714599609e+01
2.520024466514587402e+01
2.808937025070190430e+01
3.195313620567321777e+01
4.984165787696838379e+01
2.892771124839782715e+01
3.915785479545593262e+01
3.845704793930053711e+01
5.344583535194396973e+01
4.084499764442443848e+01
2.747020745277404785e+01
2.439131617546081543e+01
2.768516445159912109e+01
2.171218824386596680e+01
5.019173479080200195e+01
2.241369152069091797e+01
2.768619275093078613e+01
2.022787928581237793e+01
2.823230719566345215e+01
2.569954872131347656e+01
3.235399413108825684e+01
2.425888538360595703e+01
4.086983776092529297e+01
2.850444555282592773e+01
1.814649152755737305e+01
1.440207052230834961e+01
2.967782759666442871e+01
2.152351856231689453e+01
2.130573463439941406e+01
3.692863178253173828e+01
4.393672108650207520e+01
2.908691143989562988e+01
1.708058094978332520e+01
1.617278575897216797e+01
3.258950161933898926e+01
2.653701639175415039e+01
2.866517090797424316e+01
2.506003093719482422e+01
2.484202718734741211e+01
5.051525878906250000e+01
2.411637544631958008e+01
2.255592513084411621e+01
2.477710509300231934e+01
2.778855180740356445e+01
1.951317453384399414e+01
2.542012882232666016e+01
3.082744717597961426e+01
2.314127993583679199e+01
2.450237703323364258e+01
2.852303624153137207e+01
2.985096645355224609e+01
3.286533403396606445e+01
2.712708044052124023e+01
2.368615794181823730e+01
1.272468137741088867e+01
2.662731719017028809e+01
1.821402907371520996e+01
2.052801370620727539e+01
1.552819561958312988e+01
2.838099265098571777e+01
2.081116843223571777e+01
2.126053380966186523e+01
2.520892620086669922e+01
3.586382389068603516e+01
2.355951237678527832e+01
4.808770656585693359e+01
3.428987860679626465e+01
1.852912902832031250e+01
3.053004455566406250e+01
2.730276799201965332e+01
2.309750652313232422e+01
3.263972830772399902e+01
3.478923821449279785e+01
4.810253262519836426e+01
3.144067811965942383e+01
4.419458580017089844e+01
1.204579353332519531e+01
4.021256637573242188e+01
1.542178845405578613e+01
6.609771966934204102e+00
2.048709106445312500e+01
2.662708735466003418e+01
1.871238708496093750e+01
1.130624675750732422e+01
3.088816452026367188e+01
3.667680048942565918e+01
3.198987817764282227e+01
3.668831086158752441e+01
3.238835287094116211e+01
3.200531816482543945e+01
3.469040822982788086e+01
1.659056663513183594e+01
2.605533552169799805e+01
1.313843035697937012e+01
1.222932100296020508e+01
2.759088516235351562e+01
1.702131557464599609e+01
3.272226786613464355e+01
