1.090773415565490723e+01
1.272535228729248047e+01
1.081093358993530273e+01
1.700268745422363281e+01
1.452879476547241211e+01
1.251472544670104980e+01
1.771413731575012207e+01
2.689817309379577637e+01
2.031163930892944336e+01
1.877869415283203125e+01
1.855115437507629395e+01
2.610057497024536133e+01
1.912294530868530273e+01
1.386852574348449707e+01
2.261128973960876465e+01
1.770066595077514648e+01
2.289127564430236816e+01
2.065193223953247070e+01
2.183759760856628418e+01
1.781694531440734863e+01
1.737276101112365723e+01
1.776821804046630859e+01
2.484307742118835449e+01
2.303106355667114258e+01
3.113750410079956055e+01
8.788421154022216797e+00
1.118829894065856934e+01
2.445815873146057129e+01
1.926440405845642090e+01
1.548602652549743652e+01
2.188443040847778320e+01
2.115198445320129395e+01
1.531069898605346680e+01
3.083042621612548828e+01
1.243287611007690430e+01
2.853246092796325684e+01
1.519686293601989746e+01
2.088720870018005371e+01
1.554922652244567871e+01
2.453231692314147949e+01
2.053602075576782227e+01
2.489071750640869141e+01
2.199963998794555664e+01
1.201779913902282715e+01
8.263418912887573242e+00
2.718219137191772461e+01
2.264146089553833008e+01
2.080667901039123535e+01
2.655843973159790039e+01
2.856885027885437012e+01
2.520831227302551270e+01
1.030080461502075195e+01
2.212262892723083496e+01
3.054612636566162109e+01
2.144862437248229980e+01
2.057523798942565918e+01
2.258744430541992188e+01
1.666592288017272949e+01
1.903082251548767090e+01
1.820282649993896484e+01
1.102795267105102539e+01
1.603979396820068359e+01
2.022585105895996094e+01
1.331682085990905762e+01
4.267915105819702148e+01
6.953762054443359375e+00
8.688441991806030273e+00
2.355609941482543945e+01
8.188765764236450195e+00
2.325911092758178711e+01
1.947591686248779297e+01
2.052825736999511719e+01
1.531703090667724609e+01
2.324861884117126465e+01
2.029655551910400391e+01
1.670816087722778320e+01
1.969787001609802246e+01
2.409265303611755371e+01
1.613100194931030273e+01
1.012754058837890625e+01
1.193105721473693848e+01
6.045916557312011719e+00
2.236706972122192383e+01
2.727425503730773926e+01
2.798335957527160645e+01
1.263041710853576660e+01
1.897560596466064453e+01
2.183578824996948242e+01
1.701272058486938477e+01
1.665642976760864258e+01
8.791840076446533203e+00
1.275554513931274414e+01
1.398705720901489258e+01
9.152524948120117188e+00
1.106156992912292480e+01
1.537617874145507812e+01
1.573811745643615723e+01
1.401562714576721191e+01
4.598057746887207031e+00
1.877036452293395996e+01
2.064730787277221680e+01
1.753559446334838867e+01
2.584354782104492188e+01
2.588937091827392578e+01
1.028208494186401367e+01
2.519544458389282227e+01
2.047244644165039062e+01
1.187876772880554199e+01
1.473750281333923340e+01
1.691118955612182617e+01
1.361733484268188477e+01
2.222333407402038574e+01
1.325236511230468750e+01
1.521056985855102539e+01
3.089957284927368164e+01
1.501366686820983887e+01
2.157308506965637207e+01
3.284983825683593750e+01
1.139711737632751465e+01
2.570560503005981445e+01
2.544675135612487793e+01
2.138703036308288574e+01
1.150213122367858887e+01
1.834058117866516113e+01
1.400163316726684570e+01
8.444408178329467773e+00
1.159609055519104004e+01
2.004221224784851074e+01
2.126892375946044922e+01
1.247026991844177246e+01
1.997694587707519531e+01
1.389220237731933594e+01
1.672920823097229004e+01
2.124418473243713379e+01
2.016278886795043945e+01
1.419746589660644531e+01
2.320505738258361816e+01
3.649199485778808594e+00
1.655689716339111328e+01
1.253097367286682129e+01
1.289255619049072266e+01
2.112486219406127930e+01
1.687617635726928711e+01
2.009819459915161133e+01
2.354839468002319336e+01
1.384061813354492188e+01
2.212726283073425293e+01
2.135309219360351562e+01
1.742075467109680176e+01
2.142017507553100586e+01
2.113489580154418945e+01
8.962440013885498047e+00
1.828812766075134277e+01
2.619309997558593750e+01
1.258233928680419922e+01
2.716659879684448242e+01
1.310782241821289062e+01
7.455620765686035156e+00
2.330266141891479492e+01
1.566948938369750977e+01
1.899082541465759277e+01
1.791537547111511230e+01
1.569546580314636230e+01
2.773638439178466797e+01
2.825101780891418457e+01
1.888429951667785645e+01
2.216584062576293945e+01
1.654324841499328613e+01
2.859364104270935059e+01
1.890706062316894531e+01
1.561128139495849609e+01
1.932429981231689453e+01
4.101199531555175781e+01
3.199562239646911621e+01
1.687175846099853516e+01
1.881885242462158203e+01
1.934493684768676758e+01
1.982715177536010742e+01
1.502657485008239746e+01
1.465837383270263672e+01
2.960710525512695312e+01
2.806281185150146484e+01
1.925228381156921387e+01
2.136211967468261719e+01
2.229879713058471680e+01
1.042184424400329590e+01
2.447569942474365234e+01
2.234599375724792480e+01
1.645276117324829102e+01
1.746675467491149902e+01
2.073166155815124512e+01
2.174850916862487793e+01
1.765189528465270996e+01
1.797010254859924316e+01
1.459123086929321289e+01
1.752146458625793457e+01
1.550580668449401855e+01
2.010486435890197754e+01
1.945852541923522949e+01
1.394789075851440430e+01
1.776197957992553711e+01
2.838047719001770020e+01
1.425168442726135254e+01
1.831157517433166504e+01
2.185214304924011230e+01
1.140158748626708984e+01
2.483313918113708496e+01
1.869380950927734375e+01
1.209514069557189941e+01
1.901348805427551270e+01
1.928854107856750488e+01
3.332744431495666504e+01
3.221096253395080566e+01
2.215354394912719727e+01
7.255923032760620117e+00
1.889899349212646484e+01
2.681109762191772461e+01
2.042613124847412109e+01
2.455381965637207031e+01
1.457299065589904785e+01
2.373360395431518555e+01
2.035103416442871094e+01
1.523486733436584473e+01
1.510565519332885742e+01
1.503439354896545410e+01
3.238390088081359863e+01
7.069547653198242188e+00
2.476689338684082031e+01
1.041249585151672363e+01
1.211390829086303711e+01
1.652928066253662109e+01
2.734638619422912598e+01
1.561705160140991211e+01
1.664409089088439941e+01
2.428622341156005859e+01
1.310421681404113770e+01
2.517748904228210449e+01
1.716165947914123535e+01
2.671487355232238770e+01
3.091278624534606934e+01
1.798653030395507812e+01
2.352818179130554199e+01
2.038648796081542969e+01
2.074520874023437500e+01
2.594725394248962402e+01
1.219967913627624512e+01
1.138345837593078613e+01
1.025254106521606445e+01
7.537958145141601562e+00
2.152474904060363770e+01
2.059660625457763672e+01
2.728477263450622559e+01
1.307563734054565430e+01
2.489111661911010742e+01
8.328847169876098633e+00
2.755185556411743164e+01
3.083527398109436035e+01
1.677583456039428711e+01
9.180730104446411133e+00
2.457733082771301270e+01
1.316394472122192383e+01
1.716239261627197266e+01
3.219810199737548828e+01
2.194364905357360840e+01
3.047969269752502441e+01
2.278321671485900879e+01
1.530300378799438477e+01
1.640644931793212891e+01
2.421172761917114258e+01
1.865067982673645020e+01
2.310090041160583496e+01
1.397133469581604004e+01
3.062934422492980957e+01
1.819462656974792480e+01
1.038535785675048828e+01
1.931555962562561035e+01
1.280541205406188965e+01
1.897058391571044922e+01
1.632434153556823730e+01
1.535273075103759766e+01
2.570241165161132812e+01
1.237094306945800781e+01
2.389221119880676270e+01
3.739278197288513184e+01
2.557908177375793457e+01
2.576828861236572266e+01
2.709454274177551270e+01
1.621785926818847656e+01
2.158848690986633301e+01
1.385989379882812500e+01
1.960024213790893555e+01
1.577971959114074707e+01
1.257110953330993652e+01
4.542237758636474609e+00
3.762533140182495117e+01
2.702309107780456543e+01
1.886785316467285156e+01
1.358146929740905762e+01
2.472397017478942871e+01
3.230362319946289062e+01
2.237320470809936523e+01
1.401750612258911133e+01
7.889593362808227539e+00
1.976995229721069336e+01
2.698750495910644531e+01
1.149945640563964844e+01
1.647642326354980469e+01
1.348904323577880859e+01
1.704943299293518066e+01
1.708266496658325195e+01
1.079453206062316895e+01
1.351689672470092773e+01
9.927525997161865234e+00
7.065584182739257812e+00
1.727313113212585449e+01
1.059671354293823242e+01
2.622659587860107422e+01
2.181928396224975586e+01
3.510829138755798340e+01
1.692880511283874512e+01
3.441269922256469727e+01
1.360537791252136230e+01
1.487132692337036133e+01
3.894501638412475586e+01
9.469564437866210938e+00
2.528815484046936035e+01
2.885648012161254883e+01
1.882700061798095703e+01
2.772027516365051270e+01
6.816124916076660156e+00
1.686772418022155762e+01
1.945654892921447754e+01
1.972680997848510742e+01
2.627099609375000000e+01
1.720138859748840332e+01
1.530031704902648926e+01
3.068837523460388184e+01
2.110659360885620117e+01
2.210050249099731445e+01
1.563540983200073242e+01
2.308222484588623047e+01
3.705943107604980469e+01
1.597520017623901367e+01
1.617259192466735840e+01
1.443882870674133301e+01
1.729524612426757812e+01
8.720325708389282227e+00
1.557854199409484863e+01
1.496341729164123535e+01
2.229204940795898438e+01
2.689262366294860840e+01
1.711031222343444824e+01
1.628938293457031250e+01
2.056048440933227539e+01
1.519399929046630859e+01
2.778157329559326172e+01
1.975670695304870605e+01
1.110153794288635254e+01
3.622924447059631348e+01
1.827321004867553711e+01
2.142064166069030762e+01
3.039470410346984863e+01
1.861742687225341797e+01
1.890706419944763184e+01
1.961179471015930176e+01
1.439175915718078613e+01
2.988869690895080566e+01
1.819786810874938965e+01
2.514742374420166016e+01
2.748916316032409668e+01
1.963404417037963867e+01
2.509315586090087891e+01
1.547784233093261719e+01
2.974345922470092773e+01
2.174028849601745605e+01
2.285246849060058594e+01
2.967581939697265625e+01
2.777263832092285156e+01
2.158293294906616211e+01
3.308538103103637695e+01
1.899486374855041504e+01
1.968937659263610840e+01
1.656924867630004883e+01
2.399687743186950684e+01
2.086296606063842773e+01
2.957348322868347168e+01
3.046544837951660156e+01
2.858663415908813477e+01
1.581266069412231445e+01
1.685111618041992188e+01
2.101325941085815430e+01
2.385883259773254395e+01
2.319898080825805664e+01
2.349923443794250488e+01
1.782539200782775879e+01
1.631070542335510254e+01
2.116491746902465820e+01
2.538323187828063965e+01
1.504874801635742188e+01
1.431460547447204590e+01
2.282294845581054688e+01
1.882021379470825195e+01
2.371987032890319824e+01
2.028910565376281738e+01
1.178881859779357910e+01
1.945654988288879395e+01
2.840373611450195312e+01
2.365284490585327148e+01
2.493854928016662598e+01
3.388045048713684082e+01
2.013662838935852051e+01
2.023229598999023438e+01
2.611518430709838867e+01
1.515561866760253906e+01
2.168842387199401855e+01
2.242818212509155273e+01
2.224629235267639160e+01
1.867312121391296387e+01
2.657535862922668457e+01
1.676669549942016602e+01
2.021821308135986328e+01
1.701872181892395020e+01
1.468783807754516602e+01
2.399856042861938477e+01
2.500405168533325195e+01
2.336804485321044922e+01
2.937392807006835938e+01
1.458560490608215332e+01
2.480088424682617188e+01
2.893023514747619629e+01
3.587026071548461914e+01
2.112597346305847168e+01
1.702546024322509766e+01
3.265341711044311523e+01
1.488235974311828613e+01
1.449715709686279297e+01
2.058887338638305664e+01
1.499831461906433105e+01
1.875239777565002441e+01
2.570250797271728516e+01
3.083270049095153809e+01
3.424619793891906738e+01
2.545477747917175293e+01
3.039537096023559570e+01
2.949967765808105469e+01
2.091214895248413086e+01
3.255567336082458496e+01
9.790104866027832031e+00
1.860152626037597656e+01
2.369737815856933594e+01
7.937712430953979492e+00
3.309422230720520020e+01
1.558996725082397461e+01
2.724590349197387695e+01
2.420013332366943359e+01
3.258632946014404297e+01
2.215948462486267090e+01
1.927323389053344727e+01
6.803465604782104492e+00
1.452263498306274414e+01
1.512519216537475586e+01
2.562423586845397949e+01
2.097976231575012207e+01
9.215374231338500977e+00
2.514238786697387695e+01
2.752932763099670410e+01
1.783244156837463379e+01
2.442211461067199707e+01
2.658537340164184570e+01
2.669556331634521484e+01
3.627856612205505371e+01
8.796215057373046875e+00
1.760931110382080078e+01
2.679163646697998047e+01
2.025600910186767578e+01
1.389991092681884766e+01
1.207241725921630859e+01
1.739193844795227051e+01
8.126727581024169922e+00
1.756902217864990234e+01
8.640768766403198242e+00
2.233278322219848633e+01
1.968193840980529785e+01
1.516767215728759766e+01
1.973429322242736816e+01
2.452919197082519531e+01
3.522694349288940430e+01
2.657759809494018555e+01
1.293250608444213867e+01
2.136152148246765137e+01
8.563640594482421875e+00
1.546749210357666016e+01
1.977819132804870605e+01
2.113272976875305176e+01
2.800814938545227051e+01
1.725737953186035156e+01
3.254116392135620117e+01
1.171276235580444336e+01
1.728074645996093750e+01
1.740197086334228516e+01
1.684466314315795898e+01
9.923866271972656250e+00
2.643410444259643555e+01
3.039775657653808594e+01
2.315718913078308105e+01
2.779595398902893066e+01
1.696056222915649414e+01
1.843831396102905273e+01
2.902497696876525879e+01
2.432155513763427734e+01
1.627754521369934082e+01
2.451215934753417969e+01
1.927374482154846191e+01
2.328154850006103516e+01
1.371494698524475098e+01
9.831404209136962891e+00
2.023356342315673828e+01
1.708256769180297852e+01
7.038076400756835938e+00
3.943492555618286133e+01
1.938072752952575684e+01
3.689145946502685547e+01
2.043029499053955078e+01
1.441644120216369629e+01
2.553249144554138184e+01
2.502423477172851562e+01
4.083039069175720215e+01
9.012815713882446289e+00
2.882421159744262695e+01
9.483088254928588867e+00
1.808224010467529297e+01
1.916567778587341309e+01
1.261728620529174805e+01
9.472023963928222656e+00
1.948466563224792480e+01
1.309314870834350586e+01
1.075898861885070801e+01
1.242761826515197754e+01
2.192607092857360840e+01
1.918114137649536133e+01
1.073926401138305664e+01
1.243285346031188965e+01
3.251659512519836426e+01
1.771243286132812500e+01
2.184564256668090820e+01
2.008282327651977539e+01
2.301477360725402832e+01
1.882079792022705078e+01
2.609089899063110352e+01
7.767951965332031250e+00
8.462540626525878906e+00
1.559028601646423340e+01
1.876343011856079102e+01
1.798976087570190430e+01
1.488925099372863770e+01
2.622915744781494141e+01
2.173299121856689453e+01
1.870206737518310547e+01
2.107366180419921875e+01
1.018036746978759766e+01
2.641824245452880859e+01
2.299882841110229492e+01
1.313910913467407227e+01
1.977215528488159180e+01
1.869187259674072266e+01
6.808578729629516602e+00
3.028725504875183105e+01
1.499178099632263184e+01
2.488470911979675293e+01
1.250110316276550293e+01
1.514758920669555664e+01
1.659978699684143066e+01
2.611174416542053223e+01
3.083008885383605957e+01
1.637066817283630371e+01
1.515987467765808105e+01
2.412321639060974121e+01
1.358891391754150391e+01
1.375902485847473145e+01
2.096306180953979492e+01
1.607853269577026367e+01
1.295588040351867676e+01
1.240306067466735840e+01
2.067506289482116699e+01
1.402088284492492676e+01
1.921774315834045410e+01
4.043710350990295410e+01
1.976883721351623535e+01
3.376554203033447266e+01
2.062069797515869141e+01
1.853260827064514160e+01
1.157609128952026367e+01
1.884814643859863281e+01
9.260143995285034180e+00
2.768644928932189941e+01
2.078903198242187500e+01
1.086345791816711426e+01
2.876844334602355957e+01
1.846352791786193848e+01
1.029352068901062012e+01
1.995172333717346191e+01
1.291233515739440918e+01
1.133305287361145020e+01
1.307396483421325684e+01
1.721980881690979004e+01
9.800689697265625000e+00
1.125074553489685059e+01
1.720050859451293945e+01
1.838504934310913086e+01
1.528164863586425781e+01
3.547916769981384277e+01
2.279875016212463379e+01
1.361430287361145020e+01
1.540300941467285156e+01
1.905852866172790527e+01
2.976749587059020996e+01
8.750140428543090820e+00
1.108244466781616211e+01
1.895529651641845703e+01
1.133250093460083008e+01
1.976593518257141113e+01
1.916889047622680664e+01
1.785011243820190430e+01
1.166828513145446777e+01
2.359503865242004395e+01
1.467148828506469727e+01
1.778051924705505371e+01
2.339156913757324219e+01
1.878381800651550293e+01
2.422273421287536621e+01
1.940052247047424316e+01
3.124918365478515625e+01
1.078385090827941895e+01
2.254094672203063965e+01
1.421573543548583984e+01
8.119309902191162109e+00
8.409783840179443359e+00
2.406172990798950195e+01
1.813130617141723633e+01
1.666835880279541016e+01
1.882823061943054199e+01
2.370807194709777832e+01
1.855511116981506348e+01
1.613734817504882812e+01
1.687226104736328125e+01
1.984048509597778320e+01
1.187326979637145996e+01
2.450817346572875977e+01
1.707709360122680664e+01
9.039551258087158203e+00
2.499352169036865234e+01
1.701156616210937500e+01
2.300224113464355469e+01
2.839399862289428711e+01
2.550642585754394531e+01
1.750417423248291016e+01
1.729589438438415527e+01
2.490035057067871094e+01
1.643602228164672852e+01
1.964930987358093262e+01
2.408137893676757812e+01
1.799650931358337402e+01
1.635242938995361328e+01
1.804433035850524902e+01
2.093970441818237305e+01
1.950990509986877441e+01
1.361311554908752441e+01
2.473210835456848145e+01
1.261994552612304688e+01
2.771183395385742188e+01
1.552804946899414062e+01
2.290628552436828613e+01
1.880570697784423828e+01
2.394390201568603516e+01
1.631895589828491211e+01
2.842994451522827148e+01
2.152192378044128418e+01
1.321422863006591797e+01
2.233416390419006348e+01
2.592318558692932129e+01
2.088057351112365723e+01
2.079320073127746582e+01
2.143494677543640137e+01
1.552336621284484863e+01
1.302710413932800293e+01
2.528110480308532715e+01
1.548345685005187988e+01
1.369033670425415039e+01
1.765710616111755371e+01
1.697097492218017578e+01
2.584788751602172852e+01
2.412621855735778809e+01
2.141129374504089355e+01
1.612544441223144531e+01
1.746644115447998047e+01
2.235390305519104004e+01
6.062883138656616211e+00
2.009282779693603516e+01
1.648733401298522949e+01
1.461612987518310547e+01
1.737939047813415527e+01
3.546395349502563477e+01
1.194170355796813965e+01
1.213498234748840332e+01
3.402666950225830078e+01
3.118981361389160156e+01
1.511958312988281250e+01
1.666552591323852539e+01
1.155015683174133301e+01
2.028684926033020020e+01
1.916817307472229004e+01
2.053206205368041992e+01
1.829705667495727539e+01
1.170291757583618164e+01
1.238899803161621094e+01
2.628461551666259766e+01
1.241675496101379395e+01
2.463633418083190918e+01
2.632421875000000000e+01
2.560527420043945312e+01
1.697424411773681641e+01
1.350857138633728027e+01
2.509438109397888184e+01
2.595674490928649902e+01
2.716699838638305664e+01
3.043752861022949219e+01
1.930056977272033691e+01
1.913372206687927246e+01
2.920910930633544922e+01
1.310236978530883789e+01
2.008119297027587891e+01
1.294237184524536133e+01
7.428240776062011719e+00
1.663443279266357422e+01
1.180044078826904297e+01
1.393737888336181641e+01
1.397619581222534180e+01
1.265382337570190430e+01
2.198414134979248047e+01
1.367207288742065430e+01
2.272876763343811035e+01
1.208291721343994141e+01
1.432179021835327148e+01
1.478397536277770996e+01
3.842357730865478516e+01
2.120605516433715820e+01
2.278604269027709961e+01
1.435830402374267578e+01
1.636918544769287109e+01
9.575383186340332031e+00
2.744212317466735840e+01
7.382418394088745117e+00
2.544052100181579590e+01
2.588103628158569336e+01
2.919307541847229004e+01
1.707779383659362793e+01
1.656848263740539551e+01
3.090023994445800781e+01
1.246668791770935059e+01
2.782029056549072266e+01
2.271169614791870117e+01
1.800355124473571777e+01
7.092630624771118164e+00
1.512024521827697754e+01
1.914220190048217773e+01
2.245921683311462402e+01
2.394661736488342285e+01
9.014397144317626953e+00
2.808034944534301758e+01
3.003388833999633789e+01
2.355049800872802734e+01
2.113295102119445801e+01
3.005819797515869141e+01
2.240822339057922363e+01
2.129599380493164062e+01
7.765313863754272461e+00
2.165391969680786133e+01
2.440252017974853516e+01
2.179607057571411133e+01
1.784626531600952148e+01
8.247165203094482422e+00
1.029002451896667480e+01
1.646573376655578613e+01
1.639696955680847168e+01
2.241690969467163086e+01
1.849061560630798340e+01
1.213425993919372559e+01
1.908729195594787598e+01
2.448182177543640137e+01
2.255233430862426758e+01
1.327646040916442871e+01
3.188310027122497559e+01
1.856168699264526367e+01
3.196390914916992188e+01
1.818737173080444336e+01
1.473670172691345215e+01
1.972816658020019531e+01
9.294212818145751953e+00
2.087749624252319336e+01
1.385122370719909668e+01
2.445899558067321777e+01
3.439502549171447754e+01
9.196522474288940430e+00
1.722021746635437012e+01
1.186101245880126953e+01
2.329988527297973633e+01
1.943802785873413086e+01
6.586826086044311523e+00
1.028198862075805664e+01
1.534622406959533691e+01
1.959628605842590332e+01
2.129209971427917480e+01
2.383355307579040527e+01
1.139529013633728027e+01
2.184049773216247559e+01
1.400335788726806641e+01
1.863373303413391113e+01
2.364318823814392090e+01
2.753725671768188477e+01
2.900659465789794922e+01
2.345762109756469727e+01
2.809261822700500488e+01
1.359464931488037109e+01
2.475823712348937988e+01
1.469621586799621582e+01
1.439656662940979004e+01
1.672800469398498535e+01
9.463881254196166992e+00
2.055255460739135742e+01
3.202723741531372070e+01
1.431013870239257812e+01
2.415944719314575195e+01
1.565752100944519043e+01
1.555938220024108887e+01
2.775174713134765625e+01
1.133528161048889160e+01
1.760046529769897461e+01
2.055226349830627441e+01
2.520044875144958496e+01
3.926183986663818359e+01
1.726450586318969727e+01
1.782376599311828613e+01
1.685558891296386719e+01
1.892065143585205078e+01
1.556447291374206543e+01
1.934872555732727051e+01
1.343358969688415527e+01
1.763611721992492676e+01
2.662044835090637207e+01
1.541472816467285156e+01
1.659561443328857422e+01
1.855111980438232422e+01
2.753348255157470703e+01
8.783583164215087891e+00
1.573138999938964844e+01
1.643951892852783203e+01
1.330807828903198242e+01
2.886012244224548340e+01
1.727831411361694336e+01
2.570834231376647949e+01
1.456138134002685547e+01
2.186825752258300781e+01
1.671655511856079102e+01
1.105588269233703613e+01
1.688017630577087402e+01
2.093540096282958984e+01
1.695345926284790039e+01
2.060482144355773926e+01
1.409276056289672852e+01
2.156174373626708984e+01
1.166661810874938965e+01
3.474192118644714355e+01
2.716184306144714355e+01
1.882614111900329590e+01
1.489534616470336914e+01
3.106179809570312500e+01
1.782832241058349609e+01
1.396789312362670898e+01
3.389907646179199219e+01
1.088454318046569824e+01
1.929626870155334473e+01
1.479570913314819336e+01
1.750498247146606445e+01
1.462892270088195801e+01
2.813060355186462402e+01
2.477187633514404297e+01
2.036669969558715820e+01
2.244225597381591797e+01
1.680477523803710938e+01
3.123022937774658203e+01
1.194477534294128418e+01
3.807557702064514160e+01
1.808919882774353027e+01
1.740746593475341797e+01
1.813062977790832520e+01
1.949337029457092285e+01
2.280768871307373047e+01
1.439696884155273438e+01
1.941524314880371094e+01
2.142602372169494629e+01
1.865546798706054688e+01
9.960999011993408203e+00
2.040574145317077637e+01
2.673631739616394043e+01
2.810025644302368164e+01
2.007580614089965820e+01
1.628978252410888672e+01
1.230602717399597168e+01
1.805668377876281738e+01
1.827856683731079102e+01
1.691802096366882324e+01
2.670604181289672852e+01
1.706246614456176758e+01
2.529952740669250488e+01
1.253818559646606445e+01
1.701628994941711426e+01
1.595009779930114746e+01
1.230899834632873535e+01
1.606235051155090332e+01
2.060655379295349121e+01
3.510382270812988281e+01
2.397198557853698730e+01
1.198322391510009766e+01
2.989451408386230469e+01
2.296615362167358398e+01
1.243569946289062500e+01
2.228433752059936523e+01
2.352838253974914551e+01
1.517099213600158691e+01
1.132498407363891602e+01
1.654830455780029297e+01
1.625506162643432617e+01
2.215137195587158203e+01
1.920295524597167969e+01
1.993634223937988281e+01
3.485579752922058105e+01
2.163252186775207520e+01
2.065409946441650391e+01
2.253854680061340332e+01
2.434093785285949707e+01
2.123362421989440918e+01
1.144344997406005859e+01
1.799054813385009766e+01
1.860444450378417969e+01
1.478085899353027344e+01
1.384529495239257812e+01
2.437244081497192383e+01
1.379985404014587402e+01
2.273351550102233887e+01
2.316745471954345703e+01
1.241416597366333008e+01
1.621136212348937988e+01
2.228437590599060059e+01
2.293279981613159180e+01
2.228813242912292480e+01
1.655620479583740234e+01
1.105557775497436523e+01
2.450304079055786133e+01
1.238724946975708008e+01
1.417788076400756836e+01
2.655052399635314941e+01
1.455951070785522461e+01
1.046955561637878418e+01
2.138476443290710449e+01
2.636240243911743164e+01
2.287450623512268066e+01
1.293307995796203613e+01
2.485199022293090820e+01
1.741885542869567871e+01
2.013149714469909668e+01
2.501262664794921875e+01
2.112910676002502441e+01
2.042433357238769531e+01
1.301012253761291504e+01
2.440579390525817871e+01
1.550353670120239258e+01
1.012132477760314941e+01
7.935490846633911133e+00
2.708720755577087402e+01
2.893124365806579590e+01
2.808147644996643066e+01
1.743365788459777832e+01
2.296366691589355469e+01
1.696532464027404785e+01
2.492407298088073730e+01
3.755323576927185059e+01
2.833639526367187500e+01
1.378897285461425781e+01
1.668909192085266113e+01
2.284502291679382324e+01
1.709168362617492676e+01
1.696649479866027832e+01
1.805933809280395508e+01
2.652735781669616699e+01
1.864644408226013184e+01
2.354024863243103027e+01
1.614204788208007812e+01
1.232338762283325195e+01
2.735094022750854492e+01
1.660461378097534180e+01
1.507858109474182129e+01
1.399889683723449707e+01
1.458042860031127930e+01
1.830380582809448242e+01
1.986242389678955078e+01
1.946177983283996582e+01
1.199961066246032715e+01
1.989119291305541992e+01
1.286384916305541992e+01
1.277063560485839844e+01
1.018809986114501953e+01
1.915686011314392090e+01
1.670514965057373047e+01
4.759847998619079590e+01
2.263750410079956055e+01
2.585142636299133301e+01
1.264383792877197266e+01
1.449508500099182129e+01
3.197035217285156250e+01
2.687494492530822754e+01
1.673831868171691895e+01
3.150412154197692871e+01
1.637329888343811035e+01
1.574093461036682129e+01
1.099702453613281250e+01
2.554258155822753906e+01
3.588158035278320312e+01
1.738470292091369629e+01
2.800924277305603027e+01
1.728622579574584961e+01
1.620817255973815918e+01
2.801827621459960938e+01
1.057083463668823242e+01
1.081008839607238770e+01
2.884928750991821289e+01
1.756912040710449219e+01
1.557053303718566895e+01
1.670511031150817871e+01
3.407379412651062012e+01
2.371578574180603027e+01
3.437271714210510254e+01
1.282680296897888184e+01
1.535051774978637695e+01
1.401027679443359375e+01
2.772440409660339355e+01
2.019089460372924805e+01
1.736657524108886719e+01
2.093500399589538574e+01
7.487658739089965820e+00
2.604865765571594238e+01
1.738040995597839355e+01
1.645880007743835449e+01
3.132546877861022949e+01
1.292975449562072754e+01
3.406557273864746094e+01
1.847714900970458984e+01
1.724489426612854004e+01
1.894456672668457031e+01
6.348067378997802734e+01
1.984699535369873047e+01
1.964266180992126465e+01
1.790630793571472168e+01
2.450602316856384277e+01
2.431577754020690918e+01
2.544726538658142090e+01
9.782354116439819336e+00
1.627839517593383789e+01
1.502451300621032715e+01
1.316441154479980469e+01
2.567339062690734863e+01
3.688912463188171387e+01
2.053285503387451172e+01
2.977915668487548828e+01
1.568853235244750977e+01
2.802828836441040039e+01
1.466462445259094238e+01
2.007696938514709473e+01
1.745360255241394043e+01
1.340722107887268066e+01
3.749832487106323242e+01
1.260929369926452637e+01
2.584830212593078613e+01
3.368698382377624512e+01
3.389409208297729492e+01
1.609591960906982422e+01
1.630828499794006348e+01
1.609702539443969727e+01
2.793444895744323730e+01
1.845843577384948730e+01
1.636230587959289551e+01
2.746262121200561523e+01
1.843304800987243652e+01
9.402683258056640625e+00
1.530387806892395020e+01
2.882990097999572754e+01
2.177198100090026855e+01
1.620670890808105469e+01
2.959011054039001465e+01
1.521248769760131836e+01
3.839556503295898438e+01
2.857260036468505859e+01
2.945004510879516602e+01
3.234510493278503418e+01
2.586524605751037598e+01
1.383482456207275391e+01
2.688603973388671875e+01
1.578641080856323242e+01
1.516013693809509277e+01
1.802921366691589355e+01
2.304869127273559570e+01
2.379427337646484375e+01
1.850098347663879395e+01
2.549486756324768066e+01
2.761151027679443359e+01
1.506197881698608398e+01
1.381230354309082031e+01
1.924575829505920410e+01
1.908131265640258789e+01
1.755995774269104004e+01
2.764803838729858398e+01
2.152310013771057129e+01
1.512435460090637207e+01
2.468407702445983887e+01
2.071478462219238281e+01
8.375313043594360352e+00
1.788287448883056641e+01
2.550082468986511230e+01
1.566855263710021973e+01
1.636097335815429688e+01
2.356835341453552246e+01
1.850158238410949707e+01
2.509991240501403809e+01
1.309474539756774902e+01
1.620669531822204590e+01
2.277195811271667480e+01
2.116899538040161133e+01
1.639124560356140137e+01
2.543763852119445801e+01
7.903468847274780273e+00
1.426161813735961914e+01
1.000570702552795410e+01
2.007889366149902344e+01
1.954792332649230957e+01
1.694030618667602539e+01
1.553144288063049316e+01
1.078182125091552734e+01
9.837242841720581055e+00
2.507048368453979492e+01
1.719645476341247559e+01
1.836508297920227051e+01
1.596353578567504883e+01
1.817600607872009277e+01
2.818269920349121094e+01
1.796607279777526855e+01
1.580338263511657715e+01
1.791551685333251953e+01
1.587979578971862793e+01
2.572141051292419434e+01
1.789088821411132812e+01
1.498044395446777344e+01
1.286727738380432129e+01
1.146002364158630371e+01
1.319026064872741699e+01
1.179890036582946777e+01
1.707836818695068359e+01
2.100020384788513184e+01
1.728701877593994141e+01
2.025661110877990723e+01
2.023719525337219238e+01
2.528724336624145508e+01
2.064386630058288574e+01
2.081286454200744629e+01
2.847660207748413086e+01
5.176084041595458984e+00
2.725208282470703125e+01
1.266194820404052734e+01
2.295569753646850586e+01
1.199349641799926758e+01
1.914286828041076660e+01
2.399825406074523926e+01
9.848441600799560547e+00
1.812704801559448242e+01
2.353743386268615723e+01
1.366649627685546875e+01
1.805094456672668457e+01
1.725028467178344727e+01
1.502221941947937012e+01
4.045872068405151367e+01
2.581731557846069336e+01
1.039704227447509766e+01
1.533786654472351074e+01
2.139794635772705078e+01
2.887056660652160645e+01
2.758895182609558105e+01
2.545750617980957031e+01
1.352820944786071777e+01
1.677868080139160156e+01
1.277404856681823730e+01
1.011384844779968262e+01
1.052598524093627930e+01
1.578981113433837891e+01
1.400344467163085938e+01
2.194509267807006836e+01
1.494211649894714355e+01
1.060631442070007324e+01
2.304574632644653320e+01
1.523624086380004883e+01
1.974561953544616699e+01
4.623069405555725098e+01
2.241426157951354980e+01
2.153274965286254883e+01
1.194670867919921875e+01
9.980264186859130859e+00
1.823318409919738770e+01
1.582868957519531250e+01
1.632293725013732910e+01
8.109163045883178711e+00
1.898109412193298340e+01
9.427137374877929688e+00
1.926711177825927734e+01
1.245049405097961426e+01
1.572275900840759277e+01
8.896485090255737305e+00
1.868424344062805176e+01
2.717827630043029785e+01
2.315569090843200684e+01
1.656970977783203125e+01
3.410431885719299316e+01
2.548525309562683105e+01
1.813623356819152832e+01
1.498317551612854004e+01
2.293658638000488281e+01
2.422526192665100098e+01
1.304472351074218750e+01
1.633938169479370117e+01
1.791183876991271973e+01
1.947411203384399414e+01
2.681958413124084473e+01
1.664513468742370605e+01
2.269987654685974121e+01
1.190604519844055176e+01
2.310165143013000488e+01
2.479914808273315430e+01
1.305905914306640625e+01
2.031693720817565918e+01
8.328399181365966797e+00
2.228391242027282715e+01
1.620374965667724609e+01
2.034104394912719727e+01
2.080239439010620117e+01
3.333651494979858398e+01
2.463970518112182617e+01
1.681648325920104980e+01
1.086534714698791504e+01
1.377630376815795898e+01
3.650219774246215820e+01
1.930047297477722168e+01
1.641735863685607910e+01
1.478446316719055176e+01
2.205178570747375488e+01
2.193286609649658203e+01
1.709806203842163086e+01
2.349868130683898926e+01
3.104395604133605957e+01
1.616815257072448730e+01
2.739625954627990723e+01
1.954044413566589355e+01
1.238045167922973633e+01
3.218171310424804688e+01
2.509797906875610352e+01
2.518294382095336914e+01
2.130389237403869629e+01
3.928181290626525879e+01
1.904748177528381348e+01
3.150206327438354492e+01
2.630178546905517578e+01
1.931064581871032715e+01
1.626373553276062012e+01
1.481901669502258301e+01
2.310343432426452637e+01
2.197119808197021484e+01
2.497309851646423340e+01
2.505526447296142578e+01
2.487920570373535156e+01
2.335144209861755371e+01
1.424218010902404785e+01
1.048253774642944336e+01
1.710678935050964355e+01
1.739073729515075684e+01
2.963965559005737305e+01
1.800739407539367676e+01
1.215861606597900391e+01
1.139115166664123535e+01
2.460589861869812012e+01
2.484893131256103516e+01
1.292563271522521973e+01
2.671402192115783691e+01
1.860110974311828613e+01
1.615001225471496582e+01
1.250664305686950684e+01
3.076585316658020020e+01
1.952839827537536621e+01
3.077327299118041992e+01
2.105169773101806641e+01
2.116366219520568848e+01
2.121392226219177246e+01
2.273056411743164062e+01
2.613928246498107910e+01
1.804231810569763184e+01
2.522793388366699219e+01
2.220652770996093750e+01
2.320511078834533691e+01
2.954856276512145996e+01
2.043068051338195801e+01
1.732278990745544434e+01
1.968655514717102051e+01
1.452585983276367188e+01
1.766446924209594727e+01
1.561172509193420410e+01
3.397201514244079590e+01
1.647579240798950195e+01
2.153043174743652344e+01
2.168826913833618164e+01
3.141078853607177734e+01
2.066699147224426270e+01
2.224241614341735840e+01
2.135301971435546875e+01
2.252367353439331055e+01
3.002505111694335938e+01
2.879450440406799316e+01
1.547118616104125977e+01
1.948519754409790039e+01
2.568875718116760254e+01
1.461531448364257812e+01
1.534085154533386230e+01
3.227856302261352539e+01
3.068383002281188965e+01
1.618155169486999512e+01
9.579386472702026367e+00
2.087607908248901367e+01
2.500688505172729492e+01
2.325630545616149902e+01
2.563907933235168457e+01
9.421557664871215820e+00
2.272946929931640625e+01
2.699615097045898438e+01
1.202599644660949707e+01
2.693721818923950195e+01
1.849773287773132324e+01
1.102985405921936035e+01
1.713496947288513184e+01
1.933604550361633301e+01
2.567700910568237305e+01
3.270899653434753418e+01
1.757446551322937012e+01
1.603603005409240723e+01
2.502934622764587402e+01
2.051873087882995605e+01
2.707118582725524902e+01
2.290074491500854492e+01
2.839227890968322754e+01
2.635524058341979980e+01
1.102173161506652832e+01
1.819953441619873047e+01
2.363812470436096191e+01
3.669950246810913086e+01
2.714944505691528320e+01
3.221494317054748535e+01
2.821834635734558105e+01
2.694932723045349121e+01
1.142516326904296875e+01
2.784778618812561035e+01
2.817569231986999512e+01
1.111761713027954102e+01
1.739564418792724609e+01
2.082521700859069824e+01
1.482812428474426270e+01
3.371577668190002441e+01
2.131044220924377441e+01
2.607085227966308594e+01
2.483955025672912598e+01
3.357362055778503418e+01
2.393763184547424316e+01
1.974179029464721680e+01
2.535979437828063965e+01
1.572043442726135254e+01
2.910610151290893555e+01
1.768111968040466309e+01
2.071825170516967773e+01
2.833071208000183105e+01
9.842846393585205078e+00
2.820742130279541016e+01
1.711789417266845703e+01
3.078180742263793945e+01
2.594368553161621094e+01
2.846767330169677734e+01
1.688398265838623047e+01
1.716358351707458496e+01
2.267027425765991211e+01
1.516244721412658691e+01
9.160149812698364258e+00
3.651785778999328613e+01
1.801200985908508301e+01
2.180567240715026855e+01
3.169261431694030762e+01
2.309275174140930176e+01
2.767877268791198730e+01
1.979601526260375977e+01
2.138534212112426758e+01
1.682703328132629395e+01
2.609906792640686035e+01
1.530579090118408203e+01
1.855118894577026367e+01
2.515277647972106934e+01
1.681416869163513184e+01
1.416820836067199707e+01
4.000423812866210938e+01
2.739676523208618164e+01
2.720591235160827637e+01
1.758236718177795410e+01
2.925345182418823242e+01
1.689963483810424805e+01
2.891571784019470215e+01
2.601519513130187988e+01
1.957923841476440430e+01
1.917078399658203125e+01
2.271294355392456055e+01
3.096783590316772461e+01
1.904162788391113281e+01
2.613991141319274902e+01
3.063207435607910156e+01
2.534639930725097656e+01
2.431756067276000977e+01
2.823975181579589844e+01
2.427686738967895508e+01
4.145013570785522461e+01
1.500976657867431641e+01
2.458175015449523926e+01
3.925157260894775391e+01
2.035937881469726562e+01
2.411287713050842285e+01
3.479922819137573242e+01
2.073012471199035645e+01
2.106098580360412598e+01
4.088698291778564453e+01
1.017669415473937988e+01
2.047381448745727539e+01
2.589507174491882324e+01
2.060821533203125000e+01
2.201247215270996094e+01
2.172825169563293457e+01
1.927611112594604492e+01
2.088472533226013184e+01
1.494389414787292480e+01
2.523760581016540527e+01
2.786688995361328125e+01
3.063217520713806152e+01
1.118300700187683105e+01
2.020617699623107910e+01
2.632444953918457031e+01
3.104967331886291504e+01
1.773569202423095703e+01
1.536158680915832520e+01
1.558048653602600098e+01
1.828019165992736816e+01
2.927286553382873535e+01
7.940205574035644531e+00
2.661875844001770020e+01
2.265854024887084961e+01
3.539491248130798340e+01
1.440567159652709961e+01
1.890862154960632324e+01
1.984021043777465820e+01
9.099591493606567383e+00
1.608907866477966309e+01
2.986154770851135254e+01
2.859822797775268555e+01
1.500491046905517578e+01
1.794316530227661133e+01
2.297049546241760254e+01
1.144593381881713867e+01
2.519452166557312012e+01
3.004907131195068359e+01
2.892849254608154297e+01
1.537462329864501953e+01
1.231626892089843750e+01
3.021888899803161621e+01
1.162094640731811523e+01
2.281208777427673340e+01
2.898580622673034668e+01
1.411793041229248047e+01
2.251613998413085938e+01
3.254683637619018555e+01
2.670928597450256348e+01
1.967342591285705566e+01
1.520188403129577637e+01
3.497547435760498047e+01
1.821204233169555664e+01
1.702858138084411621e+01
1.819559884071350098e+01
1.080951929092407227e+01
1.940395236015319824e+01
2.080920839309692383e+01
2.462320899963378906e+01
2.313991045951843262e+01
1.842581748962402344e+01
2.568814134597778320e+01
2.264365649223327637e+01
1.381871461868286133e+01
1.150178885459899902e+01
2.519083166122436523e+01
2.136084723472595215e+01
1.223905897140502930e+01
2.460227179527282715e+01
2.087312936782836914e+01
1.631979990005493164e+01
1.171504735946655273e+01
1.341975879669189453e+01
2.359461212158203125e+01
1.907142901420593262e+01
2.869516563415527344e+01
1.301587486267089844e+01
1.475197863578796387e+01
1.942695689201354980e+01
1.457084202766418457e+01
2.242267155647277832e+01
2.077867341041564941e+01
1.487534976005554199e+01
3.376407527923583984e+01
2.157075715065002441e+01
1.498548650741577148e+01
2.221549463272094727e+01
3.162849926948547363e+01
1.738111662864685059e+01
2.078020691871643066e+01
3.371871304512023926e+01
2.706097722053527832e+01
1.908913302421569824e+01
1.294164967536926270e+01
1.659049153327941895e+01
2.350631237030029297e+01
3.099642801284790039e+01
1.606239748001098633e+01
2.633965063095092773e+01
1.074083423614501953e+01
2.854236817359924316e+01
3.650392246246337891e+01
1.046998715400695801e+01
1.625704717636108398e+01
1.515744829177856445e+01
1.177982306480407715e+01
1.645710015296936035e+01
2.466981291770935059e+01
2.008870339393615723e+01
2.388606047630310059e+01
3.040892219543457031e+01
1.094862318038940430e+01
1.236104297637939453e+01
2.189466357231140137e+01
1.672728705406188965e+01
1.875328063964843750e+01
1.599316334724426270e+01
2.311202621459960938e+01
2.140568447113037109e+01
1.429450583457946777e+01
1.595410060882568359e+01
1.091820311546325684e+01
1.944911074638366699e+01
8.259836673736572266e+00
1.256831860542297363e+01
1.520783138275146484e+01
2.727912545204162598e+01
1.710533666610717773e+01
1.647744798660278320e+01
1.529245233535766602e+01
1.364997696876525879e+01
1.220667934417724609e+01
2.910607933998107910e+01
1.421022939682006836e+01
2.513386058807373047e+01
2.096328401565551758e+01
1.340792751312255859e+01
1.605562925338745117e+01
1.819218301773071289e+01
1.775731253623962402e+01
2.237940406799316406e+01
1.666534876823425293e+01
1.737388491630554199e+01
2.034135675430297852e+01
2.066541314125061035e+01
3.208859109878540039e+01
1.914676022529602051e+01
2.601679873466491699e+01
1.711341834068298340e+01
2.450644612312316895e+01
1.472722744941711426e+01
1.259244084358215332e+01
1.154702448844909668e+01
3.125094270706176758e+01
1.868988418579101562e+01
2.129149174690246582e+01
2.130128479003906250e+01
2.737927961349487305e+01
2.172290706634521484e+01
2.240641570091247559e+01
2.172731471061706543e+01
2.115439200401306152e+01
4.162323880195617676e+01
2.050509190559387207e+01
3.855818247795104980e+01
1.806154465675354004e+01
2.933981895446777344e+01
1.059200882911682129e+01
2.004642939567565918e+01
1.656542897224426270e+01
2.005439400672912598e+01
2.948791313171386719e+01
1.331861662864685059e+01
2.096976971626281738e+01
1.872406554222106934e+01
1.777999687194824219e+01
1.260861229896545410e+01
1.310736894607543945e+01
2.432562923431396484e+01
2.110959124565124512e+01
1.818759346008300781e+01
2.502370429039001465e+01
1.471462011337280273e+01
3.590905904769897461e+01
1.184134554862976074e+01
1.831958580017089844e+01
1.552843618392944336e+01
2.372043585777282715e+01
3.804030203819274902e+01
3.771532845497131348e+01
2.452272367477416992e+01
1.583090019226074219e+01
1.951035284996032715e+01
1.266531968116760254e+01
2.348502659797668457e+01
1.163010191917419434e+01
3.672896623611450195e+01
2.887690281867980957e+01
1.276311182975769043e+01
1.435314774513244629e+01
2.130307149887084961e+01
1.912843680381774902e+01
1.631862139701843262e+01
2.685695743560791016e+01
1.901997327804565430e+01
1.785631155967712402e+01
1.613036346435546875e+01
3.099211835861206055e+01
2.026889514923095703e+01
1.907513260841369629e+01
2.963383150100708008e+01
1.969490551948547363e+01
1.752769446372985840e+01
3.109572815895080566e+01
2.611031508445739746e+01
2.547963809967041016e+01
3.039812755584716797e+01
1.785751819610595703e+01
2.152601957321166992e+01
1.356883692741394043e+01
3.400287008285522461e+01
2.134676718711853027e+01
1.773097348213195801e+01
2.071179986000061035e+01
1.764499330520629883e+01
1.681941342353820801e+01
2.125336694717407227e+01
1.678913497924804688e+01
1.813946247100830078e+01
1.534611988067626953e+01
1.785019087791442871e+01
1.882402324676513672e+01
1.810990381240844727e+01
1.959589171409606934e+01
2.865856385231018066e+01
2.332482409477233887e+01
1.544766902923583984e+01
1.967990374565124512e+01
2.959121155738830566e+01
2.846636819839477539e+01
2.027334666252136230e+01
1.937911367416381836e+01
2.467139244079589844e+01
1.543237495422363281e+01
3.725154376029968262e+01
1.593417525291442871e+01
2.216394114494323730e+01
4.079753351211547852e+01
1.644728136062622070e+01
1.617487502098083496e+01
1.609297537803649902e+01
2.526063156127929688e+01
2.011149859428405762e+01
2.321277141571044922e+01
2.610589718818664551e+01
2.958527588844299316e+01
3.735304856300354004e+01
2.099151825904846191e+01
3.204116392135620117e+01
3.160471677780151367e+01
2.966997981071472168e+01
2.533257818222045898e+01
2.261610865592956543e+01
2.645495462417602539e+01
1.817601013183593750e+01
1.997655987739562988e+01
2.399301290512084961e+01
1.834287714958190918e+01
3.853464198112487793e+01
1.792563366889953613e+01
2.392119860649108887e+01
1.261839628219604492e+01
3.160430049896240234e+01
2.268558073043823242e+01
2.182310557365417480e+01
1.738064789772033691e+01
2.846137452125549316e+01
3.149056267738342285e+01
3.052119731903076172e+01
2.095512557029724121e+01
2.237114357948303223e+01
2.792752742767333984e+01
1.563368558883666992e+01
3.318148565292358398e+01
1.920036673545837402e+01
2.191106152534484863e+01
1.892838168144226074e+01
2.775980019569396973e+01
2.304275536537170410e+01
2.406950330734252930e+01
2.322338032722473145e+01
2.342845535278320312e+01
1.627163195610046387e+01
2.139328074455261230e+01
1.906604623794555664e+01
2.260373234748840332e+01
3.718949031829833984e+01
2.662983655929565430e+01
2.511837196350097656e+01
2.945197987556457520e+01
2.878365206718444824e+01
2.110831427574157715e+01
1.608172392845153809e+01
3.336019349098205566e+01
2.322231268882751465e+01
2.316083621978759766e+01
1.557851624488830566e+01
1.806481838226318359e+01
1.818635082244873047e+01
3.532984042167663574e+01
2.497508955001831055e+01
2.679092788696289062e+01
2.525225353240966797e+01
2.299826765060424805e+01
2.442964315414428711e+01
1.704264831542968750e+01
2.592516422271728516e+01
2.110764479637145996e+01
3.108707737922668457e+01
2.937669181823730469e+01
1.868771386146545410e+01
2.478684282302856445e+01
2.673990535736083984e+01
1.894899058341979980e+01
3.012029051780700684e+01
3.395021009445190430e+01
4.197582817077636719e+01
2.708510565757751465e+01
2.172728013992309570e+01
1.919141292572021484e+01
1.932209920883178711e+01
2.302504110336303711e+01
2.672072505950927734e+01
2.309878730773925781e+01
2.833757781982421875e+01
2.692967844009399414e+01
2.675763654708862305e+01
2.041896867752075195e+01
1.797843790054321289e+01
1.935677909851074219e+01
3.615985846519470215e+01
1.974458956718444824e+01
2.561228799819946289e+01
1.979967308044433594e+01
2.753760123252868652e+01
2.052755355834960938e+01
2.284917855262756348e+01
2.355719017982482910e+01
1.603332948684692383e+01
1.291318154335021973e+01
2.128734683990478516e+01
2.538438677787780762e+01
3.454945135116577148e+01
1.805111503601074219e+01
1.642620992660522461e+01
1.393843817710876465e+01
2.112857031822204590e+01
1.317286539077758789e+01
1.918607974052429199e+01
2.711480569839477539e+01
2.263030505180358887e+01
2.923142409324645996e+01
3.077060461044311523e+01
2.627539610862731934e+01
2.286626267433166504e+01
3.198890066146850586e+01
3.056059861183166504e+01
3.079804420471191406e+01
2.288056826591491699e+01
2.357810807228088379e+01
2.273551726341247559e+01
1.600845003128051758e+01
2.410839128494262695e+01
2.199856758117675781e+01
2.805723285675048828e+01
2.353372573852539062e+01
2.277876806259155273e+01
1.918839097023010254e+01
2.209841465950012207e+01
2.218060970306396484e+01
1.885555648803710938e+01
2.822936677932739258e+01
2.431813168525695801e+01
1.664538359642028809e+01
2.828249311447143555e+01
2.477135396003723145e+01
1.698593759536743164e+01
2.746985673904418945e+01
2.398754954338073730e+01
3.178320598602294922e+01
3.092127442359924316e+01
1.766313099861145020e+01
3.778415727615356445e+01
2.473609900474548340e+01
3.177622175216674805e+01
1.668693947792053223e+01
2.525148844718933105e+01
3.450237774848937988e+01
1.882602381706237793e+01
2.599480009078979492e+01
1.459794235229492188e+01
3.319337511062622070e+01
1.945138549804687500e+01
2.569842815399169922e+01
2.435266971588134766e+01
1.262173628807067871e+01
1.297826933860778809e+01
1.503619742393493652e+01
1.624604606628417969e+01
1.938922381401062012e+01
2.671249818801879883e+01
2.673601913452148438e+01
1.778565263748168945e+01
1.042968440055847168e+01
2.302744841575622559e+01
2.497805786132812500e+01
2.067810726165771484e+01
1.936089348793029785e+01
3.073398208618164062e+01
2.624810481071472168e+01
9.130932569503784180e+00
2.285537528991699219e+01
2.820542478561401367e+01
2.793725419044494629e+01
2.802169585227966309e+01
1.516666746139526367e+01
1.468798398971557617e+01
3.124060249328613281e+01
1.534587550163269043e+01
2.286021780967712402e+01
2.691513586044311523e+01
1.178774046897888184e+01
2.052396798133850098e+01
9.992059230804443359e+00
1.345514106750488281e+01
3.153759765625000000e+01
2.994940876960754395e+01
2.091255474090576172e+01
1.282433176040649414e+01
1.390200161933898926e+01
1.911728143692016602e+01
2.940762758255004883e+01
9.030492067337036133e+00
2.221364092826843262e+01
1.858514475822448730e+01
1.387122678756713867e+01
1.748243451118469238e+01
3.337827968597412109e+01
2.841125655174255371e+01
2.550736498832702637e+01
2.162615895271301270e+01
2.176733517646789551e+01
1.389860320091247559e+01
2.083027100563049316e+01
4.712164449691772461e+01
3.051769614219665527e+01
2.624933004379272461e+01
2.491603684425354004e+01
2.026555681228637695e+01
2.846291708946228027e+01
1.183756065368652344e+01
2.843120908737182617e+01
1.460329937934875488e+01
1.603285169601440430e+01
1.841072487831115723e+01
2.979724788665771484e+01
1.637327265739440918e+01
1.468760156631469727e+01
3.797597074508666992e+01
3.003607583045959473e+01
2.344530296325683594e+01
2.226944375038146973e+01
1.619578194618225098e+01
2.340975165367126465e+01
8.798887729644775391e+00
2.493944644927978516e+01
2.307061696052551270e+01
1.887166738510131836e+01
2.572423887252807617e+01
2.382312989234924316e+01
2.249684095382690430e+01
1.084731698036193848e+01
2.563554739952087402e+01
1.964709568023681641e+01
1.109826636314392090e+01
1.025526547431945801e+01
1.333264708518981934e+01
1.362647128105163574e+01
2.602402305603027344e+01
2.021068310737609863e+01
1.407636642456054688e+01
1.185748291015625000e+01
2.672433233261108398e+01
3.699808239936828613e+01
2.106063866615295410e+01
1.436370944976806641e+01
1.538998651504516602e+01
3.116429591178894043e+01
1.206809449195861816e+01
2.041444063186645508e+01
1.305514597892761230e+01
2.362670469284057617e+01
1.257052946090698242e+01
1.753496408462524414e+01
2.465389752388000488e+01
3.396864390373229980e+01
2.581928110122680664e+01
1.808966350555419922e+01
1.007841157913208008e+01
2.101475667953491211e+01
1.449305605888366699e+01
9.572727203369140625e+00
1.103342652320861816e+01
1.436823773384094238e+01
3.996065092086791992e+01
1.590195894241333008e+01
2.509237360954284668e+01
2.982991552352905273e+01
3.551077580451965332e+01
9.258326053619384766e+00
1.431255602836608887e+01
1.537675046920776367e+01
2.705304956436157227e+01
2.080107522010803223e+01
3.441463303565979004e+01
1.796468710899353027e+01
2.874664545059204102e+01
2.191959547996520996e+01
3.136382722854614258e+01
1.447001886367797852e+01
2.179173398017883301e+01
2.191692519187927246e+01
8.730060577392578125e+00
9.044391870498657227e+00
1.784662914276123047e+01
1.689926028251647949e+01
2.629411101341247559e+01
1.422144913673400879e+01
2.150661683082580566e+01
1.952382445335388184e+01
2.404484105110168457e+01
3.190318226814270020e+01
2.016173481941223145e+01
2.651358366012573242e+01
2.205545258522033691e+01
1.051917147636413574e+01
1.286641311645507812e+01
1.242129087448120117e+01
2.331429243087768555e+01
2.586853742599487305e+01
1.946885800361633301e+01
2.085432815551757812e+01
1.817864584922790527e+01
2.384038233757019043e+01
1.370549154281616211e+01
2.655206036567687988e+01
1.420058679580688477e+01
2.465327525138854980e+01
2.554676628112792969e+01
2.891825246810913086e+01
1.577983832359313965e+01
1.066960716247558594e+01
1.134126377105712891e+01
2.039713191986083984e+01
2.195005726814270020e+01
2.455061602592468262e+01
1.581086587905883789e+01
2.855651378631591797e+01
1.587613344192504883e+01
2.522294354438781738e+01
2.671043252944946289e+01
3.382265353202819824e+01
2.495621156692504883e+01
1.052579808235168457e+01
1.256944942474365234e+01
2.130703020095825195e+01
1.452514123916625977e+01
1.786031007766723633e+01
1.785044646263122559e+01
2.042628240585327148e+01
2.632471036911010742e+01
1.344658493995666504e+01
1.426566433906555176e+01
3.302928161621093750e+01
1.887938165664672852e+01
2.321000003814697266e+01
3.652369260787963867e+01
2.329436111450195312e+01
2.771457362174987793e+01
1.167836499214172363e+01
1.596140432357788086e+01
1.452385878562927246e+01
3.421817374229431152e+01
1.804598951339721680e+01
3.502308034896850586e+01
3.960615468025207520e+01
1.039201641082763672e+01
2.376817512512207031e+01
1.434042406082153320e+01
3.237097954750061035e+01
1.735694193840026855e+01
9.923454523086547852e+00
1.670215821266174316e+01
3.858461284637451172e+01
1.502369427680969238e+01
2.558140683174133301e+01
1.669625520706176758e+01
2.551325106620788574e+01
3.821493411064147949e+01
1.358314108848571777e+01
9.467575550079345703e+00
2.351302528381347656e+01
2.590578961372375488e+01
3.321987748146057129e+01
2.405940318107604980e+01
2.128775715827941895e+01
2.773161292076110840e+01
2.789793801307678223e+01
9.205102443695068359e+00
1.993470096588134766e+01
2.340639829635620117e+01
1.678345012664794922e+01
1.316246294975280762e+01
2.365192031860351562e+01
1.843411636352539062e+01
2.178924393653869629e+01
2.358330869674682617e+01
1.907067823410034180e+01
3.749578762054443359e+01
1.674951720237731934e+01
1.585330963134765625e+01
2.142875170707702637e+01
1.267384266853332520e+01
2.389414024353027344e+01
1.895080900192260742e+01
1.606341099739074707e+01
4.619933152198791504e+01
1.850428724288940430e+01
1.404911279678344727e+01
1.242656826972961426e+01
3.184579396247863770e+01
1.717356204986572266e+01
3.103296995162963867e+01
2.604517412185668945e+01
2.391485691070556641e+01
2.402870082855224609e+01
2.384109044075012207e+01
2.207518887519836426e+01
2.731854891777038574e+01
1.722648143768310547e+01
2.456698799133300781e+01
2.066978263854980469e+01
2.103056550025939941e+01
1.727206110954284668e+01
2.633432149887084961e+01
1.865457296371459961e+01
2.332816696166992188e+01
1.776119065284729004e+01
3.220461630821228027e+01
4.126045155525207520e+01
2.110439920425415039e+01
1.594966864585876465e+01
1.952458024024963379e+01
1.504149818420410156e+01
1.602034831047058105e+01
3.542067480087280273e+01
1.944210934638977051e+01
2.178783011436462402e+01
2.737249183654785156e+01
2.324675226211547852e+01
2.198587870597839355e+01
2.343705034255981445e+01
2.297633337974548340e+01
2.359159541130065918e+01
1.436234784126281738e+01
1.362348699569702148e+01
1.802565002441406250e+01
1.628861927986145020e+01
1.525058364868164062e+01
1.360131645202636719e+01
2.456155276298522949e+01
2.142507863044738770e+01
1.849459767341613770e+01
1.219173383712768555e+01
1.437794399261474609e+01
3.164374518394470215e+01
2.225161767005920410e+01
2.928948450088500977e+01
2.279538035392761230e+01
1.734285306930541992e+01
3.454979276657104492e+01
4.018441152572631836e+01
2.172715020179748535e+01
2.516745090484619141e+01
2.264199733734130859e+01
2.858405327796936035e+01
1.470860052108764648e+01
2.149629068374633789e+01
2.429205536842346191e+01
1.457786655426025391e+01
2.547398495674133301e+01
1.849029135704040527e+01
4.228905391693115234e+01
3.054477620124816895e+01
1.660801172256469727e+01
1.273794150352478027e+01
1.465723371505737305e+01
3.323273396492004395e+01
1.976838064193725586e+01
1.836053156852722168e+01
2.029298591613769531e+01
1.752544260025024414e+01
2.541867017745971680e+01
1.671090126037597656e+01
1.466342926025390625e+01
2.667142486572265625e+01
1.582703065872192383e+01
2.470537757873535156e+01
2.138978147506713867e+01
2.478131842613220215e+01
2.412468433380126953e+01
2.870045113563537598e+01
1.362855100631713867e+01
2.566301178932189941e+01
3.473691129684448242e+01
3.364020967483520508e+01
8.567155838012695312e+00
1.730587029457092285e+01
6.789574861526489258e+00
2.232811951637268066e+01
1.391816830635070801e+01
1.231064581871032715e+01
1.714144706726074219e+01
1.670215654373168945e+01
2.472520923614501953e+01
1.367465710639953613e+01
1.852542161941528320e+01
1.633396840095520020e+01
2.633811688423156738e+01
2.763558983802795410e+01
2.558605957031250000e+01
1.221968364715576172e+01
1.834334468841552734e+01
2.516694617271423340e+01
3.206694340705871582e+01
1.551593899726867676e+01
2.788703227043151855e+01
3.640649962425231934e+01
1.015457820892333984e+01
1.242729711532592773e+01
2.989020323753356934e+01
4.008794188499450684e+01
1.345448493957519531e+01
2.420648264884948730e+01
1.982293558120727539e+01
3.821044731140136719e+01
1.599446344375610352e+01
1.875333571434020996e+01
2.368059825897216797e+01
2.903708171844482422e+01
1.620576810836791992e+01
2.351755738258361816e+01
6.639728307723999023e+00
1.720182394981384277e+01
1.777256393432617188e+01
1.983946204185485840e+01
2.988217926025390625e+01
1.952453470230102539e+01
2.810048818588256836e+01
1.198769664764404297e+01
1.988687729835510254e+01
1.558542203903198242e+01
1.663507485389709473e+01
2.866788768768310547e+01
1.666208577156066895e+01
1.543965101242065430e+01
2.902366256713867188e+01
2.767825174331665039e+01
1.283092808723449707e+01
1.262801194190979004e+01
1.873827242851257324e+01
3.404619884490966797e+01
1.831135129928588867e+01
1.949456739425659180e+01
2.895031070709228516e+01
2.883861708641052246e+01
2.440877270698547363e+01
1.494824051856994629e+01
1.548294019699096680e+01
2.872441816329956055e+01
2.128619360923767090e+01
1.536333870887756348e+01
5.178543543815612793e+01
3.294772195816040039e+01
2.371020793914794922e+01
1.558934426307678223e+01
1.219838738441467285e+01
1.787890005111694336e+01
1.798142981529235840e+01
6.251837491989135742e+00
1.654302549362182617e+01
4.856954765319824219e+01
1.602814006805419922e+01
2.250567960739135742e+01
3.078764963150024414e+01
9.989147186279296875e+00
2.740011930465698242e+01
1.894727182388305664e+01
1.600913166999816895e+01
1.005820250511169434e+01
1.905309820175170898e+01
1.502740716934204102e+01
2.241309165954589844e+01
3.431777477264404297e+01
1.871413278579711914e+01
3.747151517868041992e+01
1.980680990219116211e+01
1.387568831443786621e+01
1.036649394035339355e+01
2.004043340682983398e+01
1.842422771453857422e+01
1.184873914718627930e+01
2.347173428535461426e+01
1.442591404914855957e+01
8.046845436096191406e+00
1.866333198547363281e+01
1.837758040428161621e+01
1.512685894966125488e+01
9.803391456604003906e+00
1.223951411247253418e+01
2.339324259757995605e+01
2.307164359092712402e+01
2.052039265632629395e+01
1.839651608467102051e+01
6.398390054702758789e+00
1.234556961059570312e+01
8.025602340698242188e+00
6.655223369598388672e+00
1.575939655303955078e+01
6.853806018829345703e+00
2.468472337722778320e+01
1.157855486869812012e+01
1.334569525718688965e+01
1.186577844619750977e+01
1.537117552757263184e+01
1.159630346298217773e+01
9.165999412536621094e+00
2.092602252960205078e+01
1.982905268669128418e+01
2.472699642181396484e+01
2.133897376060485840e+01
9.688955783843994141e+00
2.109732675552368164e+01
6.694041252136230469e+00
1.624497938156127930e+01
1.087739562988281250e+01
8.827889680862426758e+00
9.306813240051269531e+00
1.789736700057983398e+01
2.366176605224609375e+01
1.790134334564208984e+01
1.803102612495422363e+01
8.079244613647460938e+00
2.334857988357543945e+01
1.910348963737487793e+01
1.438017940521240234e+01
1.429050564765930176e+01
9.869555950164794922e+00
2.670738458633422852e+01
3.477459740638732910e+01
1.094116330146789551e+01
7.316716194152832031e+00
1.125325775146484375e+01
1.023779773712158203e+01
1.969213938713073730e+01
3.039200782775878906e+01
1.439311671257019043e+01
1.162568426132202148e+01
1.842086267471313477e+01
1.082451415061950684e+01
2.451187729835510254e+01
1.211306500434875488e+01
9.225469112396240234e+00
7.809519052505493164e+00
7.348609924316406250e+00
6.325215578079223633e+00
2.578456807136535645e+01
1.246886157989501953e+01
1.533465623855590820e+01
1.336598539352416992e+01
1.136312198638916016e+01
3.980080986022949219e+01
1.296854114532470703e+01
9.994286537170410156e+00
2.234133887290954590e+01
1.517893552780151367e+01
1.642717504501342773e+01
1.715215706825256348e+01
2.338703727722167969e+01
1.661651515960693359e+01
9.964538097381591797e+00
1.833344888687133789e+01
1.378567409515380859e+01
1.843680286407470703e+01
2.517733573913574219e+01
1.078096127510070801e+01
2.414933156967163086e+01
2.170386695861816406e+01
1.123079800605773926e+01
1.685280227661132812e+01
1.290253210067749023e+01
2.248712038993835449e+01
2.278717398643493652e+01
1.971966195106506348e+01
2.792215752601623535e+01
1.472603487968444824e+01
1.351025009155273438e+01
1.531747722625732422e+01
1.051773977279663086e+01
1.365391063690185547e+01
1.896524906158447266e+01
1.549529361724853516e+01
1.188289785385131836e+01
1.564947271347045898e+01
1.713778042793273926e+01
1.661680722236633301e+01
1.362960243225097656e+01
1.912666082382202148e+01
1.734321880340576172e+01
1.136149501800537109e+01
9.415207386016845703e+00
2.569447731971740723e+01
2.702121496200561523e+01
1.539526152610778809e+01
2.187414550781250000e+01
1.587281394004821777e+01
1.455118536949157715e+01
2.039081716537475586e+01
1.441688537597656250e+01
1.628767943382263184e+01
1.229950428009033203e+01
9.788844823837280273e+00
1.383607006072998047e+01
1.875200533866882324e+01
1.536230659484863281e+01
2.022618055343627930e+01
1.834740996360778809e+01
2.009118247032165527e+01
1.675084376335144043e+01
3.198818063735961914e+01
1.531634736061096191e+01
1.470141029357910156e+01
1.411859536170959473e+01
2.231353378295898438e+01
1.145870804786682129e+01
2.187117505073547363e+01
1.525963664054870605e+01
1.794347834587097168e+01
1.895972800254821777e+01
1.668881797790527344e+01
1.990317392349243164e+01
2.055721783638000488e+01
2.137872767448425293e+01
2.014040279388427734e+01
3.430750107765197754e+01
2.252961587905883789e+01
1.824024534225463867e+01
2.836431670188903809e+01
1.862601757049560547e+01
2.334371423721313477e+01
1.870259356498718262e+01
1.264821553230285645e+01
1.327114963531494141e+01
1.491457605361938477e+01
3.429575181007385254e+01
2.288062405586242676e+01
8.049492597579956055e+00
1.668457078933715820e+01
1.958236026763916016e+01
1.350910663604736328e+01
1.828199648857116699e+01
2.155884122848510742e+01
3.792804098129272461e+01
1.487417674064636230e+01
3.275540471076965332e+01
1.425218582153320312e+01
2.038627457618713379e+01
2.368666148185729980e+01
1.063770246505737305e+01
1.550566077232360840e+01
1.717925190925598145e+01
1.295078301429748535e+01
1.456589388847351074e+01
2.104745173454284668e+01
1.475912642478942871e+01
3.638270807266235352e+01
2.210109949111938477e+01
1.343720722198486328e+01
2.070652675628662109e+01
1.592988848686218262e+01
1.508931374549865723e+01
1.076555275917053223e+01
1.284947419166564941e+01
1.634509754180908203e+01
1.914617300033569336e+01
1.489710855484008789e+01
2.263355541229248047e+01
1.884135460853576660e+01
2.514495468139648438e+01
2.260617685317993164e+01
2.866122102737426758e+01
1.971895813941955566e+01
2.290678572654724121e+01
1.803726124763488770e+01
9.225168228149414062e+00
1.643419146537780762e+01
2.885485506057739258e+01
1.267294359207153320e+01
1.761909151077270508e+01
2.318643283843994141e+01
1.681634187698364258e+01
2.161594986915588379e+01
2.122452616691589355e+01
1.259169459342956543e+01
1.327553653717041016e+01
1.550002241134643555e+01
1.866275143623352051e+01
4.302320480346679688e+00
1.846382784843444824e+01
3.013089442253112793e+01
1.649713110923767090e+01
2.456421470642089844e+01
1.816807579994201660e+01
2.766495704650878906e+01
9.872997283935546875e+00
1.492908143997192383e+01
2.085670089721679688e+01
3.043601775169372559e+01
2.474300527572631836e+01
2.275042486190795898e+01
1.422577857971191406e+01
1.777484154701232910e+01
2.045249223709106445e+01
2.469842982292175293e+01
2.492882156372070312e+01
2.519169521331787109e+01
1.914517807960510254e+01
1.517330145835876465e+01
2.044726276397705078e+01
1.397049379348754883e+01
1.534408736228942871e+01
2.103407859802246094e+01
2.250090503692626953e+01
1.257644438743591309e+01
1.937414264678955078e+01
2.254799818992614746e+01
2.171522283554077148e+01
3.492125201225280762e+01
2.248678207397460938e+01
1.407257199287414551e+01
2.615347194671630859e+01
2.497320175170898438e+01
1.479825782775878906e+01
2.533309221267700195e+01
2.157143616676330566e+01
1.788290882110595703e+01
1.817444086074829102e+01
3.376304650306701660e+01
1.739509892463684082e+01
2.652927231788635254e+01
2.693661570549011230e+01
2.200060653686523438e+01
2.180594372749328613e+01
2.183644556999206543e+01
2.421075654029846191e+01
2.359768247604370117e+01
1.731847786903381348e+01
3.022251582145690918e+01
1.484499168395996094e+01
1.817508888244628906e+01
9.257587909698486328e+00
1.663957357406616211e+01
1.293616795539855957e+01
2.683372378349304199e+01
1.915652823448181152e+01
7.493863105773925781e+00
1.822299051284790039e+01
2.515901064872741699e+01
2.055448079109191895e+01
2.059223079681396484e+01
1.081597542762756348e+01
1.313048839569091797e+01
2.947265219688415527e+01
7.813364744186401367e+00
1.856753349304199219e+01
1.031416869163513184e+01
2.641194248199462891e+01
2.377039623260498047e+01
2.267173361778259277e+01
1.444111347198486328e+01
2.617464256286621094e+01
2.082079362869262695e+01
2.107838201522827148e+01
2.168723726272583008e+01
1.457546710968017578e+01
2.184715437889099121e+01
1.171561598777770996e+01
1.732649564743041992e+01
3.098751568794250488e+01
1.734147405624389648e+01
2.824126505851745605e+01
2.058256912231445312e+01
1.523243546485900879e+01
1.426771092414855957e+01
2.534336733818054199e+01
1.908226227760314941e+01
2.369744491577148438e+01
1.067588472366333008e+01
1.272567462921142578e+01
1.090858078002929688e+01
1.944597578048706055e+01
2.601411986351013184e+01
6.328608512878417969e+00
2.674373698234558105e+01
1.215218091011047363e+01
1.492691779136657715e+01
1.553221297264099121e+01
1.925899147987365723e+01
1.364473462104797363e+01
2.444478034973144531e+01
1.650768518447875977e+01
4.848860120773315430e+01
2.051832294464111328e+01
1.699900269508361816e+01
1.469114971160888672e+01
1.970311713218688965e+01
1.307529401779174805e+01
1.693407034873962402e+01
1.782381367683410645e+01
1.842180442810058594e+01
1.054978609085083008e+01
1.609222173690795898e+01
1.394314837455749512e+01
1.842298293113708496e+01
2.526922464370727539e+01
1.962902045249938965e+01
2.999110412597656250e+01
1.500964856147766113e+01
3.004097199440002441e+01
2.418481731414794922e+01
1.886271452903747559e+01
3.559371876716613770e+01
2.162732291221618652e+01
3.003394842147827148e+01
2.522262907028198242e+01
1.573628616333007812e+01
1.487790083885192871e+01
2.125179123878479004e+01
3.601662802696228027e+01
1.977087616920471191e+01
1.464158034324645996e+01
8.687205553054809570e+00
2.973037624359130859e+01
1.743999862670898438e+01
1.564114260673522949e+01
2.395638084411621094e+01
1.471610450744628906e+01
9.193393230438232422e+00
1.130995368957519531e+01
1.117152333259582520e+01
1.971351456642150879e+01
1.949132490158081055e+01
1.253431129455566406e+01
1.466888928413391113e+01
2.491210651397705078e+01
2.256242036819458008e+01
1.129273939132690430e+01
1.293635439872741699e+01
1.911618804931640625e+01
6.369505643844604492e+00
2.528410172462463379e+01
1.343522858619689941e+01
1.784286642074584961e+01
1.602260541915893555e+01
7.986442089080810547e+00
1.985659170150756836e+01
2.293495607376098633e+01
7.702631711959838867e+00
1.419426155090332031e+01
7.294318914413452148e+00
1.673073196411132812e+01
3.168810606002807617e+01
1.573774099349975586e+01
2.380842161178588867e+01
1.877557468414306641e+01
1.980173873901367188e+01
1.203740835189819336e+01
3.267412281036376953e+01
2.823257017135620117e+01
2.259656667709350586e+01
1.125827002525329590e+01
2.084016084671020508e+01
1.306702470779418945e+01
1.521158623695373535e+01
1.516755151748657227e+01
1.128816795349121094e+01
1.199154138565063477e+01
2.282092070579528809e+01
2.080492424964904785e+01
2.424425482749938965e+01
8.604294776916503906e+00
1.410422706604003906e+01
2.068057894706726074e+01
2.439680337905883789e+01
2.240499854087829590e+01
1.191090512275695801e+01
1.326453423500061035e+01
1.983990955352783203e+01
2.391037988662719727e+01
1.663256335258483887e+01
1.203751516342163086e+01
1.462703919410705566e+01
1.863902711868286133e+01
1.587258934974670410e+01
2.007121419906616211e+01
1.794797444343566895e+01
1.540928792953491211e+01
1.377802300453186035e+01
1.216522550582885742e+01
1.512622117996215820e+01
2.285660576820373535e+01
2.012731719017028809e+01
1.472444224357604980e+01
2.391554641723632812e+01
2.432521080970764160e+01
1.284976816177368164e+01
2.050965881347656250e+01
1.077722835540771484e+01
2.361246609687805176e+01
3.054752230644226074e+01
1.618665575981140137e+01
2.168537616729736328e+01
1.042681574821472168e+01
1.736742115020751953e+01
2.220275521278381348e+01
1.517173051834106445e+01
3.465278220176696777e+01
1.360620951652526855e+01
2.119431281089782715e+01
2.310332870483398438e+01
1.759653377532958984e+01
1.795504760742187500e+01
3.209682226181030273e+01
1.383586597442626953e+01
1.597278761863708496e+01
1.770863270759582520e+01
1.781443858146667480e+01
2.049116444587707520e+01
1.489165782928466797e+01
2.373133635520935059e+01
1.461882185935974121e+01
1.140150809288024902e+01
2.785462951660156250e+01
3.558410739898681641e+01
1.663274073600769043e+01
1.724561786651611328e+01
1.179982066154479980e+01
1.113303899765014648e+01
1.824199795722961426e+01
1.714291024208068848e+01
9.435110807418823242e+00
1.080442857742309570e+01
1.883315515518188477e+01
1.844521117210388184e+01
1.530657267570495605e+01
1.341302418708801270e+01
1.939373612403869629e+01
1.561306190490722656e+01
3.685970211029052734e+01
2.206944298744201660e+01
1.401142024993896484e+01
1.497518134117126465e+01
1.538093328475952148e+01
3.272868371009826660e+01
2.576219630241394043e+01
2.720230126380920410e+01
1.153374743461608887e+01
2.314797401428222656e+01
1.392566084861755371e+01
8.088055610656738281e+00
3.058587431907653809e+01
1.705259704589843750e+01
1.890752744674682617e+01
2.326474881172180176e+01
1.622828412055969238e+01
1.495816493034362793e+01
1.723857355117797852e+01
1.191215419769287109e+01
1.546833038330078125e+01
1.836036229133605957e+01
1.727446198463439941e+01
2.221117234230041504e+01
1.424009752273559570e+01
1.667204618453979492e+01
2.362593483924865723e+01
2.147824811935424805e+01
2.248703026771545410e+01
1.701205348968505859e+01
2.638419818878173828e+01
2.254629135131835938e+01
1.480676388740539551e+01
1.770244693756103516e+01
1.988038682937622070e+01
1.938910388946533203e+01
1.456744790077209473e+01
2.515930509567260742e+01
9.189767360687255859e+00
1.880399131774902344e+01
2.148944354057312012e+01
2.586916208267211914e+01
1.467202997207641602e+01
1.661276102066040039e+01
1.229624009132385254e+01
1.281641530990600586e+01
1.663516807556152344e+01
2.353885602951049805e+01
1.957833528518676758e+01
2.143427419662475586e+01
2.024546551704406738e+01
1.377337908744812012e+01
3.559227395057678223e+01
9.658471107482910156e+00
2.122681307792663574e+01
4.025193285942077637e+01
2.334962749481201172e+01
2.240535783767700195e+01
1.419879841804504395e+01
2.326334285736083984e+01
2.208217310905456543e+01
6.853780746459960938e+00
2.286127209663391113e+01
2.211197423934936523e+01
1.676629042625427246e+01
2.857870841026306152e+01
2.348489975929260254e+01
7.472337961196899414e+00
2.215774989128112793e+01
2.040120601654052734e+01
2.091336655616760254e+01
1.015417265892028809e+01
1.592556214332580566e+01
2.609679555892944336e+01
2.745918178558349609e+01
2.062881398200988770e+01
3.155332350730895996e+01
1.410439658164978027e+01
1.511553049087524414e+01
1.215607452392578125e+01
2.851494216918945312e+01
1.126431083679199219e+01
2.209039688110351562e+01
2.606015062332153320e+01
2.598263335227966309e+01
2.477317929267883301e+01
2.538155674934387207e+01
3.185278677940368652e+01
1.270148968696594238e+01
1.108764338493347168e+01
2.355686140060424805e+01
2.635085058212280273e+01
2.729276394844055176e+01
1.178213191032409668e+01
1.796498537063598633e+01
3.288556718826293945e+01
3.001768994331359863e+01
2.445551109313964844e+01
2.528615617752075195e+01
1.850045800209045410e+01
1.196760940551757812e+01
2.302990341186523438e+01
2.169453954696655273e+01
3.195088934898376465e+01
1.111754584312438965e+01
1.311675167083740234e+01
2.480310869216918945e+01
2.254593586921691895e+01
2.599254846572875977e+01
3.171951341629028320e+01
2.377868652343750000e+01
1.963960671424865723e+01
2.201451611518859863e+01
1.740116810798645020e+01
1.870179843902587891e+01
2.290666031837463379e+01
1.728200078010559082e+01
1.420861983299255371e+01
2.165363335609436035e+01
1.477593874931335449e+01
1.890808916091918945e+01
1.967973303794860840e+01
1.965135407447814941e+01
3.073540878295898438e+01
2.306355643272399902e+01
1.380203461647033691e+01
1.485319447517395020e+01
2.528530931472778320e+01
2.768368101119995117e+01
1.770837688446044922e+01
1.794487333297729492e+01
2.906523728370666504e+01
2.559860849380493164e+01
1.838627719879150391e+01
1.693070483207702637e+01
1.470436882972717285e+01
1.897718644142150879e+01
1.924536919593811035e+01
1.420156359672546387e+01
2.222030234336853027e+01
1.268889999389648438e+01
1.968176198005676270e+01
1.532419562339782715e+01
1.672663664817810059e+01
3.197475123405456543e+01
2.799552655220031738e+01
2.043759226799011230e+01
2.190349030494689941e+01
2.076251268386840820e+01
3.004547142982482910e+01
2.089176535606384277e+01
2.800084757804870605e+01
3.252363562583923340e+01
2.227584743499755859e+01
1.750644540786743164e+01
2.152690339088439941e+01
2.282714653015136719e+01
2.547682404518127441e+01
2.577688026428222656e+01
2.855046868324279785e+01
2.326634168624877930e+01
2.015650272369384766e+01
1.865592932701110840e+01
2.368763899803161621e+01
2.098230123519897461e+01
1.972170257568359375e+01
2.170992374420166016e+01
2.119165515899658203e+01
2.257874059677124023e+01
1.094009709358215332e+01
2.368943667411804199e+01
2.196292304992675781e+01
3.030322813987731934e+01
1.703740024566650391e+01
2.534277606010437012e+01
1.043995070457458496e+01
1.700750660896301270e+01
9.202546358108520508e+00
3.843938827514648438e+01
1.744742536544799805e+01
1.801564908027648926e+01
1.763225698471069336e+01
1.689894056320190430e+01
2.495191574096679688e+01
2.069965910911560059e+01
1.646053314208984375e+01
1.868254256248474121e+01
1.737621045112609863e+01
2.836492848396301270e+01
3.022577691078186035e+01
1.606964659690856934e+01
1.768206024169921875e+01
2.106344938278198242e+01
1.370699214935302734e+01
2.490547084808349609e+01
2.288517975807189941e+01
1.685492205619812012e+01
1.618448591232299805e+01
2.107809615135192871e+01
1.967570304870605469e+01
1.883952736854553223e+01
1.025575613975524902e+01
2.737778735160827637e+01
1.932698178291320801e+01
1.217063331604003906e+01
2.004835271835327148e+01
1.889212250709533691e+01
1.980136156082153320e+01
1.322263312339782715e+01
1.985969400405883789e+01
2.100802636146545410e+01
1.857108020782470703e+01
2.132632207870483398e+01
3.413768839836120605e+01
2.158394074440002441e+01
1.711474728584289551e+01
1.638762521743774414e+01
2.584496617317199707e+01
1.839552640914916992e+01
1.540857791900634766e+01
2.031889319419860840e+01
3.263080811500549316e+01
4.212071061134338379e+01
2.260481142997741699e+01
3.459522271156311035e+01
1.987674021720886230e+01
4.019598197937011719e+01
2.010629296302795410e+01
8.979293584823608398e+00
2.217465376853942871e+01
9.836820602416992188e+00
2.591697764396667480e+01
2.172300577163696289e+01
3.008619284629821777e+01
1.887508630752563477e+01
1.465759134292602539e+01
2.041375350952148438e+01
2.032871961593627930e+01
1.333080911636352539e+01
2.058666300773620605e+01
1.394272565841674805e+01
1.696069121360778809e+01
1.721523571014404297e+01
1.740032148361206055e+01
1.409204864501953125e+01
2.264236998558044434e+01
2.395983600616455078e+01
2.477214074134826660e+01
2.630225706100463867e+01
2.765957856178283691e+01
2.462477850914001465e+01
1.349684715270996094e+01
1.320916366577148438e+01
1.819742393493652344e+01
2.005746507644653320e+01
1.998801565170288086e+01
1.456455326080322266e+01
2.014670133590698242e+01
1.810878348350524902e+01
2.900062179565429688e+01
2.470228862762451172e+01
2.358287405967712402e+01
1.768231368064880371e+01
2.019263577461242676e+01
2.729162669181823730e+01
2.578818655014038086e+01
3.476261663436889648e+01
2.834810447692871094e+01
1.173176646232604980e+01
1.434877562522888184e+01
1.762335395812988281e+01
2.122666406631469727e+01
1.517145061492919922e+01
1.079831385612487793e+01
2.184197759628295898e+01
1.209239602088928223e+01
1.864386534690856934e+01
2.221667504310607910e+01
1.281316757202148438e+01
2.144122910499572754e+01
2.197129750251770020e+01
2.111761212348937988e+01
2.184212350845336914e+01
1.536447286605834961e+01
1.796983075141906738e+01
2.313332104682922363e+01
3.291501235961914062e+01
3.429946708679199219e+01
1.894127893447875977e+01
1.154718661308288574e+01
1.430075192451477051e+01
1.468326902389526367e+01
2.690853333473205566e+01
2.385242843627929688e+01
1.568076825141906738e+01
1.529842662811279297e+01
1.282458019256591797e+01
1.637917971611022949e+01
5.245737552642822266e+00
2.143618607521057129e+01
1.381398582458496094e+01
2.465564608573913574e+01
1.654095816612243652e+01
1.589124226570129395e+01
1.565934491157531738e+01
2.075505328178405762e+01
1.364218115806579590e+01
1.474341034889221191e+01
2.664684629440307617e+01
9.015410900115966797e+00
3.557682824134826660e+01
1.686176109313964844e+01
2.821715140342712402e+01
1.715452551841735840e+01
1.212294411659240723e+01
2.320300412178039551e+01
2.869674062728881836e+01
1.410272741317749023e+01
1.663501024246215820e+01
1.807719492912292480e+01
2.429556512832641602e+01
2.525503087043762207e+01
1.525820899009704590e+01
1.559507894515991211e+01
2.071955585479736328e+01
1.845686411857604980e+01
1.685143518447875977e+01
2.112916922569274902e+01
1.783710241317749023e+01
2.005293965339660645e+01
1.190622663497924805e+01
1.723712420463562012e+01
6.733726501464843750e+00
3.220144295692443848e+01
1.876121020317077637e+01
2.245343232154846191e+01
1.586807370185852051e+01
1.633478426933288574e+01
3.321851944923400879e+01
1.940006327629089355e+01
1.943622064590454102e+01
2.700688982009887695e+01
9.156348466873168945e+00
1.903822851181030273e+01
2.438379478454589844e+01
1.797521495819091797e+01
1.750861263275146484e+01
1.549621343612670898e+01
2.546647119522094727e+01
3.066633796691894531e+01
4.114595961570739746e+01
9.308208465576171875e+00
2.107315826416015625e+01
1.432403850555419922e+01
1.894351100921630859e+01
1.396647429466247559e+01
2.756334447860717773e+01
2.015170359611511230e+01
2.026844453811645508e+01
1.478370594978332520e+01
2.184346699714660645e+01
3.297936868667602539e+01
8.160992383956909180e+00
7.899722576141357422e+00
2.052780079841613770e+01
2.020422291755676270e+01
1.242912864685058594e+01
1.285490202903747559e+01
1.346717095375061035e+01
1.060741615295410156e+01
9.611949682235717773e+00
8.907351255416870117e+00
2.732044339179992676e+01
1.794723367691040039e+01
3.093217420578002930e+01
2.806935405731201172e+01
1.469919729232788086e+01
2.041713905334472656e+01
2.165996623039245605e+01
1.732377862930297852e+01
2.724390935897827148e+01
1.918755364418029785e+01
1.562936949729919434e+01
1.394171977043151855e+01
1.434218311309814453e+01
1.695622134208679199e+01
1.374377727508544922e+01
2.188723659515380859e+01
1.460615730285644531e+01
1.423355340957641602e+01
2.322617506980895996e+01
2.784340500831604004e+01
1.874052405357360840e+01
2.637043094635009766e+01
2.735685205459594727e+01
1.914383602142333984e+01
2.339020586013793945e+01
2.360887002944946289e+01
1.719070267677307129e+01
1.197615885734558105e+01
2.867794871330261230e+01
2.162285256385803223e+01
1.079152679443359375e+01
1.018689632415771484e+01
2.394990682601928711e+01
3.405205607414245605e+01
1.836402845382690430e+01
3.808528685569763184e+01
1.384779453277587891e+01
1.691239476203918457e+01
2.088221526145935059e+01
1.683230066299438477e+01
2.792063307762145996e+01
1.904794764518737793e+01
3.027416276931762695e+01
1.196077442169189453e+01
1.994107723236083984e+01
2.727987694740295410e+01
1.936246514320373535e+01
2.454467201232910156e+01
1.851874947547912598e+01
1.661303329467773438e+01
1.375880122184753418e+01
2.292507505416870117e+01
1.752044153213500977e+01
7.924377202987670898e+00
1.996390533447265625e+01
2.138324427604675293e+01
2.312635231018066406e+01
1.917345857620239258e+01
1.932024908065795898e+01
2.134572315216064453e+01
2.036305212974548340e+01
2.862960815429687500e+01
1.081504559516906738e+01
1.618973827362060547e+01
1.854889941215515137e+01
1.719578695297241211e+01
1.633926773071289062e+01
2.510208559036254883e+01
1.944402599334716797e+01
3.785949158668518066e+01
1.958167028427124023e+01
2.523215913772583008e+01
2.151885986328125000e+01
1.315659976005554199e+01
1.264114713668823242e+01
2.206753778457641602e+01
1.431608319282531738e+01
1.828124189376831055e+01
1.319125652313232422e+01
2.541367053985595703e+01
1.762980651855468750e+01
2.079643177986145020e+01
1.111978006362915039e+01
1.522134828567504883e+01
2.408857297897338867e+01
1.830149316787719727e+01
1.638304376602172852e+01
1.251031494140625000e+01
2.881887602806091309e+01
3.971996283531188965e+01
2.519906568527221680e+01
1.986079335212707520e+01
1.569166064262390137e+01
2.240589833259582520e+01
2.251061916351318359e+01
1.544431543350219727e+01
2.490351009368896484e+01
3.003617000579833984e+01
2.401597285270690918e+01
1.775764513015747070e+01
1.983165717124938965e+01
1.813655805587768555e+01
1.777336144447326660e+01
1.562630295753479004e+01
1.852178621292114258e+01
3.462567353248596191e+01
1.915513253211975098e+01
1.220203757286071777e+01
2.306120419502258301e+01
1.156256055831909180e+01
1.967533111572265625e+01
1.665634250640869141e+01
1.841787123680114746e+01
1.881481575965881348e+01
1.893159890174865723e+01
2.641829776763916016e+01
2.148661589622497559e+01
1.992422151565551758e+01
7.720072507858276367e+00
1.585462880134582520e+01
3.190796875953674316e+01
1.603734159469604492e+01
1.591888689994812012e+01
1.258996987342834473e+01
2.108682274818420410e+01
9.371160984039306641e+00
1.436477112770080566e+01
2.643769955635070801e+01
1.608106017112731934e+01
1.091197156906127930e+01
1.015098500251770020e+01
5.445122957229614258e+00
9.281370639801025391e+00
1.558827424049377441e+01
1.770392513275146484e+01
1.404896402359008789e+01
1.146063923835754395e+01
2.761396551132202148e+01
1.870445418357849121e+01
3.093859076499938965e+01
3.614717817306518555e+01
9.827868700027465820e+00
3.148848271369934082e+01
1.257355690002441406e+01
5.929234027862548828e+00
1.451474905014038086e+01
2.204268312454223633e+01
4.177146577835083008e+01
2.553157973289489746e+01
2.028294754028320312e+01
3.390064096450805664e+01
8.134412527084350586e+00
9.127509832382202148e+00
9.396574258804321289e+00
1.383624100685119629e+01
1.752435326576232910e+01
1.232852697372436523e+01
1.510505175590515137e+01
1.222747015953063965e+01
1.714890933036804199e+01
1.690680122375488281e+01
7.868473768234252930e+00
1.504359602928161621e+01
2.675687909126281738e+01
1.401194620132446289e+01
1.011246109008789062e+01
1.849985456466674805e+01
6.849410772323608398e+00
1.905465626716613770e+01
1.919466328620910645e+01
9.002082586288452148e+00
1.718181324005126953e+01
1.158564138412475586e+01
1.969101357460021973e+01
2.429163837432861328e+01
1.408346819877624512e+01
1.844009661674499512e+01
1.708356857299804688e+01
1.515009260177612305e+01
2.673650550842285156e+01
2.272126126289367676e+01
1.114452981948852539e+01
1.190914511680603027e+01
1.710193634033203125e+01
1.852098822593688965e+01
2.727367424964904785e+01
2.102130675315856934e+01
1.232805585861206055e+01
1.031111621856689453e+01
2.323494672775268555e+01
2.268489885330200195e+01
1.767953372001647949e+01
2.000172400474548340e+01
2.958503198623657227e+01
1.568053317070007324e+01
1.021425461769104004e+01
1.774748492240905762e+01
1.861895871162414551e+01
1.005306720733642578e+01
7.881394863128662109e+00
1.448736810684204102e+01
1.903783035278320312e+01
1.045564699172973633e+01
1.857750415802001953e+01
6.692905902862548828e+00
3.099007916450500488e+01
3.223224043846130371e+01
1.432958292961120605e+01
2.501958537101745605e+01
1.591802859306335449e+01
1.115342116355895996e+01
2.280887818336486816e+01
2.368307256698608398e+01
5.376575946807861328e+00
1.976571631431579590e+01
2.021082234382629395e+01
2.047775292396545410e+01
2.163296961784362793e+01
1.570197820663452148e+01
9.848119020462036133e+00
2.579540276527404785e+01
8.667761087417602539e+00
1.858854198455810547e+01
1.659840011596679688e+01
2.792435979843139648e+01
2.404700088500976562e+01
2.290284347534179688e+01
1.749740982055664062e+01
2.883916234970092773e+01
2.309260439872741699e+01
1.498314118385314941e+01
2.067757964134216309e+01
2.637553548812866211e+01
1.340320563316345215e+01
2.234660673141479492e+01
2.327457857131958008e+01
2.360744380950927734e+01
1.716870307922363281e+01
2.249290084838867188e+01
2.291871929168701172e+01
2.329900789260864258e+01
2.239396905899047852e+01
1.281152367591857910e+01
1.461869931221008301e+01
1.918925499916076660e+01
2.233766746520996094e+01
1.999841976165771484e+01
1.662635564804077148e+01
2.690925526618957520e+01
1.375532674789428711e+01
1.604377222061157227e+01
1.755261421203613281e+01
1.826079726219177246e+01
1.470534038543701172e+01
1.065974664688110352e+01
2.677857160568237305e+01
1.344488978385925293e+01
1.436382031440734863e+01
2.145709204673767090e+01
1.115187454223632812e+01
1.149291205406188965e+01
2.003470444679260254e+01
1.763728713989257812e+01
8.667469739913940430e+00
8.253291130065917969e+00
1.496884322166442871e+01
1.619505286216735840e+01
1.284497499465942383e+01
1.059371399879455566e+01
1.668031907081604004e+01
2.359089851379394531e+01
1.258669614791870117e+01
1.528875303268432617e+01
1.912447643280029297e+01
1.743851637840270996e+01
6.711871385574340820e+00
2.331331992149353027e+01
2.825628185272216797e+01
3.136639094352722168e+01
1.558115386962890625e+01
2.187998008728027344e+01
1.934770059585571289e+01
4.113151979446411133e+01
1.475872325897216797e+01
2.361317873001098633e+01
1.600361967086791992e+01
2.535414314270019531e+01
1.757562208175659180e+01
2.244989180564880371e+01
2.639039230346679688e+01
1.160408592224121094e+01
2.594743800163269043e+01
1.811613512039184570e+01
2.457561755180358887e+01
2.503859758377075195e+01
3.110300850868225098e+01
1.057199430465698242e+01
1.343965339660644531e+01
1.465873408317565918e+01
9.392251729965209961e+00
2.311463856697082520e+01
6.396749496459960938e+00
2.927252531051635742e+01
1.208300352096557617e+01
1.239153528213500977e+01
1.606929230690002441e+01
1.356803703308105469e+01
1.181683564186096191e+01
9.370926380157470703e+00
1.146907544136047363e+01
1.287155222892761230e+01
1.400180864334106445e+01
1.696509909629821777e+01
2.813866829872131348e+01
3.959148406982421875e+01
2.284943866729736328e+01
1.007193326950073242e+01
1.805126452445983887e+01
1.691922259330749512e+01
1.632277393341064453e+01
1.634651589393615723e+01
2.791072916984558105e+01
1.513314890861511230e+01
1.615964722633361816e+01
1.598819732666015625e+01
2.092968630790710449e+01
1.908083915710449219e+01
1.535350418090820312e+01
1.776618528366088867e+01
2.026124238967895508e+01
1.737237834930419922e+01
2.241239333152770996e+01
2.318987154960632324e+01
9.937085628509521484e+00
1.770817899703979492e+01
1.966108012199401855e+01
1.730708909034729004e+01
1.637461805343627930e+01
1.545377206802368164e+01
2.021443319320678711e+01
3.473873400688171387e+01
1.360673284530639648e+01
3.557529258728027344e+01
1.855021619796752930e+01
1.641329598426818848e+01
1.693708872795104980e+01
1.596847343444824219e+01
1.175046896934509277e+01
8.999310731887817383e+00
9.089163541793823242e+00
1.665752291679382324e+01
1.729088211059570312e+01
2.560447716712951660e+01
1.511506795883178711e+01
1.591518187522888184e+01
3.003705811500549316e+01
1.531570458412170410e+01
1.777319192886352539e+01
1.764559698104858398e+01
3.535951519012451172e+01
1.992387485504150391e+01
2.584991478919982910e+01
2.292225646972656250e+01
2.860212945938110352e+01
2.602827119827270508e+01
2.177648925781250000e+01
2.530251789093017578e+01
2.060580778121948242e+01
1.415718603134155273e+01
2.272973942756652832e+01
1.298378682136535645e+01
1.850572276115417480e+01
1.177055907249450684e+01
1.797450900077819824e+01
2.424526929855346680e+01
1.502157640457153320e+01
1.573170781135559082e+01
1.794515728950500488e+01
3.192221117019653320e+01
1.776855635643005371e+01
1.794725203514099121e+01
3.578407573699951172e+01
1.579828810691833496e+01
1.350771164894104004e+01
1.772054815292358398e+01
2.199581742286682129e+01
1.523499131202697754e+01
3.123263263702392578e+01
1.421115469932556152e+01
1.269488358497619629e+01
1.745364856719970703e+01
1.287792205810546875e+01
2.811456942558288574e+01
2.394808530807495117e+01
1.355083107948303223e+01
2.055838918685913086e+01
2.824884748458862305e+01
1.122254133224487305e+01
2.258788824081420898e+01
2.009669351577758789e+01
1.148499631881713867e+01
9.758840799331665039e+00
1.914492964744567871e+01
1.769274044036865234e+01
8.768638610839843750e+00
1.839886975288391113e+01
7.322164773941040039e+00
1.788384914398193359e+01
2.394083976745605469e+01
6.489743947982788086e+00
2.070393347740173340e+01
1.741554284095764160e+01
1.100760364532470703e+01
3.476320934295654297e+01
1.895666861534118652e+01
1.265202927589416504e+01
2.583559083938598633e+01
1.482156062126159668e+01
1.315542984008789062e+01
2.193538498878479004e+01
1.673298335075378418e+01
1.169375824928283691e+01
1.734526920318603516e+01
7.151749849319458008e+00
2.309754920005798340e+01
1.373578858375549316e+01
1.935745215415954590e+01
1.295625066757202148e+01
1.074694728851318359e+01
2.161452460289001465e+01
1.995870447158813477e+01
1.765236854553222656e+01
1.923226714134216309e+01
1.095139551162719727e+01
2.409000635147094727e+01
1.179375052452087402e+01
1.621402573585510254e+01
9.076730012893676758e+00
3.190323257446289062e+01
2.861079001426696777e+01
3.108771181106567383e+01
1.050348091125488281e+01
2.960531711578369141e+01
2.431852984428405762e+01
1.063213515281677246e+01
1.548617315292358398e+01
1.190057063102722168e+01
1.268528294563293457e+01
1.569669866561889648e+01
1.810798740386962891e+01
2.391953659057617188e+01
2.460732436180114746e+01
1.061951065063476562e+01
3.858187055587768555e+01
1.134977030754089355e+01
6.953985929489135742e+00
1.388576769828796387e+01
2.701650357246398926e+01
2.526174712181091309e+01
1.033917737007141113e+01
2.354868268966674805e+01
2.251630425453186035e+01
1.679451155662536621e+01
1.480288386344909668e+01
1.889396905899047852e+01
7.580477714538574219e+00
1.578123641014099121e+01
2.526088070869445801e+01
1.778685379028320312e+01
1.208057069778442383e+01
1.759434819221496582e+01
1.520441222190856934e+01
8.881540298461914062e+00
2.838440227508544922e+01
1.407334709167480469e+01
2.464299845695495605e+01
2.635052871704101562e+01
1.195248675346374512e+01
1.285386872291564941e+01
2.276764726638793945e+01
2.246651649475097656e+01
1.261498856544494629e+01
9.954491376876831055e+00
2.380647873878479004e+01
1.841648840904235840e+01
1.936180472373962402e+01
1.527269005775451660e+01
1.996874403953552246e+01
1.874666118621826172e+01
1.351922440528869629e+01
1.299236631393432617e+01
3.535263323783874512e+01
1.992651367187500000e+01
1.484822845458984375e+01
1.124289703369140625e+01
1.731774520874023438e+01
1.961671829223632812e+01
1.405784487724304199e+01
1.260126280784606934e+01
3.098428368568420410e+01
2.324084377288818359e+01
2.087400913238525391e+01
1.792933607101440430e+01
2.093040442466735840e+01
2.107640719413757324e+01
2.282768535614013672e+01
1.869535875320434570e+01
1.052450060844421387e+01
1.184961795806884766e+01
1.900818228721618652e+01
2.309433102607727051e+01
1.324242496490478516e+01
1.778178644180297852e+01
1.840311980247497559e+01
1.787851142883300781e+01
1.395829248428344727e+01
1.519833660125732422e+01
1.903797769546508789e+01
1.972367286682128906e+01
1.705703258514404297e+01
1.387849879264831543e+01
1.323346471786499023e+01
1.445900797843933105e+01
2.215621352195739746e+01
2.265383982658386230e+01
2.050601220130920410e+01
1.050394940376281738e+01
1.860987591743469238e+01
1.622304320335388184e+01
1.752511548995971680e+01
9.289101362228393555e+00
2.611138272285461426e+01
1.748507547378540039e+01
2.079032826423645020e+01
2.160177350044250488e+01
1.697062039375305176e+01
1.977805233001708984e+01
1.032154989242553711e+01
1.321341681480407715e+01
2.025321125984191895e+01
2.565249967575073242e+01
9.473471164703369141e+00
2.644714450836181641e+01
1.211750626564025879e+01
1.124874615669250488e+01
1.260554361343383789e+01
1.572403645515441895e+01
2.956251239776611328e+01
2.299854087829589844e+01
1.888477492332458496e+01
3.066160345077514648e+01
2.067346119880676270e+01
1.495041370391845703e+01
2.266097426414489746e+01
1.466634440422058105e+01
2.187397027015686035e+01
2.221936082839965820e+01
1.160828089714050293e+01
2.531354188919067383e+01
1.688884711265563965e+01
1.413833808898925781e+01
2.238036203384399414e+01
3.152472257614135742e+01
2.298217296600341797e+01
2.466432332992553711e+01
1.815769767761230469e+01
2.553689265251159668e+01
1.990630125999450684e+01
2.989104247093200684e+01
1.490281057357788086e+01
2.415934300422668457e+01
1.969896149635314941e+01
1.394133210182189941e+01
1.501205277442932129e+01
2.137717223167419434e+01
1.584396958351135254e+01
1.353075957298278809e+01
1.686187839508056641e+01
1.764014196395874023e+01
2.132645273208618164e+01
2.356060838699340820e+01
2.782246994972229004e+01
1.285806179046630859e+01
1.702232956886291504e+01
1.610843634605407715e+01
1.550356149673461914e+01
1.432441067695617676e+01
2.225592994689941406e+01
3.305560183525085449e+01
2.730632042884826660e+01
1.276570606231689453e+01
1.539074420928955078e+01
8.356879711151123047e+00
1.575407361984252930e+01
2.245918893814086914e+01
1.745043277740478516e+01
2.894789767265319824e+01
1.716295528411865234e+01
3.209456300735473633e+01
2.686529922485351562e+01
1.359308791160583496e+01
2.829306101799011230e+01
2.734746861457824707e+01
2.511790180206298828e+01
2.127083992958068848e+01
1.987332725524902344e+01
2.631194257736206055e+01
1.174135065078735352e+01
2.405046319961547852e+01
3.711581897735595703e+01
3.088044285774230957e+01
1.353668069839477539e+01
1.643653798103332520e+01
3.667467522621154785e+01
1.459970068931579590e+01
2.620898675918579102e+01
3.178091573715209961e+01
1.850162291526794434e+01
2.375751376152038574e+01
1.952843546867370605e+01
1.132120299339294434e+01
