8.668516635894775391e+00
9.811578750610351562e+00
1.049545812606811523e+01
4.881436586380004883e+00
1.307379841804504395e+01
5.335381507873535156e+00
6.867034435272216797e+00
1.073850274085998535e+01
1.422409725189208984e+01
6.251054763793945312e+00
1.958300542831420898e+01
1.255962038040161133e+01
1.041077232360839844e+01
2.962957406044006348e+01
2.369530057907104492e+01
2.247839379310607910e+01
1.530959510803222656e+01
1.213977026939392090e+01
2.332200646400451660e+01
1.748019552230834961e+01
1.221817898750305176e+01
3.043033027648925781e+01
1.707570004463195801e+01
2.185776591300964355e+01
1.944099044799804688e+01
3.413447785377502441e+01
1.572633242607116699e+01
2.173046779632568359e+01
1.777477335929870605e+01
1.284714388847351074e+01
2.989023447036743164e+01
1.775204873085021973e+01
2.960066938400268555e+01
3.113041996955871582e+01
4.317193293571472168e+01
3.007913088798522949e+01
3.537202405929565430e+01
2.206580138206481934e+01
1.339842629432678223e+01
9.386810779571533203e+00
3.252145814895629883e+01
2.448379635810852051e+01
2.289198637008666992e+01
1.272879695892333984e+01
1.983425378799438477e+01
2.436765456199645996e+01
3.340111422538757324e+01
2.961180782318115234e+01
2.057423710823059082e+01
1.736043787002563477e+01
2.957870078086853027e+01
2.445221328735351562e+01
1.478072762489318848e+01
1.045656871795654297e+01
3.136981987953186035e+01
1.101193737983703613e+01
3.383457827568054199e+01
2.344773507118225098e+01
1.879847145080566406e+01
2.500627803802490234e+01
8.343515872955322266e+00
4.121713161468505859e+01
1.514729905128479004e+01
2.369125342369079590e+01
1.797877359390258789e+01
2.378845858573913574e+01
3.480700135231018066e+01
3.071791434288024902e+01
1.772943925857543945e+01
4.980673766136169434e+01
4.130936241149902344e+01
1.498897051811218262e+01
8.477140188217163086e+00
1.483849287033081055e+01
1.758004355430603027e+01
1.996277499198913574e+01
2.311987209320068359e+01
2.446014761924743652e+01
1.186737775802612305e+01
1.458253765106201172e+01
1.835692763328552246e+01
9.978857517242431641e+00
7.648568391799926758e+00
3.060370564460754395e+01
3.464204859733581543e+01
2.007925081253051758e+01
1.421864414215087891e+01
1.188906264305114746e+01
2.219950199127197266e+01
3.553891324996948242e+01
4.084049463272094727e+01
2.087855386734008789e+01
1.810021066665649414e+01
4.111654663085937500e+01
1.077532815933227539e+01
1.803945612907409668e+01
2.959257745742797852e+01
1.702948784828186035e+01
2.762029147148132324e+01
2.153993010520935059e+01
1.977623724937438965e+01
2.799013066291809082e+01
2.284068489074707031e+01
1.215965557098388672e+01
2.114004659652709961e+01
2.489941167831420898e+01
2.229035282135009766e+01
2.746049904823303223e+01
1.779679965972900391e+01
2.045106601715087891e+01
1.993160152435302734e+01
2.390217065811157227e+01
3.562902998924255371e+01
4.018207192420959473e+01
3.236491203308105469e+01
3.311520886421203613e+01
3.465352940559387207e+01
1.541213798522949219e+01
2.443337845802307129e+01
2.892620778083801270e+01
3.058457255363464355e+01
3.621160507202148438e+01
2.472756648063659668e+01
3.506713581085205078e+01
1.588741612434387207e+01
2.046598911285400391e+01
9.850643396377563477e+00
2.793265867233276367e+01
2.447535061836242676e+01
3.113120102882385254e+01
2.626975083351135254e+01
3.785601711273193359e+01
3.813896679878234863e+01
4.619469881057739258e+01
2.855656933784484863e+01
3.324710559844970703e+01
2.766460657119750977e+01
2.675191283226013184e+01
2.529417443275451660e+01
2.515122961997985840e+01
2.199191546440124512e+01
3.385338950157165527e+01
2.400795531272888184e+01
6.566770076751708984e+00
2.206335425376892090e+01
2.488761067390441895e+01
2.120908999443054199e+01
2.483448481559753418e+01
9.834975957870483398e+00
2.977434182167053223e+01
1.154522609710693359e+01
7.165493965148925781e+00
2.344027781486511230e+01
2.971974396705627441e+01
2.544442534446716309e+01
2.557898187637329102e+01
4.328932499885559082e+01
2.387558221817016602e+01
2.967936468124389648e+01
2.612286233901977539e+01
3.002632927894592285e+01
3.453162932395935059e+01
1.451290082931518555e+01
1.977387118339538574e+01
4.336512422561645508e+01
1.413690352439880371e+01
3.426884341239929199e+01
2.319156527519226074e+01
1.521516251564025879e+01
1.935946178436279297e+01
1.635453939437866211e+01
2.579751729965209961e+01
3.160431623458862305e+01
2.429807782173156738e+01
1.259349608421325684e+01
3.114434194564819336e+01
3.067034268379211426e+01
1.614522266387939453e+01
1.503677940368652344e+01
2.306048750877380371e+01
2.784803104400634766e+01
2.936279344558715820e+01
1.125761294364929199e+01
1.416355681419372559e+01
2.966591691970825195e+01
1.666700506210327148e+01
3.380384588241577148e+01
7.909908533096313477e+00
2.676706695556640625e+01
2.039619946479797363e+01
8.492695808410644531e+00
1.631936526298522949e+01
1.507160472869873047e+01
2.136497902870178223e+01
1.268517827987670898e+01
1.235917305946350098e+01
1.498234534263610840e+01
2.911715960502624512e+01
2.509378981590270996e+01
3.046542668342590332e+01
1.503441762924194336e+01
3.212692999839782715e+01
1.671487164497375488e+01
4.510835909843444824e+01
2.952675843238830566e+01
3.365997743606567383e+01
4.642647528648376465e+01
4.602285456657409668e+01
1.760423612594604492e+01
2.651072406768798828e+01
1.823984599113464355e+01
3.612954401969909668e+01
3.126157593727111816e+01
2.727027034759521484e+01
3.557086873054504395e+01
3.864972472190856934e+01
4.849561381340026855e+01
2.680680799484252930e+01
3.105478000640869141e+01
1.116336059570312500e+01
3.015073108673095703e+01
1.843826222419738770e+01
2.244287753105163574e+01
1.769116234779357910e+01
1.710878491401672363e+01
1.465389752388000488e+01
1.373431968688964844e+01
1.707423162460327148e+01
2.230502247810363770e+01
1.099172687530517578e+01
3.010615944862365723e+01
1.408062362670898438e+01
1.510610938072204590e+01
1.990782546997070312e+01
1.741158938407897949e+01
1.158996987342834473e+01
3.062009644508361816e+01
1.679716682434082031e+01
2.181306219100952148e+01
2.786399650573730469e+01
2.486244487762451172e+01
1.923744964599609375e+01
2.193041133880615234e+01
2.451162290573120117e+01
9.717766284942626953e+00
2.162650060653686523e+01
2.787885355949401855e+01
1.534131765365600586e+01
2.916931676864624023e+01
1.959787440299987793e+01
2.596212196350097656e+01
2.472885227203369141e+01
3.280133390426635742e+01
3.339523339271545410e+01
3.121984767913818359e+01
2.518136143684387207e+01
2.470314979553222656e+01
1.986602711677551270e+01
3.120266079902648926e+01
2.920282101631164551e+01
2.190936112403869629e+01
3.820593881607055664e+01
3.020033311843872070e+01
2.233242297172546387e+01
1.876548552513122559e+01
2.941672396659851074e+01
2.684475398063659668e+01
3.298927688598632812e+01
1.973117017745971680e+01
2.628824496269226074e+01
3.301630401611328125e+01
1.880378532409667969e+01
1.774471282958984375e+01
2.495842552185058594e+01
4.518046092987060547e+01
3.410988450050354004e+01
3.025405120849609375e+01
3.121902775764465332e+01
1.471494102478027344e+01
2.971802902221679688e+01
2.221462607383728027e+01
1.588433241844177246e+01
3.308636283874511719e+01
3.760697340965270996e+01
2.435856842994689941e+01
3.355468845367431641e+01
1.353663825988769531e+01
3.965121388435363770e+01
5.627159214019775391e+01
2.375676012039184570e+01
2.291474986076354980e+01
2.849187159538269043e+01
2.339606022834777832e+01
2.458463430404663086e+01
2.461881065368652344e+01
3.032826232910156250e+01
2.695399260520935059e+01
4.067584300041198730e+01
3.236164283752441406e+01
2.959521102905273438e+01
2.641423249244689941e+01
2.168498086929321289e+01
3.961040568351745605e+01
2.551240444183349609e+01
3.654542541503906250e+01
2.673388099670410156e+01
3.230043244361877441e+01
2.444571900367736816e+01
8.551954984664916992e+00
3.549536800384521484e+01
2.886848592758178711e+01
4.692216587066650391e+01
1.686313414573669434e+01
2.515042257308959961e+01
1.699336814880371094e+01
3.396845793724060059e+01
2.254305505752563477e+01
1.712178587913513184e+01
2.515879344940185547e+01
1.241449618339538574e+01
3.307687783241271973e+01
3.853739714622497559e+01
4.042696905136108398e+01
3.797606062889099121e+01
2.757386898994445801e+01
2.492074275016784668e+01
2.197915887832641602e+01
2.422629785537719727e+01
2.107737350463867188e+01
5.343754434585571289e+01
4.354865455627441406e+01
2.256072735786437988e+01
1.050824737548828125e+01
1.622929596900939941e+01
1.408043575286865234e+01
2.326748299598693848e+01
2.835690402984619141e+01
3.146118092536926270e+01
1.133680939674377441e+01
3.421322965621948242e+01
1.415136766433715820e+01
3.116691899299621582e+01
3.564377903938293457e+01
2.151059007644653320e+01
2.836361217498779297e+01
2.420229649543762207e+01
2.025997591018676758e+01
4.232414722442626953e+01
2.147011065483093262e+01
1.261137151718139648e+01
2.761377358436584473e+01
3.193094372749328613e+01
1.665854406356811523e+01
1.754193639755249023e+01
3.365714359283447266e+01
2.924010086059570312e+01
2.651191592216491699e+01
3.724014449119567871e+01
1.830077385902404785e+01
2.004631185531616211e+01
2.719999241828918457e+01
3.281847476959228516e+01
1.944193530082702637e+01
3.790745258331298828e+01
3.295720434188842773e+01
2.245075964927673340e+01
2.317479801177978516e+01
2.203438448905944824e+01
4.088060307502746582e+01
2.136720657348632812e+01
3.038247823715209961e+01
2.244021940231323242e+01
2.622630739212036133e+01
2.341466355323791504e+01
2.246941995620727539e+01
2.914179801940917969e+01
2.208699917793273926e+01
2.950529265403747559e+01
4.063643836975097656e+01
2.813178277015686035e+01
3.095923304557800293e+01
5.273082041740417480e+01
2.399826288223266602e+01
1.759064793586730957e+01
3.150230431556701660e+01
2.435808134078979492e+01
2.534066700935363770e+01
2.473206758499145508e+01
1.370044970512390137e+01
1.435281610488891602e+01
2.589524936676025391e+01
2.587097883224487305e+01
2.621634840965270996e+01
2.519173383712768555e+01
2.569523763656616211e+01
1.822757029533386230e+01
3.500202894210815430e+01
2.518346047401428223e+01
3.155636858940124512e+01
1.629749441146850586e+01
2.653004074096679688e+01
2.793876314163208008e+01
2.587390112876892090e+01
3.040882849693298340e+01
2.584668779373168945e+01
2.870276451110839844e+01
2.401321411132812500e+01
3.810652065277099609e+01
2.908416438102722168e+01
2.966417622566223145e+01
4.178657102584838867e+01
1.790886926651000977e+01
3.446857476234436035e+01
5.790533065795898438e+01
3.048733782768249512e+01
2.973634600639343262e+01
2.134641528129577637e+01
3.627322816848754883e+01
2.837692236900329590e+01
3.611343336105346680e+01
3.884170746803283691e+01
2.769354152679443359e+01
3.251747822761535645e+01
2.447132897377014160e+01
1.152599787712097168e+01
2.853797245025634766e+01
2.783073544502258301e+01
3.221699547767639160e+01
3.864699387550354004e+01
2.960883951187133789e+01
2.112501525878906250e+01
2.992394351959228516e+01
5.245812654495239258e+01
2.361884307861328125e+01
2.707198500633239746e+01
1.981894922256469727e+01
2.160883235931396484e+01
4.398169112205505371e+01
3.839357614517211914e+01
2.893219470977783203e+01
2.421933078765869141e+01
2.857389783859252930e+01
3.844039702415466309e+01
2.341350626945495605e+01
2.378648495674133301e+01
1.294947671890258789e+01
2.497612071037292480e+01
2.470422816276550293e+01
1.418553137779235840e+01
3.238084864616394043e+01
2.295766496658325195e+01
2.706320905685424805e+01
3.914481568336486816e+01
1.628362536430358887e+01
3.421573400497436523e+01
2.279207038879394531e+01
1.357026600837707520e+01
1.636035704612731934e+01
2.365763568878173828e+01
2.675157833099365234e+01
1.258359527587890625e+01
3.067758870124816895e+01
2.791925263404846191e+01
3.335102415084838867e+01
2.166238451004028320e+01
2.950654220581054688e+01
2.187904191017150879e+01
2.806889057159423828e+01
3.644424128532409668e+01
9.418412208557128906e+00
3.548370170593261719e+01
1.143636417388916016e+01
4.404610872268676758e+01
2.910767745971679688e+01
1.291096186637878418e+01
1.701253938674926758e+01
2.023561859130859375e+01
1.492553877830505371e+01
1.725117373466491699e+01
2.040763902664184570e+01
4.099883556365966797e+01
1.538870882987976074e+01
3.624427032470703125e+01
3.262745618820190430e+01
3.025705122947692871e+01
2.129637336730957031e+01
2.443740415573120117e+01
1.172493624687194824e+01
3.995739507675170898e+01
2.122742938995361328e+01
2.399490046501159668e+01
3.638818907737731934e+01
2.620488262176513672e+01
1.906244778633117676e+01
3.066400122642517090e+01
3.218624830245971680e+01
2.191984200477600098e+01
3.286387991905212402e+01
1.076420259475708008e+01
2.911664485931396484e+01
2.339543318748474121e+01
3.924354386329650879e+01
1.942224216461181641e+01
3.480873298645019531e+01
3.021090555191040039e+01
2.380667066574096680e+01
1.841389656066894531e+01
1.754121112823486328e+01
2.962185311317443848e+01
2.530306482315063477e+01
2.281704354286193848e+01
4.240944933891296387e+01
3.489850640296936035e+01
3.105311417579650879e+01
3.008963990211486816e+01
3.365739083290100098e+01
2.255188155174255371e+01
2.408020162582397461e+01
2.742506241798400879e+01
2.503538155555725098e+01
4.611602163314819336e+01
2.749295830726623535e+01
2.784262537956237793e+01
3.565947723388671875e+01
2.633440566062927246e+01
2.125954532623291016e+01
3.842151355743408203e+01
1.327976012229919434e+01
2.547731995582580566e+01
2.517859792709350586e+01
2.178064227104187012e+01
2.724561953544616699e+01
1.992683506011962891e+01
2.701563715934753418e+01
3.897018122673034668e+01
4.165245747566223145e+01
2.577030920982360840e+01
4.374705290794372559e+01
1.947585034370422363e+01
5.169917845726013184e+01
4.761720013618469238e+01
2.670316529273986816e+01
3.456481361389160156e+01
1.570989298820495605e+01
3.240102505683898926e+01
3.103776121139526367e+01
4.163343620300292969e+01
1.484697842597961426e+01
1.563309478759765625e+01
4.192589592933654785e+01
3.013430953025817871e+01
3.201422262191772461e+01
3.127734279632568359e+01
1.745283389091491699e+01
3.012743473052978516e+01
2.367063021659851074e+01
1.685843873023986816e+01
3.333654808998107910e+01
2.731930446624755859e+01
2.005625367164611816e+01
1.761955142021179199e+01
3.074644231796264648e+01
1.810263609886169434e+01
1.699274134635925293e+01
4.287932300567626953e+01
1.934048128128051758e+01
2.308241558074951172e+01
1.910137701034545898e+01
1.806037688255310059e+01
1.976710796356201172e+01
2.089232945442199707e+01
2.153516793251037598e+01
3.783149766921997070e+01
3.087292885780334473e+01
3.482018566131591797e+01
4.551797819137573242e+01
1.793644380569458008e+01
4.682612347602844238e+01
1.572675609588623047e+01
3.876523852348327637e+01
3.565477156639099121e+01
4.730834555625915527e+01
2.652545022964477539e+01
2.068563413619995117e+01
1.637394571304321289e+01
2.760022163391113281e+01
2.168940925598144531e+01
1.670220685005187988e+01
3.034024429321289062e+01
1.837627005577087402e+01
3.831602287292480469e+01
4.106479287147521973e+01
4.011751270294189453e+01
4.018087053298950195e+01
2.546379804611206055e+01
3.957238960266113281e+01
1.450499296188354492e+01
3.418050789833068848e+01
2.459278488159179688e+01
1.821565747261047363e+01
3.873890233039855957e+01
3.018862700462341309e+01
3.469480943679809570e+01
6.448925185203552246e+01
3.331816244125366211e+01
2.522855162620544434e+01
1.691728782653808594e+01
1.979864192008972168e+01
1.661552023887634277e+01
1.801247143745422363e+01
1.864867949485778809e+01
2.810328316688537598e+01
2.253926467895507812e+01
4.514485764503479004e+01
2.204834318161010742e+01
3.199122095108032227e+01
3.405496144294738770e+01
2.783740139007568359e+01
2.891591024398803711e+01
3.442800354957580566e+01
2.225887131690979004e+01
2.130537700653076172e+01
2.430397319793701172e+01
2.916253352165222168e+01
2.542400217056274414e+01
4.025402641296386719e+01
1.873605108261108398e+01
1.568999743461608887e+01
2.891074490547180176e+01
1.730288577079772949e+01
4.172019720077514648e+01
2.849974274635314941e+01
2.966064715385437012e+01
2.485747122764587402e+01
2.192581439018249512e+01
2.518005800247192383e+01
3.237192559242248535e+01
3.331792330741882324e+01
4.338578462600708008e+01
1.051586151123046875e+01
2.878603386878967285e+01
2.955249166488647461e+01
2.375456190109252930e+01
1.713785433769226074e+01
3.142981553077697754e+01
1.355051231384277344e+01
2.216212320327758789e+01
2.753991651535034180e+01
4.081493449211120605e+01
4.688978695869445801e+01
2.764909934997558594e+01
2.421431064605712891e+01
1.808258461952209473e+01
3.667788314819335938e+01
2.912131619453430176e+01
3.337669873237609863e+01
1.782340574264526367e+01
3.124861788749694824e+01
2.567707490921020508e+01
2.050539755821228027e+01
3.002748179435729980e+01
2.766969466209411621e+01
4.153778886795043945e+01
2.042031335830688477e+01
4.259742498397827148e+01
2.470847272872924805e+01
2.099649643898010254e+01
4.021134448051452637e+01
2.075640201568603516e+01
1.692479658126831055e+01
6.918942666053771973e+01
4.384958481788635254e+01
3.609309864044189453e+01
5.023366451263427734e+01
3.388782596588134766e+01
1.979105830192565918e+01
4.374139428138732910e+01
3.165874838829040527e+01
1.580585980415344238e+01
3.963806867599487305e+01
4.412722325325012207e+01
5.101310205459594727e+01
1.855417418479919434e+01
3.029247307777404785e+01
2.722855067253112793e+01
2.585495114326477051e+01
6.596688127517700195e+01
2.260027337074279785e+01
3.416449975967407227e+01
2.057009911537170410e+01
5.312980198860168457e+01
2.315058016777038574e+01
2.512637519836425781e+01
2.044018268585205078e+01
2.391348218917846680e+01
1.482468962669372559e+01
1.655482339859008789e+01
2.413922548294067383e+01
2.155612087249755859e+01
2.229304933547973633e+01
2.195659542083740234e+01
3.556297969818115234e+01
3.648639845848083496e+01
3.022652339935302734e+01
3.752656483650207520e+01
3.746750974655151367e+01
1.820756125450134277e+01
3.545364594459533691e+01
2.342451596260070801e+01
1.936769104003906250e+01
2.206040906906127930e+01
2.404159307479858398e+01
2.650541138648986816e+01
1.587006092071533203e+01
3.352376151084899902e+01
2.848357129096984863e+01
2.984344696998596191e+01
4.064648938179016113e+01
4.490285277366638184e+01
2.845710062980651855e+01
2.974538660049438477e+01
3.569584417343139648e+01
2.381244778633117676e+01
3.389061617851257324e+01
2.567508649826049805e+01
4.644416594505310059e+01
4.125265550613403320e+01
1.349540042877197266e+01
3.526576113700866699e+01
2.553599452972412109e+01
1.981415796279907227e+01
2.007745647430419922e+01
3.680931973457336426e+01
3.597120404243469238e+01
4.168565249443054199e+01
3.924818372726440430e+01
3.696484136581420898e+01
2.727173328399658203e+01
2.037090992927551270e+01
2.017116165161132812e+01
2.245139122009277344e+01
1.788058567047119141e+01
2.860819983482360840e+01
3.571226525306701660e+01
2.844290876388549805e+01
2.232795357704162598e+01
3.776311016082763672e+01
1.923418045043945312e+01
1.683587384223937988e+01
3.333091664314270020e+01
1.094747328758239746e+01
2.312747955322265625e+01
2.798045897483825684e+01
2.001884913444519043e+01
2.574409890174865723e+01
2.665741014480590820e+01
1.345032739639282227e+01
2.360261893272399902e+01
2.499323439598083496e+01
4.788285923004150391e+01
3.157754111289978027e+01
2.070049095153808594e+01
4.587731838226318359e+01
2.652181911468505859e+01
2.305758452415466309e+01
4.116988539695739746e+01
2.540797281265258789e+01
2.448291087150573730e+01
3.895932102203369141e+01
3.829319882392883301e+01
3.578572893142700195e+01
1.943791794776916504e+01
2.124806547164916992e+01
2.572201633453369141e+01
1.203720116615295410e+01
8.323765277862548828e+00
5.227442145347595215e+01
3.057066011428833008e+01
1.755841135978698730e+01
1.407412481307983398e+01
1.963643836975097656e+01
3.992169356346130371e+01
2.728310465812683105e+01
2.497665643692016602e+01
3.178824830055236816e+01
4.522882986068725586e+01
2.517829084396362305e+01
4.230256366729736328e+01
2.359407711029052734e+01
3.324935817718505859e+01
3.299423098564147949e+01
1.787515211105346680e+01
3.309194755554199219e+01
2.120808601379394531e+01
1.575086402893066406e+01
2.427952361106872559e+01
3.836760973930358887e+01
2.149298501014709473e+01
3.127888846397399902e+01
5.535658836364746094e+01
5.170068860054016113e+01
2.215433382987976074e+01
1.203987646102905273e+01
3.736738896369934082e+01
3.107841038703918457e+01
4.273397588729858398e+01
2.323792314529418945e+01
2.769693088531494141e+01
2.778399682044982910e+01
3.215574932098388672e+01
3.785071563720703125e+01
3.055546784400939941e+01
2.513828253746032715e+01
1.985755896568298340e+01
2.081509375572204590e+01
3.147297000885009766e+01
1.735054135322570801e+01
7.329345226287841797e+00
2.084227991104125977e+01
1.034486579895019531e+01
4.358185291290283203e+01
5.123691606521606445e+01
3.467444849014282227e+01
3.661175894737243652e+01
2.688911557197570801e+01
3.951416826248168945e+01
2.574759173393249512e+01
1.349837875366210938e+01
3.861458683013916016e+01
1.661065030097961426e+01
2.448862552642822266e+01
1.386188602447509766e+01
1.514999270439147949e+01
2.555928158760070801e+01
1.308078598976135254e+01
3.355808901786804199e+01
2.125366997718811035e+01
2.077983903884887695e+01
5.814272236824035645e+01
4.687540221214294434e+01
4.163802504539489746e+01
2.793879580497741699e+01
1.905582237243652344e+01
1.673029899597167969e+01
9.250642538070678711e+00
2.724899864196777344e+01
1.673339867591857910e+01
2.114672541618347168e+01
1.987276506423950195e+01
4.363546514511108398e+01
3.897278165817260742e+01
1.443610763549804688e+01
2.134606742858886719e+01
4.368090224266052246e+01
4.337266945838928223e+01
2.578208065032958984e+01
2.516864061355590820e+01
2.624066090583801270e+01
2.349709296226501465e+01
5.563408827781677246e+01
2.671275138854980469e+01
4.875596380233764648e+01
1.668606138229370117e+01
4.774598598480224609e+01
2.744160342216491699e+01
4.271124100685119629e+01
4.289214444160461426e+01
2.602643275260925293e+01
3.462281680107116699e+01
2.692849421501159668e+01
2.898940873146057129e+01
2.744305872917175293e+01
3.617341065406799316e+01
4.892358183860778809e+01
2.010778832435607910e+01
2.297452759742736816e+01
3.795153331756591797e+01
4.768855905532836914e+01
3.326514124870300293e+01
2.032327580451965332e+01
3.512063717842102051e+01
3.223379254341125488e+01
2.637201786041259766e+01
4.473721408843994141e+01
1.766832852363586426e+01
2.571308660507202148e+01
4.464771533012390137e+01
2.985857248306274414e+01
2.606761527061462402e+01
3.179639220237731934e+01
5.297447133064270020e+01
2.898266553878784180e+01
3.163324117660522461e+01
4.616704368591308594e+01
2.477455639839172363e+01
3.174518704414367676e+01
5.348712873458862305e+01
3.098243451118469238e+01
4.769530105590820312e+01
4.594504213333129883e+01
2.401601457595825195e+01
4.327238345146179199e+01
4.287257146835327148e+01
3.291187858581542969e+01
3.363863563537597656e+01
3.129864835739135742e+01
4.621736741065979004e+01
2.059881329536437988e+01
6.213385605812072754e+01
2.802029156684875488e+01
2.224564480781555176e+01
2.496052455902099609e+01
1.714099168777465820e+01
4.492638826370239258e+01
3.079349660873413086e+01
2.537844181060791016e+01
3.029839062690734863e+01
3.039036822319030762e+01
3.535459017753601074e+01
2.827395081520080566e+01
2.901981711387634277e+01
2.818761110305786133e+01
3.042155671119689941e+01
3.521065735816955566e+01
3.290403652191162109e+01
3.181354260444641113e+01
1.755189371109008789e+01
4.949491238594055176e+01
2.670229983329772949e+01
5.000752592086791992e+01
2.585081696510314941e+01
4.231745409965515137e+01
2.335391831398010254e+01
2.212974643707275391e+01
3.433344483375549316e+01
2.279413938522338867e+01
2.535358071327209473e+01
2.710136318206787109e+01
1.122571158409118652e+01
2.178973317146301270e+01
6.533008646965026855e+01
3.295026946067810059e+01
2.506975388526916504e+01
3.520699977874755859e+01
2.560951519012451172e+01
2.739496088027954102e+01
3.110804271697998047e+01
3.778562235832214355e+01
4.884270501136779785e+01
2.307943892478942871e+01
3.096690082550048828e+01
3.622860574722290039e+01
2.718570923805236816e+01
2.731901764869689941e+01
2.460273194313049316e+01
1.798588347434997559e+01
3.356462812423706055e+01
2.548885393142700195e+01
3.249303293228149414e+01
3.373884272575378418e+01
2.344166874885559082e+01
3.702674126625061035e+01
3.210683560371398926e+01
3.209020853042602539e+01
3.005467915534973145e+01
2.946176671981811523e+01
2.484034705162048340e+01
2.898629546165466309e+01
2.925081372261047363e+01
2.690433311462402344e+01
2.982686352729797363e+01
3.957806730270385742e+01
1.856715369224548340e+01
1.786980724334716797e+01
4.325200271606445312e+01
4.238173055648803711e+01
4.036595916748046875e+01
1.280954670906066895e+01
2.569819521903991699e+01
4.885255455970764160e+01
9.244172096252441406e+00
1.540301275253295898e+01
3.182277131080627441e+01
3.652206683158874512e+01
3.729046630859375000e+01
2.654491496086120605e+01
3.008080625534057617e+01
7.133063793182373047e+00
2.347233700752258301e+01
4.177608895301818848e+01
4.207242941856384277e+01
2.295745658874511719e+01
4.203561377525329590e+01
3.233429646492004395e+01
2.371013426780700684e+01
3.155444335937500000e+01
2.017687559127807617e+01
3.366804838180541992e+01
1.875286197662353516e+01
2.924517607688903809e+01
2.912667655944824219e+01
2.995440030097961426e+01
2.794503617286682129e+01
3.197134900093078613e+01
3.172450780868530273e+01
2.555075192451477051e+01
4.258831119537353516e+01
3.293139266967773438e+01
3.422996115684509277e+01
3.559326076507568359e+01
1.473964285850524902e+01
3.648850464820861816e+01
4.429608345031738281e+01
2.064440584182739258e+01
3.014824247360229492e+01
3.667113518714904785e+01
4.351049995422363281e+01
1.733642673492431641e+01
2.477073049545288086e+01
3.447528457641601562e+01
2.396171927452087402e+01
3.483935618400573730e+01
4.328904771804809570e+01
3.328387856483459473e+01
1.418702912330627441e+01
4.293416142463684082e+01
4.631093907356262207e+01
3.637288689613342285e+01
1.959470462799072266e+01
2.877068257331848145e+01
2.377630496025085449e+01
1.709245395660400391e+01
3.422712826728820801e+01
1.073286604881286621e+01
6.238551068305969238e+01
6.083658337593078613e+01
2.108017325401306152e+01
1.719013643264770508e+01
4.577308177947998047e+01
5.211189579963684082e+01
1.808182644844055176e+01
4.722409176826477051e+01
2.340984153747558594e+01
2.242455911636352539e+01
1.426000428199768066e+01
2.309627532958984375e+01
3.366871738433837891e+01
1.744572114944458008e+01
2.609599781036376953e+01
6.704668045043945312e+01
2.816595292091369629e+01
1.872216272354125977e+01
1.871817898750305176e+01
4.659086179733276367e+01
2.679164171218872070e+01
1.586587786674499512e+01
2.994989895820617676e+01
2.166039991378784180e+01
1.612230134010314941e+01
2.333126950263977051e+01
1.955762457847595215e+01
1.732127571105957031e+01
1.300695705413818359e+01
2.013409066200256348e+01
2.200309753417968750e+01
1.850133109092712402e+01
3.714113640785217285e+01
2.630457592010498047e+01
4.681019711494445801e+01
3.233062744140625000e+01
2.163400387763977051e+01
2.009035038948059082e+01
3.700855541229248047e+01
1.691305470466613770e+01
2.784173703193664551e+01
2.040756559371948242e+01
5.150833153724670410e+01
2.080798864364624023e+01
2.085364341735839844e+01
3.885208368301391602e+01
2.930939531326293945e+01
2.119615817070007324e+01
2.079777121543884277e+01
2.000133419036865234e+01
2.255041718482971191e+01
2.291359877586364746e+01
2.272309350967407227e+01
2.199056196212768555e+01
2.989041709899902344e+01
2.811609983444213867e+01
2.333039808273315430e+01
2.238004016876220703e+01
3.947108650207519531e+01
2.826355481147766113e+01
3.129760694503784180e+01
2.288116908073425293e+01
3.279692625999450684e+01
2.531635332107543945e+01
2.367055058479309082e+01
3.555574560165405273e+01
2.087838220596313477e+01
3.615370917320251465e+01
2.142964839935302734e+01
4.600213289260864258e+01
2.017861890792846680e+01
2.248206591606140137e+01
2.112313103675842285e+01
2.396150636672973633e+01
9.694483995437622070e+00
2.459569883346557617e+01
5.413564872741699219e+01
3.426091003417968750e+01
2.533855581283569336e+01
3.074767994880676270e+01
2.618036031723022461e+01
1.582513093948364258e+01
2.190355920791625977e+01
2.340005826950073242e+01
2.468224883079528809e+01
3.306718850135803223e+01
2.885812139511108398e+01
2.530752348899841309e+01
2.609902286529541016e+01
2.203673267364501953e+01
4.317273068428039551e+01
3.230872392654418945e+01
2.613637280464172363e+01
1.831172537803649902e+01
2.359332704544067383e+01
2.039265561103820801e+01
2.684349489212036133e+01
2.462554693222045898e+01
2.242419314384460449e+01
2.196397829055786133e+01
2.339733624458312988e+01
2.005483770370483398e+01
1.807665467262268066e+01
1.648730325698852539e+01
1.831081342697143555e+01
1.938163948059082031e+01
2.760939216613769531e+01
2.856485891342163086e+01
2.736439538002014160e+01
2.420766186714172363e+01
3.725116372108459473e+01
4.038972854614257812e+01
3.117295384407043457e+01
1.977408933639526367e+01
2.253206515312194824e+01
2.332344770431518555e+01
3.247310686111450195e+01
3.047379517555236816e+01
5.474597454071044922e+01
1.349577498435974121e+01
3.224642920494079590e+01
1.807933115959167480e+01
5.317564773559570312e+01
1.515190577507019043e+01
2.621502780914306641e+01
1.811715531349182129e+01
1.996507000923156738e+01
4.992290472984313965e+01
2.502747321128845215e+01
2.071752953529357910e+01
2.470780467987060547e+01
2.289818382263183594e+01
1.974566221237182617e+01
2.141003942489624023e+01
1.367203021049499512e+01
4.961166381835937500e+01
2.042530417442321777e+01
3.537894129753112793e+01
2.303743648529052734e+01
1.063909220695495605e+01
3.784130167961120605e+01
1.272954916954040527e+01
7.537833213806152344e+00
1.625775599479675293e+01
2.991452908515930176e+01
1.170567440986633301e+01
1.578699207305908203e+01
2.488776731491088867e+01
2.880634117126464844e+01
2.519044113159179688e+01
1.578494167327880859e+01
3.060889554023742676e+01
2.889402723312377930e+01
2.675806999206542969e+01
2.813726067543029785e+01
1.161283326148986816e+01
2.331967806816101074e+01
3.484406471252441406e+01
1.259012651443481445e+01
2.997538948059082031e+01
1.226156806945800781e+01
1.918343067169189453e+01
2.750353813171386719e+01
2.766795015335083008e+01
2.981497573852539062e+01
1.657380366325378418e+01
2.789918947219848633e+01
2.183764624595642090e+01
3.001174449920654297e+01
3.608450651168823242e+01
2.262624669075012207e+01
2.524016952514648438e+01
2.025101089477539062e+01
2.481763648986816406e+01
2.598739981651306152e+01
2.856241202354431152e+01
3.261005759239196777e+01
3.217004919052124023e+01
6.387075352668762207e+01
2.204703330993652344e+01
2.252885484695434570e+01
2.304583835601806641e+01
1.550981903076171875e+01
2.261716413497924805e+01
3.576123237609863281e+01
2.215220808982849121e+01
1.886385154724121094e+01
2.082757616043090820e+01
1.660533237457275391e+01
2.446571636199951172e+01
2.362468528747558594e+01
2.501100063323974609e+01
3.374250984191894531e+01
3.990851068496704102e+01
2.591100478172302246e+01
3.388624787330627441e+01
2.865428400039672852e+01
2.538030433654785156e+01
2.739646315574645996e+01
1.671730160713195801e+01
2.300121474266052246e+01
2.352420902252197266e+01
2.981354928016662598e+01
2.592862915992736816e+01
2.030793833732604980e+01
3.709699463844299316e+01
4.004304242134094238e+01
3.929875779151916504e+01
1.217191791534423828e+01
1.836283135414123535e+01
4.036595225334167480e+01
3.628930640220642090e+01
1.754960274696350098e+01
4.207168793678283691e+01
1.341964721679687500e+01
3.488151860237121582e+01
3.884326910972595215e+01
2.004502677917480469e+01
3.820118808746337891e+01
2.555570006370544434e+01
1.628892612457275391e+01
1.683924055099487305e+01
2.224028110504150391e+01
3.864688205718994141e+01
1.121238589286804199e+01
1.337524509429931641e+01
3.420516014099121094e+01
1.848453044891357422e+01
1.882757496833801270e+01
2.099811458587646484e+01
1.859455680847167969e+01
2.544979739189147949e+01
2.775379157066345215e+01
1.610848283767700195e+01
3.054540801048278809e+01
1.558522081375122070e+01
2.097484469413757324e+01
3.441887521743774414e+01
1.691012859344482422e+01
2.452184009552001953e+01
3.510187077522277832e+01
3.375948810577392578e+01
3.451424670219421387e+01
2.359797143936157227e+01
1.897220468521118164e+01
3.869832587242126465e+01
3.329468250274658203e+01
1.256692051887512207e+01
2.528707289695739746e+01
1.141688847541809082e+01
3.354996109008789062e+01
2.552828025817871094e+01
3.911569523811340332e+01
2.374768447875976562e+01
4.022733306884765625e+01
3.829588651657104492e+01
1.728410029411315918e+01
3.554697060585021973e+01
2.980372834205627441e+01
2.986696553230285645e+01
3.474747586250305176e+01
3.161987090110778809e+01
5.300855946540832520e+01
1.798086762428283691e+01
1.758681702613830566e+01
3.097037100791931152e+01
2.018308544158935547e+01
1.932238411903381348e+01
4.243119740486145020e+01
3.275887155532836914e+01
3.135702037811279297e+01
2.227262592315673828e+01
4.590359997749328613e+01
1.886260223388671875e+01
2.232403135299682617e+01
2.018419837951660156e+01
3.631669569015502930e+01
1.697185444831848145e+01
1.858317375183105469e+01
4.505826425552368164e+01
1.219191575050354004e+01
3.361374044418334961e+01
1.864061260223388672e+01
4.409928202629089355e+01
1.846113705635070801e+01
4.235092020034790039e+01
3.420358324050903320e+01
2.787064504623413086e+01
3.499923539161682129e+01
2.310069298744201660e+01
2.078775191307067871e+01
3.629557132720947266e+01
2.141345024108886719e+01
2.248242592811584473e+01
4.170359158515930176e+01
3.014083194732666016e+01
2.961006641387939453e+01
1.952635622024536133e+01
4.119645261764526367e+01
2.787882018089294434e+01
3.678741621971130371e+01
3.027683210372924805e+01
3.485971212387084961e+01
4.408221459388732910e+01
2.687912631034851074e+01
2.507620978355407715e+01
2.202704453468322754e+01
4.346818399429321289e+01
2.372700762748718262e+01
2.395270991325378418e+01
3.092944765090942383e+01
2.670760607719421387e+01
2.776085567474365234e+01
4.263989377021789551e+01
1.828944587707519531e+01
2.362644815444946289e+01
2.815868830680847168e+01
2.542185258865356445e+01
2.105947780609130859e+01
3.389175391197204590e+01
1.851436138153076172e+01
2.575422549247741699e+01
2.673989057540893555e+01
3.082786464691162109e+01
3.112929868698120117e+01
2.071913456916809082e+01
1.748238110542297363e+01
2.785825228691101074e+01
2.335431528091430664e+01
3.190088057518005371e+01
3.741050696372985840e+01
3.864766049385070801e+01
4.118479800224304199e+01
2.846140289306640625e+01
2.522207355499267578e+01
3.401840710639953613e+01
3.205567526817321777e+01
3.522988009452819824e+01
3.066165041923522949e+01
2.376009678840637207e+01
1.987901782989501953e+01
2.471304392814636230e+01
2.246592068672180176e+01
1.998277211189270020e+01
1.283972191810607910e+01
4.012607812881469727e+01
1.629336500167846680e+01
2.434093880653381348e+01
3.630694055557250977e+01
2.835240054130554199e+01
2.901978015899658203e+01
2.090682959556579590e+01
2.247843503952026367e+01
1.740756249427795410e+01
3.033347010612487793e+01
3.281193804740905762e+01
2.360531997680664062e+01
5.225604248046875000e+01
3.925359988212585449e+01
4.380154371261596680e+01
4.574353718757629395e+01
1.204098606109619141e+01
1.527587056159973145e+01
3.154607224464416504e+01
1.823298192024230957e+01
1.789358425140380859e+01
1.614171433448791504e+01
1.551535940170288086e+01
2.032941532135009766e+01
1.938941311836242676e+01
1.735837626457214355e+01
3.002404665946960449e+01
3.010047626495361328e+01
3.524050283432006836e+01
3.137882590293884277e+01
2.189839887619018555e+01
2.911611366271972656e+01
4.485360026359558105e+01
4.779216265678405762e+01
2.905943655967712402e+01
2.043707132339477539e+01
3.323548841476440430e+01
3.207041382789611816e+01
3.746814465522766113e+01
1.931995820999145508e+01
5.678010416030883789e+01
3.761867117881774902e+01
3.144724106788635254e+01
2.928691053390502930e+01
2.463325572013854980e+01
2.769243049621582031e+01
2.508912181854248047e+01
2.160698771476745605e+01
2.662206053733825684e+01
2.974169063568115234e+01
3.272214531898498535e+01
3.211910653114318848e+01
3.152542996406555176e+01
3.461518955230712891e+01
3.217015051841735840e+01
3.034684181213378906e+01
1.705474233627319336e+01
1.655687928199768066e+01
5.466096591949462891e+01
3.048588466644287109e+01
3.655500245094299316e+01
3.531869268417358398e+01
3.322866582870483398e+01
2.976843690872192383e+01
2.178478789329528809e+01
3.604294347763061523e+01
2.955195164680480957e+01
1.949940419197082520e+01
1.776336455345153809e+01
3.272377943992614746e+01
2.287374663352966309e+01
3.874875640869140625e+01
4.828086280822753906e+01
3.778262448310852051e+01
3.429499959945678711e+01
3.521098184585571289e+01
5.919965243339538574e+01
3.922538661956787109e+01
3.522457981109619141e+01
3.637267923355102539e+01
3.664998841285705566e+01
3.653970336914062500e+01
2.225630307197570801e+01
2.562461471557617188e+01
2.274914741516113281e+01
2.751633286476135254e+01
2.701530313491821289e+01
3.522624135017395020e+01
5.360904312133789062e+01
3.418999171257019043e+01
1.749799466133117676e+01
1.783442091941833496e+01
2.228606772422790527e+01
4.881294536590576172e+01
3.008403849601745605e+01
4.088704562187194824e+01
3.315711903572082520e+01
4.910014533996582031e+01
3.694124269485473633e+01
3.830230903625488281e+01
3.617485046386718750e+01
3.800569629669189453e+01
3.381156897544860840e+01
1.924175667762756348e+01
3.660220551490783691e+01
1.437831497192382812e+01
4.880691123008728027e+01
2.059295845031738281e+01
3.198508000373840332e+01
1.349326348304748535e+01
3.273506855964660645e+01
2.949468588829040527e+01
2.330487370491027832e+01
3.715062618255615234e+01
1.486257338523864746e+01
2.483201265335083008e+01
1.242285776138305664e+01
4.570220780372619629e+01
4.478052163124084473e+01
2.538403868675231934e+01
1.520540285110473633e+01
1.425021386146545410e+01
2.850474023818969727e+01
2.528021121025085449e+01
1.681943774223327637e+01
2.548403739929199219e+01
1.863166165351867676e+01
2.405203390121459961e+01
1.584720015525817871e+01
1.744566321372985840e+01
2.012384772300720215e+01
1.988516592979431152e+01
1.674555134773254395e+01
3.822809863090515137e+01
2.671992850303649902e+01
1.853417944908142090e+01
2.297231054306030273e+01
2.814335179328918457e+01
1.934805011749267578e+01
2.381979703903198242e+01
2.640667390823364258e+01
1.678259730339050293e+01
1.795619773864746094e+01
7.916783332824707031e+00
1.853726673126220703e+01
2.710611724853515625e+01
3.970146584510803223e+01
2.440651845932006836e+01
1.825013542175292969e+01
2.865888476371765137e+01
4.223549008369445801e+01
2.836834645271301270e+01
4.394440293312072754e+01
4.574889755249023438e+01
1.439195990562438965e+01
1.968203926086425781e+01
2.670115756988525391e+01
3.038708329200744629e+01
1.984273743629455566e+01
2.380470752716064453e+01
1.822774791717529297e+01
2.014150381088256836e+01
3.268427348136901855e+01
3.135320949554443359e+01
1.819793176651000977e+01
2.236236214637756348e+01
4.529851174354553223e+01
2.034213709831237793e+01
7.291507959365844727e+00
1.089509057998657227e+01
2.651529645919799805e+01
2.282461881637573242e+01
4.480854034423828125e+01
2.879909801483154297e+01
2.563174057006835938e+01
2.339208579063415527e+01
1.715093183517456055e+01
3.002902293205261230e+01
4.707949090003967285e+01
2.234377288818359375e+01
2.103227019309997559e+01
2.240113139152526855e+01
3.186462759971618652e+01
2.279865789413452148e+01
4.469511365890502930e+01
3.029139661788940430e+01
1.089687204360961914e+01
2.278453230857849121e+01
4.241599726676940918e+01
3.215864157676696777e+01
2.970663571357727051e+01
2.253410315513610840e+01
1.748023080825805664e+01
3.124350786209106445e+01
3.052582955360412598e+01
2.245352244377136230e+01
3.626743817329406738e+01
3.332653903961181641e+01
1.326636481285095215e+01
1.183456516265869141e+01
2.550931787490844727e+01
3.284948492050170898e+01
3.042813777923583984e+01
2.100672984123229980e+01
2.949202060699462891e+01
1.465711569786071777e+01
3.425060510635375977e+01
3.551125955581665039e+01
1.518348908424377441e+01
2.844461441040039062e+01
3.359874320030212402e+01
3.329201936721801758e+01
1.072544670104980469e+01
1.568995881080627441e+01
2.771139454841613770e+01
5.000440931320190430e+01
4.663529419898986816e+01
2.448697805404663086e+01
1.662537646293640137e+01
3.634848833084106445e+01
2.013316392898559570e+01
1.755022692680358887e+01
1.765276741981506348e+01
1.961035919189453125e+01
1.917290401458740234e+01
3.105285596847534180e+01
3.317559027671813965e+01
1.907725596427917480e+01
1.727752733230590820e+01
2.080325269699096680e+01
3.062328243255615234e+01
2.767772555351257324e+01
2.795817232131958008e+01
4.089226222038269043e+01
1.960126805305480957e+01
1.891404509544372559e+01
1.834632349014282227e+01
1.764748597145080566e+01
1.924661159515380859e+01
2.401265048980712891e+01
2.770865273475646973e+01
6.575503468513488770e+01
2.868444705009460449e+01
2.070620083808898926e+01
5.075426673889160156e+01
1.557268548011779785e+01
1.425699496269226074e+01
3.278949999809265137e+01
4.020778822898864746e+01
2.090089368820190430e+01
1.543276357650756836e+01
3.400661420822143555e+01
1.419179844856262207e+01
1.659458088874816895e+01
2.504877471923828125e+01
2.368468594551086426e+01
2.392616343498229980e+01
2.283104968070983887e+01
2.172343635559082031e+01
2.119820261001586914e+01
1.833189272880554199e+01
2.394716167449951172e+01
2.435649490356445312e+01
2.760146188735961914e+01
3.325135755538940430e+01
1.297397565841674805e+01
2.065325713157653809e+01
2.266600537300109863e+01
4.393197965621948242e+01
3.151846122741699219e+01
2.363719367980957031e+01
2.774097895622253418e+01
2.821634078025817871e+01
2.704439902305603027e+01
1.867915034294128418e+01
2.890015816688537598e+01
2.308197927474975586e+01
3.323296618461608887e+01
2.675934934616088867e+01
2.540563297271728516e+01
4.055770611763000488e+01
3.046896123886108398e+01
3.603704190254211426e+01
3.803144812583923340e+01
4.221546864509582520e+01
2.727448487281799316e+01
2.418562507629394531e+01
1.547948718070983887e+01
2.885422778129577637e+01
2.609436869621276855e+01
3.909231543540954590e+01
2.958947825431823730e+01
3.178564906120300293e+01
4.007587814331054688e+01
3.235205817222595215e+01
2.548800110816955566e+01
5.948124647140502930e+01
4.758596754074096680e+01
3.133080220222473145e+01
2.987240815162658691e+01
2.840063047409057617e+01
3.182511901855468750e+01
2.998691272735595703e+01
2.454343938827514648e+01
4.055850219726562500e+01
2.986039662361145020e+01
4.005069470405578613e+01
2.887295818328857422e+01
3.268982958793640137e+01
1.869493961334228516e+01
4.045742130279541016e+01
4.057763648033142090e+01
2.580133390426635742e+01
3.073586821556091309e+01
2.957980847358703613e+01
3.104444074630737305e+01
4.160696840286254883e+01
3.227496695518493652e+01
2.375559830665588379e+01
1.348371601104736328e+01
2.062952208518981934e+01
3.500644111633300781e+01
1.667121624946594238e+01
3.604161405563354492e+01
2.792143988609313965e+01
3.565000152587890625e+01
2.316822028160095215e+01
2.952901506423950195e+01
3.379957699775695801e+01
3.738958334922790527e+01
2.976560401916503906e+01
1.868567061424255371e+01
2.700701284408569336e+01
3.697109532356262207e+01
3.691605901718139648e+01
3.618401074409484863e+01
2.691900491714477539e+01
3.598414015769958496e+01
2.957872724533081055e+01
2.513982820510864258e+01
3.386820411682128906e+01
1.851417016983032227e+01
3.580024480819702148e+01
1.791483187675476074e+01
3.885910272598266602e+01
3.502163290977478027e+01
2.510223317146301270e+01
2.755688285827636719e+01
1.872104716300964355e+01
3.808398842811584473e+01
2.854509162902832031e+01
2.878684926033020020e+01
3.861796450614929199e+01
3.701345252990722656e+01
1.750578451156616211e+01
3.712337350845336914e+01
2.196436929702758789e+01
3.761712646484375000e+01
2.875972795486450195e+01
1.714147615432739258e+01
3.725523710250854492e+01
1.544768047332763672e+01
3.834732937812805176e+01
3.191021275520324707e+01
5.692552328109741211e+00
2.993078231811523438e+01
1.821185708045959473e+01
2.753353786468505859e+01
2.478868412971496582e+01
2.515829086303710938e+01
2.828367638587951660e+01
1.995751285552978516e+01
2.907203197479248047e+01
2.959599447250366211e+01
2.540051245689392090e+01
1.450919365882873535e+01
2.841251373291015625e+01
1.606601333618164062e+01
2.120828032493591309e+01
4.233553099632263184e+01
3.035899877548217773e+01
3.742391991615295410e+01
2.447793436050415039e+01
3.032561278343200684e+01
1.584512090682983398e+01
4.048087525367736816e+01
2.992062783241271973e+01
3.425450682640075684e+01
1.953634262084960938e+01
1.579082894325256348e+01
2.998566079139709473e+01
2.554035592079162598e+01
2.209664916992187500e+01
4.110366463661193848e+01
3.217103004455566406e+01
1.100288724899291992e+01
3.652546215057373047e+01
4.221502685546875000e+01
3.885657811164855957e+01
1.145282649993896484e+01
5.266119074821472168e+01
2.128571343421936035e+01
4.228330707550048828e+01
2.070112466812133789e+01
3.270529055595397949e+01
2.957209396362304688e+01
3.428086757659912109e+01
5.462361836433410645e+01
2.954276013374328613e+01
3.297325778007507324e+01
1.342755007743835449e+01
2.451092171669006348e+01
3.686545467376708984e+01
4.599971866607666016e+01
2.868144774436950684e+01
3.214706563949584961e+01
2.545945549011230469e+01
3.496152305603027344e+01
1.921131539344787598e+01
1.686650466918945312e+01
2.287925624847412109e+01
3.647043395042419434e+01
3.194718933105468750e+01
4.519285631179809570e+01
3.400531196594238281e+01
1.691854548454284668e+01
2.761328959465026855e+01
3.246098351478576660e+01
3.232198143005371094e+01
2.759396576881408691e+01
2.247969913482666016e+01
1.374938058853149414e+01
1.879331350326538086e+01
3.368487405776977539e+01
2.880317783355712891e+01
1.645153594017028809e+01
3.506124138832092285e+01
1.495127058029174805e+01
2.579704785346984863e+01
2.867081379890441895e+01
3.702174091339111328e+01
1.787929272651672363e+01
2.264785075187683105e+01
2.961765503883361816e+01
2.152548456192016602e+01
5.197517919540405273e+01
3.084720015525817871e+01
1.905448317527770996e+01
3.541049528121948242e+01
1.556044101715087891e+01
5.206491708755493164e+01
3.954651546478271484e+01
2.382908010482788086e+01
3.393867230415344238e+01
3.252957391738891602e+01
1.359999513626098633e+01
3.390659093856811523e+01
1.382145571708679199e+01
3.879441618919372559e+01
2.187886619567871094e+01
1.397505164146423340e+01
4.911308526992797852e+01
2.546075224876403809e+01
2.554820203781127930e+01
4.068703961372375488e+01
2.219068884849548340e+01
1.757233285903930664e+01
3.401145243644714355e+01
1.812918806076049805e+01
2.133317470550537109e+01
2.248195886611938477e+01
2.241634011268615723e+01
1.433950734138488770e+01
4.380786275863647461e+01
2.504008841514587402e+01
4.114312005043029785e+01
4.179185223579406738e+01
1.986766028404235840e+01
1.970975422859191895e+01
2.297175264358520508e+01
3.264822030067443848e+01
2.214890193939208984e+01
1.772604417800903320e+01
2.671448087692260742e+01
2.943496322631835938e+01
2.551612758636474609e+01
2.524715590476989746e+01
2.737389278411865234e+01
2.142143678665161133e+01
2.428377747535705566e+01
4.196856260299682617e+01
1.624904751777648926e+01
4.285150957107543945e+01
4.434114623069763184e+01
1.802249622344970703e+01
1.918952155113220215e+01
3.373390221595764160e+01
1.733337068557739258e+01
1.585450625419616699e+01
3.082396149635314941e+01
2.896577954292297363e+01
1.692707133293151855e+01
2.454869937896728516e+01
2.548128914833068848e+01
1.361963152885437012e+01
2.178740811347961426e+01
3.023942041397094727e+01
2.268067932128906250e+01
6.169354343414306641e+01
2.067638111114501953e+01
1.870496344566345215e+01
4.018080043792724609e+01
3.101454973220825195e+01
2.095874404907226562e+01
2.543381261825561523e+01
3.333073711395263672e+01
2.002313399314880371e+01
3.294481587409973145e+01
2.300904536247253418e+01
1.896411323547363281e+01
2.374541854858398438e+01
3.204262852668762207e+01
3.209059858322143555e+01
2.020816040039062500e+01
2.894701719284057617e+01
4.735174536705017090e+01
2.556112837791442871e+01
2.581138086318969727e+01
1.933300209045410156e+01
2.424790477752685547e+01
3.817221927642822266e+01
2.458695602416992188e+01
2.323128223419189453e+01
2.877164697647094727e+01
1.365607595443725586e+01
2.690387868881225586e+01
2.122288131713867188e+01
2.845129537582397461e+01
2.310706210136413574e+01
3.971017003059387207e+01
2.786521625518798828e+01
4.280451631546020508e+01
2.291106390953063965e+01
2.518192625045776367e+01
2.992459249496459961e+01
3.243608975410461426e+01
2.190095520019531250e+01
1.946009778976440430e+01
3.755243158340454102e+01
1.438333964347839355e+01
3.090361905097961426e+01
5.630155467987060547e+01
3.714433956146240234e+01
2.560821056365966797e+01
2.530449342727661133e+01
2.645722293853759766e+01
2.979228019714355469e+01
2.896718859672546387e+01
3.197549223899841309e+01
2.723087501525878906e+01
3.045428228378295898e+01
3.416667437553405762e+01
2.926187419891357422e+01
2.230378055572509766e+01
5.227990269660949707e+01
1.886317205429077148e+01
1.916015601158142090e+01
2.597269177436828613e+01
3.035798120498657227e+01
2.434969067573547363e+01
1.694860076904296875e+01
4.914513945579528809e+01
1.620379090309143066e+01
4.576958441734313965e+01
4.211772179603576660e+01
2.030964303016662598e+01
3.798171520233154297e+01
2.889243125915527344e+01
3.263592195510864258e+01
3.392096328735351562e+01
6.487446331977844238e+01
3.216821098327636719e+01
1.933467912673950195e+01
2.605638408660888672e+01
3.032298493385314941e+01
1.370521402359008789e+01
2.657455325126647949e+01
3.498463630676269531e+01
4.711001968383789062e+01
2.604149413108825684e+01
2.225816488265991211e+01
3.896716403961181641e+01
2.792907571792602539e+01
3.119147491455078125e+01
2.296395635604858398e+01
5.875930142402648926e+01
2.271988058090209961e+01
3.838969278335571289e+01
3.979606938362121582e+01
2.370001125335693359e+01
1.858296060562133789e+01
3.672221422195434570e+01
1.794406533241271973e+01
2.195446825027465820e+01
1.646576929092407227e+01
3.762734293937683105e+01
1.582700824737548828e+01
3.254560828208923340e+01
1.847502231597900391e+01
3.194074916839599609e+01
9.819044589996337891e+00
1.842323231697082520e+01
3.803686881065368652e+01
5.223581242561340332e+01
2.463314843177795410e+01
2.312230944633483887e+01
1.611598277091979980e+01
3.401384639739990234e+01
3.159478759765625000e+01
3.388724970817565918e+01
2.541671991348266602e+01
2.287063717842102051e+01
3.923083448410034180e+01
2.445330429077148438e+01
3.430729436874389648e+01
2.425695180892944336e+01
1.397768020629882812e+01
2.513463211059570312e+01
2.099128222465515137e+01
2.001766395568847656e+01
2.734226274490356445e+01
2.243156576156616211e+01
3.947086739540100098e+01
2.634895062446594238e+01
2.644703221321105957e+01
3.050168967247009277e+01
3.061698007583618164e+01
3.487104606628417969e+01
3.938835930824279785e+01
2.596085190773010254e+01
4.374225831031799316e+01
3.876141691207885742e+01
2.809463977813720703e+01
2.139093351364135742e+01
1.455434417724609375e+01
2.596199250221252441e+01
3.625752449035644531e+00
4.496681666374206543e+01
2.926152920722961426e+01
1.526486563682556152e+01
1.161330056190490723e+01
1.187071585655212402e+01
3.405688238143920898e+01
2.189716148376464844e+01
1.886604809761047363e+01
4.440591001510620117e+01
3.354292845726013184e+01
2.831057262420654297e+01
3.640027022361755371e+01
1.908849620819091797e+01
9.794835805892944336e+00
2.012190508842468262e+01
3.619524002075195312e+01
3.099873948097229004e+01
3.255118036270141602e+01
2.524885201454162598e+01
1.291635704040527344e+01
3.331849265098571777e+01
1.158638739585876465e+01
1.851986122131347656e+01
2.242991280555725098e+01
2.679150438308715820e+01
4.565565681457519531e+01
2.223808383941650391e+01
1.714082503318786621e+01
3.385676741600036621e+01
1.955101561546325684e+01
2.548400759696960449e+01
2.645588350296020508e+01
1.990646553039550781e+01
3.126460647583007812e+01
8.392163515090942383e+00
2.866377115249633789e+01
2.914312720298767090e+01
1.794204854965209961e+01
1.525456500053405762e+01
1.244289016723632812e+01
1.913737201690673828e+01
2.170134115219116211e+01
1.066321611404418945e+01
3.363498926162719727e+01
1.769085717201232910e+01
2.995562934875488281e+01
2.298937654495239258e+01
2.938905692100524902e+01
4.865283107757568359e+01
2.058420848846435547e+01
1.422146916389465332e+01
3.679424190521240234e+01
1.932799863815307617e+01
1.117594981193542480e+01
4.412094569206237793e+01
8.984730482101440430e+00
1.662533164024353027e+01
1.677075695991516113e+01
2.512234520912170410e+01
1.292029929161071777e+01
3.708632087707519531e+01
3.881181311607360840e+01
3.432978081703186035e+01
1.383735013008117676e+01
1.764347743988037109e+01
2.717857122421264648e+01
7.300894021987915039e+00
2.503192901611328125e+01
1.704794359207153320e+01
1.204582118988037109e+01
2.844767689704895020e+01
2.100097155570983887e+01
1.921726226806640625e+01
2.232732200622558594e+01
2.349545669555664062e+01
2.328789377212524414e+01
9.260764598846435547e+00
9.249182224273681641e+00
1.027086830139160156e+01
9.254534006118774414e+00
2.104866480827331543e+01
2.106690692901611328e+01
1.794009184837341309e+01
3.170831155776977539e+01
1.927377653121948242e+01
2.659442472457885742e+01
2.032513880729675293e+01
2.225303101539611816e+01
2.930128145217895508e+01
1.082282924652099609e+01
2.047377443313598633e+01
2.494517540931701660e+01
2.708617448806762695e+01
1.468605351448059082e+01
2.315232729911804199e+01
2.927660202980041504e+01
1.759454274177551270e+01
2.118531155586242676e+01
2.364826154708862305e+01
1.563757181167602539e+01
1.610670089721679688e+01
1.936660981178283691e+01
1.066283583641052246e+01
1.132947635650634766e+01
2.631162881851196289e+01
1.215845537185668945e+01
2.155041956901550293e+01
8.624732971191406250e+00
1.980503487586975098e+01
1.306498241424560547e+01
1.221703934669494629e+01
1.689768171310424805e+01
1.702199530601501465e+01
2.370265936851501465e+01
2.819148659706115723e+01
5.332279682159423828e+01
2.345223617553710938e+01
1.834702944755554199e+01
2.330982446670532227e+01
2.844040417671203613e+01
1.651101517677307129e+01
2.361954760551452637e+01
2.484349751472473145e+01
2.303359627723693848e+01
2.360067939758300781e+01
3.388291764259338379e+01
3.521949219703674316e+01
7.395130157470703125e+00
1.106208920478820801e+01
2.424209809303283691e+01
2.903703904151916504e+01
1.054038310050964355e+01
2.369627308845520020e+01
1.380635857582092285e+01
1.954875397682189941e+01
2.812206697463989258e+01
4.473258590698242188e+01
2.466955542564392090e+01
1.907139372825622559e+01
1.886290335655212402e+01
1.805714106559753418e+01
3.329317212104797363e+01
1.943074011802673340e+01
1.164384961128234863e+01
1.761061596870422363e+01
1.791173529624938965e+01
2.669840836524963379e+01
2.686466455459594727e+01
2.504935741424560547e+01
2.110374045372009277e+01
2.194629478454589844e+01
2.885504722595214844e+01
2.881776738166809082e+01
3.092124223709106445e+01
3.058933615684509277e+01
2.139259076118469238e+01
3.082907795906066895e+01
2.532620525360107422e+01
1.987569546699523926e+01
3.249199271202087402e+01
1.837559413909912109e+01
1.201512718200683594e+01
1.543613719940185547e+01
1.752209877967834473e+01
2.317004203796386719e+01
3.397425413131713867e+01
1.048395276069641113e+01
1.347311687469482422e+01
3.528416109085083008e+01
3.083579945564270020e+01
1.449006986618041992e+01
1.363685321807861328e+01
1.399333119392395020e+01
2.912705683708190918e+01
2.211306953430175781e+01
1.807504248619079590e+01
1.833279871940612793e+01
3.791243743896484375e+01
2.222601890563964844e+01
3.770325374603271484e+01
2.551959061622619629e+01
1.857316875457763672e+01
2.375762891769409180e+01
2.700088381767272949e+01
3.839324736595153809e+01
3.517300581932067871e+01
2.245746803283691406e+01
1.373474407196044922e+01
2.798215866088867188e+01
1.646107411384582520e+01
3.035687160491943359e+01
2.487959814071655273e+01
2.134645652770996094e+01
3.002439022064208984e+01
2.447833037376403809e+01
4.214105892181396484e+01
1.331293559074401855e+01
2.142250490188598633e+01
2.158050847053527832e+01
2.617594313621520996e+01
1.869603037834167480e+01
1.632550358772277832e+01
1.396438694000244141e+01
2.297757577896118164e+01
1.563840651512145996e+01
4.078865194320678711e+01
1.847752332687377930e+01
4.144384407997131348e+01
3.650810503959655762e+01
2.413854169845581055e+01
2.103435635566711426e+01
4.313183975219726562e+01
2.685202813148498535e+01
1.181102085113525391e+01
1.490279912948608398e+01
2.874269270896911621e+01
2.086975026130676270e+01
3.268794298171997070e+01
2.017406797409057617e+01
2.747632741928100586e+01
2.041323399543762207e+01
1.228278279304504395e+01
2.336263227462768555e+01
2.548397803306579590e+01
1.290573525428771973e+01
2.210533046722412109e+01
2.146140623092651367e+01
3.608577346801757812e+01
2.969302296638488770e+01
4.350209593772888184e+01
2.117160391807556152e+01
2.297578835487365723e+01
2.778141546249389648e+01
2.072517395019531250e+01
2.717790174484252930e+01
2.402900838851928711e+01
1.076285958290100098e+01
2.395257115364074707e+01
4.716640830039978027e+01
2.772090196609497070e+01
8.634802103042602539e+00
9.428864479064941406e+00
2.802824592590332031e+01
2.057280826568603516e+01
1.182606387138366699e+01
2.503807878494262695e+01
2.355740427970886230e+01
3.179597973823547363e+01
2.628775191307067871e+01
3.786952447891235352e+01
4.202611994743347168e+01
3.082383418083190918e+01
1.270797824859619141e+01
3.456189250946044922e+01
2.751729846000671387e+01
2.587117743492126465e+01
2.307495594024658203e+01
2.663810157775878906e+01
3.245678520202636719e+01
9.602104425430297852e+00
4.103921031951904297e+01
2.248369550704956055e+01
1.439887022972106934e+01
3.559182500839233398e+01
2.760937547683715820e+01
2.751802277565002441e+01
3.034890580177307129e+01
3.924823260307312012e+01
2.365676021575927734e+01
2.401519608497619629e+01
1.260282659530639648e+01
3.498166561126708984e+01
4.221824145317077637e+01
4.446603965759277344e+01
2.160861182212829590e+01
1.292641305923461914e+01
1.608139133453369141e+01
2.021808123588562012e+01
2.859217238426208496e+01
2.839481639862060547e+01
2.217974352836608887e+01
1.320366787910461426e+01
2.441792869567871094e+01
3.499229288101196289e+01
3.945571446418762207e+01
1.652851319313049316e+01
3.468276453018188477e+01
2.523734474182128906e+01
1.716149783134460449e+01
3.475150609016418457e+01
2.387702393531799316e+01
1.262191104888916016e+01
2.582590651512145996e+01
2.153328561782836914e+01
2.132473611831665039e+01
3.723328638076782227e+01
3.676432967185974121e+01
3.441254425048828125e+01
3.647821116447448730e+01
1.938229680061340332e+01
2.250706934928894043e+01
3.832209563255310059e+01
1.652027559280395508e+01
3.512034225463867188e+01
1.823287367820739746e+01
3.534463620185852051e+01
2.036959171295166016e+01
4.980277395248413086e+01
2.156241345405578613e+01
1.706712675094604492e+01
2.200082659721374512e+01
2.674197936058044434e+01
2.689978480339050293e+01
2.287047433853149414e+01
2.459535241127014160e+01
2.399576663970947266e+01
2.255022764205932617e+01
2.066836309432983398e+01
1.763982939720153809e+01
1.776578617095947266e+01
3.163359165191650391e+01
1.929897594451904297e+01
3.653281068801879883e+01
2.116530513763427734e+01
2.073275756835937500e+01
2.243374061584472656e+01
2.486981129646301270e+01
3.229461145401000977e+01
2.864011287689208984e+01
2.328082585334777832e+01
8.336712598800659180e+00
2.638823151588439941e+01
1.698744249343872070e+01
2.600183200836181641e+01
2.999958848953247070e+01
3.108698654174804688e+01
1.973012304306030273e+01
4.442126488685607910e+01
1.643893647193908691e+01
2.560527181625366211e+01
2.205652332305908203e+01
3.430990505218505859e+01
1.014377427101135254e+01
2.180260944366455078e+01
1.637553882598876953e+01
2.941156220436096191e+01
3.396709990501403809e+01
3.588957834243774414e+01
2.198226571083068848e+01
1.133558177947998047e+01
4.401357340812683105e+01
2.237771463394165039e+01
3.711792993545532227e+01
2.738807606697082520e+01
2.058256793022155762e+01
1.982974076271057129e+01
2.729096579551696777e+01
3.331982731819152832e+01
4.457494544982910156e+01
2.368564343452453613e+01
2.071966767311096191e+01
2.206379938125610352e+01
3.722871756553649902e+01
1.998317480087280273e+01
1.095202708244323730e+01
4.193981957435607910e+01
2.815187144279479980e+01
2.812838959693908691e+01
2.835465812683105469e+01
2.433034729957580566e+01
2.458497357368469238e+01
1.816396498680114746e+01
2.716636657714843750e+01
3.002699041366577148e+01
2.065539884567260742e+01
2.358884835243225098e+01
7.907087087631225586e+00
5.234324884414672852e+01
3.765909385681152344e+01
5.391121196746826172e+01
3.497684288024902344e+01
2.168765711784362793e+01
2.922421860694885254e+01
2.842667770385742188e+01
2.308272576332092285e+01
2.778987455368041992e+01
2.591883468627929688e+01
1.657600092887878418e+01
1.770465493202209473e+01
3.029674267768859863e+01
8.817685365676879883e+00
1.775396299362182617e+01
2.900972533226013184e+01
2.781255269050598145e+01
1.137684249877929688e+01
2.021311187744140625e+01
3.478592586517333984e+01
3.183652091026306152e+01
1.445551609992980957e+01
3.788477754592895508e+01
9.029291868209838867e+00
2.300771331787109375e+01
3.054301738739013672e+01
1.668316698074340820e+01
1.656730318069458008e+01
1.615247893333435059e+01
3.094066977500915527e+01
2.464632081985473633e+01
1.428787255287170410e+01
2.453485107421875000e+01
3.327963852882385254e+01
1.946374559402465820e+01
1.751190400123596191e+01
2.249616789817810059e+01
1.747735047340393066e+01
2.084931182861328125e+01
2.389155626296997070e+01
2.425841426849365234e+01
1.637443971633911133e+01
1.630961394309997559e+01
3.346104884147644043e+01
1.991525888442993164e+01
2.172908353805541992e+01
2.037195992469787598e+01
2.349351072311401367e+01
2.463590860366821289e+01
2.052257061004638672e+01
2.260459280014038086e+01
2.122167038917541504e+01
2.086239337921142578e+01
2.969220304489135742e+01
2.212850642204284668e+01
2.359789371490478516e+01
8.470840454101562500e+00
2.706127262115478516e+01
2.488511776924133301e+01
2.822901511192321777e+01
2.505676269531250000e+01
2.947981286048889160e+01
1.056543946266174316e+01
1.636051082611083984e+01
2.951609539985656738e+01
3.079037237167358398e+01
1.156280207633972168e+01
1.780619311332702637e+01
1.765832853317260742e+01
2.724764204025268555e+01
3.275450277328491211e+01
1.931751203536987305e+01
2.148300218582153320e+01
3.862221264839172363e+01
2.491914463043212891e+01
2.218511319160461426e+01
3.074661827087402344e+01
1.453837132453918457e+01
2.678374290466308594e+01
1.811219882965087891e+01
2.015632295608520508e+01
1.804444146156311035e+01
3.112305450439453125e+01
2.543264055252075195e+01
2.581774139404296875e+01
1.678589677810668945e+01
2.190286612510681152e+01
2.668634581565856934e+01
2.672260785102844238e+01
2.663880848884582520e+01
1.407672905921936035e+01
2.832482194900512695e+01
3.503573751449584961e+01
3.084406113624572754e+01
1.761662244796752930e+01
4.298975276947021484e+01
2.200711369514465332e+01
1.864214396476745605e+01
3.481347322463989258e+01
7.891703844070434570e+00
3.197547197341918945e+01
2.687805461883544922e+01
1.290367245674133301e+01
1.271209859848022461e+01
2.258479332923889160e+01
3.072666764259338379e+01
2.161328816413879395e+01
1.157828092575073242e+01
1.833877205848693848e+01
1.251240062713623047e+01
2.500838613510131836e+01
8.560917139053344727e+00
1.925652050971984863e+01
1.665239644050598145e+01
1.963065457344055176e+01
2.076736903190612793e+01
1.640156054496765137e+01
1.177346348762512207e+01
2.015303277969360352e+01
4.541872525215148926e+01
1.125312495231628418e+01
1.732229709625244141e+01
4.353559255599975586e+00
2.147003579139709473e+01
1.941176819801330566e+01
2.489137697219848633e+01
3.005468416213989258e+01
2.228123402595520020e+01
2.271870613098144531e+01
2.672735333442687988e+01
1.337981295585632324e+01
9.204519033432006836e+00
1.489265990257263184e+01
2.438074517250061035e+01
1.507383489608764648e+01
1.977663946151733398e+01
1.736368799209594727e+01
1.828532671928405762e+01
1.780043554306030273e+01
2.186313629150390625e+01
3.345823431015014648e+01
8.676728725433349609e+00
2.209777259826660156e+01
1.338653659820556641e+01
5.165651559829711914e+00
2.194803166389465332e+01
1.761943268775939941e+01
2.378949689865112305e+01
3.116711330413818359e+01
9.893198728561401367e+00
2.574418902397155762e+01
1.661542081832885742e+01
2.465102839469909668e+01
2.327266693115234375e+01
1.271341800689697266e+01
1.834772634506225586e+01
3.126008248329162598e+01
3.377381968498229980e+01
2.804592442512512207e+01
2.879387903213500977e+01
1.655135631561279297e+01
1.367539668083190918e+01
1.885117721557617188e+01
1.552732229232788086e+01
2.352039980888366699e+01
3.815838170051574707e+01
1.842606902122497559e+01
1.962963485717773438e+01
2.931298875808715820e+01
1.807835936546325684e+01
3.124848484992980957e+01
1.526482939720153809e+01
1.117313098907470703e+01
1.293874430656433105e+01
2.765966463088989258e+01
2.709282708168029785e+01
1.970832967758178711e+01
3.745239949226379395e+01
1.635274577140808105e+01
3.111694216728210449e+01
2.157525491714477539e+01
3.429145574569702148e+01
1.986974573135375977e+01
3.855846428871154785e+01
1.697151160240173340e+01
2.912032365798950195e+01
9.762008666992187500e+00
2.465436029434204102e+01
2.405937528610229492e+01
9.742683649063110352e+00
2.437057876586914062e+01
2.182516956329345703e+01
2.342666530609130859e+01
2.615414834022521973e+01
2.139225769042968750e+01
1.946501922607421875e+01
1.982929110527038574e+01
1.035535597801208496e+01
3.109306716918945312e+01
3.091972064971923828e+01
1.859665632247924805e+01
2.784677982330322266e+01
1.918109011650085449e+01
2.886722660064697266e+01
2.838040304183959961e+01
2.887106871604919434e+01
2.322040295600891113e+01
2.318881916999816895e+01
2.472156095504760742e+01
1.820000743865966797e+01
1.485866856575012207e+01
2.238951349258422852e+01
3.182215809822082520e+01
1.432203674316406250e+01
1.633146762847900391e+01
4.409016942977905273e+01
1.837192654609680176e+01
2.089524340629577637e+01
1.999805688858032227e+01
2.920250010490417480e+01
4.095474934577941895e+01
3.654833793640136719e+01
1.856948280334472656e+01
1.755461001396179199e+01
3.820897936820983887e+01
1.882013249397277832e+01
2.206984877586364746e+01
1.497975659370422363e+01
3.069697189331054688e+01
1.698760271072387695e+01
2.465160989761352539e+01
4.080826210975646973e+01
2.365658640861511230e+01
2.516408061981201172e+01
2.144395279884338379e+01
3.954446935653686523e+01
2.184899997711181641e+01
2.447243142127990723e+01
2.079564595222473145e+01
2.372589230537414551e+01
4.214607262611389160e+01
3.469069218635559082e+01
2.257163357734680176e+01
3.119737172126770020e+01
1.803761196136474609e+01
2.399982857704162598e+01
3.301663780212402344e+01
4.526234316825866699e+01
3.039734458923339844e+01
1.240624403953552246e+01
1.060413122177124023e+01
2.330098819732666016e+01
2.202972841262817383e+01
4.725256609916687012e+01
3.194820380210876465e+01
3.608752274513244629e+01
2.194494295120239258e+01
4.206662201881408691e+01
1.200565218925476074e+01
4.210709619522094727e+01
2.191065287590026855e+01
2.266405105590820312e+01
1.760842585563659668e+01
1.684169197082519531e+01
3.555382704734802246e+01
2.858723950386047363e+01
3.566294717788696289e+01
2.209348940849304199e+01
2.087307763099670410e+01
3.283508372306823730e+01
4.296726250648498535e+01
3.030013465881347656e+01
1.942571377754211426e+01
1.491122293472290039e+01
2.710554337501525879e+01
3.137167334556579590e+01
2.553213095664978027e+01
4.318386697769165039e+01
2.439435553550720215e+01
3.809273862838745117e+01
1.977693128585815430e+01
2.716715717315673828e+01
2.247046661376953125e+01
2.368479299545288086e+01
3.093192815780639648e+01
2.787719941139221191e+01
9.781629562377929688e+00
2.999633073806762695e+01
3.250968074798583984e+01
2.666989040374755859e+01
2.921575999259948730e+01
1.990860104560852051e+01
2.969514107704162598e+01
2.739231228828430176e+01
1.959248900413513184e+01
3.181863093376159668e+01
3.176877474784851074e+01
1.574819636344909668e+01
2.898947286605834961e+01
3.355544352531433105e+01
2.455784440040588379e+01
1.116426849365234375e+01
3.522383046150207520e+01
2.390120363235473633e+01
4.720617961883544922e+01
3.426181316375732422e+01
4.687870454788208008e+01
3.051448726654052734e+01
3.132222771644592285e+01
2.546347188949584961e+01
4.057834935188293457e+01
1.322930479049682617e+01
1.996710371971130371e+01
4.301347565650939941e+01
