1.199390816688537598e+01
1.179630255699157715e+01
1.619573760032653809e+01
1.440261554718017578e+01
1.683920049667358398e+01
9.784478664398193359e+00
1.922922062873840332e+01
1.032744264602661133e+01
2.822652363777160645e+01
2.062276029586791992e+01
2.277654266357421875e+01
1.522151422500610352e+01
2.771174216270446777e+01
1.248319792747497559e+01
3.185034251213073730e+01
2.819047045707702637e+01
1.452281522750854492e+01
1.076619172096252441e+01
2.269481801986694336e+01
2.489908099174499512e+01
1.344313812255859375e+01
2.412405800819396973e+01
1.943018770217895508e+01
1.328217291831970215e+01
1.373196101188659668e+01
1.790726423263549805e+01
3.193166518211364746e+01
1.934988474845886230e+01
1.330079746246337891e+01
2.126124382019042969e+01
2.336490607261657715e+01
2.876970672607421875e+01
1.615326523780822754e+01
2.852151203155517578e+01
1.531263899803161621e+01
3.589738678932189941e+01
3.978591942787170410e+01
1.784941244125366211e+01
2.767539668083190918e+01
1.410792398452758789e+01
2.739653253555297852e+01
3.219975328445434570e+01
2.396750974655151367e+01
1.345266866683959961e+01
1.515675783157348633e+01
1.464153504371643066e+01
3.504805874824523926e+01
3.286699414253234863e+01
1.026971220970153809e+01
3.315094184875488281e+01
3.653309297561645508e+01
1.160982084274291992e+01
1.672441172599792480e+01
2.198598456382751465e+01
2.814075684547424316e+01
2.636703681945800781e+01
3.147528672218322754e+01
2.468066740036010742e+01
2.559235692024230957e+01
3.166383767127990723e+01
2.720356130599975586e+01
7.193651199340820312e+00
2.811221551895141602e+01
2.280963993072509766e+01
2.139960169792175293e+01
3.519791412353515625e+01
3.613301944732666016e+01
3.509434342384338379e+01
1.264187860488891602e+01
3.389444971084594727e+01
1.973665308952331543e+01
1.650246214866638184e+01
3.852635788917541504e+01
3.245357966423034668e+01
2.892356657981872559e+01
2.507031893730163574e+01
3.206568670272827148e+01
1.601510190963745117e+01
2.881196045875549316e+01
2.443103718757629395e+01
2.404080152511596680e+01
3.753336238861083984e+01
2.661805748939514160e+01
2.077959275245666504e+01
1.466301894187927246e+01
3.789695191383361816e+01
3.446446681022644043e+01
2.448790812492370605e+01
2.744232487678527832e+01
3.166837906837463379e+01
2.873763442039489746e+01
2.830030870437622070e+01
1.805945658683776855e+01
2.026574373245239258e+01
2.915725111961364746e+01
2.664303374290466309e+01
3.479348492622375488e+01
1.610929536819458008e+01
1.568024492263793945e+01
3.012548255920410156e+01
3.236521577835083008e+01
1.580771636962890625e+01
2.470586514472961426e+01
1.928469896316528320e+01
2.441253542900085449e+01
2.355807852745056152e+01
2.874757385253906250e+01
2.161055946350097656e+01
2.357718372344970703e+01
2.037278056144714355e+01
2.722718715667724609e+01
1.962593984603881836e+01
2.210458254814147949e+01
1.410746884346008301e+01
1.115147161483764648e+01
1.163627338409423828e+01
1.566927671432495117e+01
1.637010860443115234e+01
2.299252772331237793e+01
3.263346028327941895e+01
1.781770920753479004e+01
2.549547600746154785e+01
2.787171363830566406e+01
2.423339366912841797e+01
1.918812990188598633e+01
2.418139886856079102e+01
9.015947341918945312e+00
1.950993442535400391e+01
2.594177150726318359e+01
2.476411128044128418e+01
1.990005373954772949e+01
1.591420626640319824e+01
1.921848201751708984e+01
1.693556666374206543e+01
1.777444386482238770e+01
1.495461201667785645e+01
1.783131694793701172e+01
2.710813498497009277e+01
1.129834437370300293e+01
2.377336645126342773e+01
1.378567361831665039e+01
3.487565732002258301e+01
2.390493655204772949e+01
3.044104671478271484e+01
2.852124905586242676e+01
2.750786709785461426e+01
2.547826981544494629e+01
3.489435768127441406e+01
3.573160123825073242e+01
2.300165462493896484e+01
3.444249749183654785e+01
2.531332087516784668e+01
3.646165466308593750e+01
9.251325368881225586e+00
1.461529779434204102e+01
2.698281931877136230e+01
2.893691349029541016e+01
2.110432410240173340e+01
2.117701506614685059e+01
2.539086723327636719e+01
2.659499096870422363e+01
2.777809333801269531e+01
2.643008542060852051e+01
2.989347887039184570e+01
2.800868630409240723e+01
2.717036819458007812e+01
2.845005416870117188e+01
2.784082961082458496e+01
3.102868890762329102e+01
2.517586445808410645e+01
2.987206745147705078e+01
2.696051859855651855e+01
4.386504817008972168e+01
3.938478040695190430e+01
2.064488959312438965e+01
2.262558102607727051e+01
2.166563892364501953e+01
2.213021564483642578e+01
2.809543466567993164e+01
2.368849372863769531e+01
2.750169730186462402e+01
3.231746530532836914e+01
2.068702459335327148e+01
2.242341327667236328e+01
1.611655807495117188e+01
2.590980887413024902e+01
2.687183165550231934e+01
3.177858209609985352e+01
2.424983930587768555e+01
1.650248003005981445e+01
3.912048244476318359e+01
2.593829441070556641e+01
2.315698432922363281e+01
2.466915798187255859e+01
2.488713860511779785e+01
1.910878515243530273e+01
1.692576360702514648e+01
3.008269238471984863e+01
2.711258268356323242e+01
4.189644813537597656e+01
2.539455914497375488e+01
2.737957954406738281e+01
2.977986097335815430e+01
2.036847877502441406e+01
2.983574271202087402e+01
3.038532280921936035e+01
2.163835406303405762e+01
2.110390233993530273e+01
3.035713434219360352e+01
2.525525355339050293e+01
3.141224241256713867e+01
2.773291540145874023e+01
2.454395771026611328e+01
3.220761132240295410e+01
2.984029674530029297e+01
3.110177946090698242e+01
4.075043892860412598e+01
3.230256843566894531e+01
2.026095890998840332e+01
3.078602600097656250e+01
2.215416526794433594e+01
3.205225920677185059e+01
3.088579201698303223e+01
3.125166773796081543e+01
1.466643023490905762e+01
1.455031824111938477e+01
4.005665802955627441e+01
1.876581025123596191e+01
3.297032642364501953e+01
3.264543485641479492e+01
3.441542983055114746e+01
2.689581990242004395e+01
2.581148743629455566e+01
2.843890333175659180e+01
2.168521213531494141e+01
2.810700297355651855e+01
2.643088674545288086e+01
2.380304145812988281e+01
2.388789939880371094e+01
3.430251216888427734e+01
3.460807919502258301e+01
3.936613512039184570e+01
2.222432875633239746e+01
3.265129017829895020e+01
3.598972892761230469e+01
1.254424428939819336e+01
2.766734194755554199e+01
3.908691668510437012e+01
3.539664340019226074e+01
3.535325098037719727e+01
3.584625363349914551e+01
1.675289440155029297e+01
1.676957631111145020e+01
2.423147654533386230e+01
3.304613780975341797e+01
3.558039689064025879e+01
1.785864710807800293e+01
1.440447521209716797e+01
1.970282578468322754e+01
1.561609840393066406e+01
1.467672896385192871e+01
1.859479665756225586e+01
1.555023574829101562e+01
1.432262229919433594e+01
2.656884646415710449e+01
3.257745909690856934e+01
3.332582974433898926e+01
3.206636977195739746e+01
1.939578008651733398e+01
1.425860953330993652e+01
2.327903151512145996e+01
3.874670457839965820e+01
1.925263381004333496e+01
1.896758532524108887e+01
2.337272167205810547e+01
3.234458613395690918e+01
2.237156081199645996e+01
2.107206654548645020e+01
2.981303524971008301e+01
2.047922825813293457e+01
4.234705710411071777e+01
3.450308752059936523e+01
3.582497453689575195e+01
4.418146133422851562e+01
3.115190958976745605e+01
2.198608469963073730e+01
1.929082226753234863e+01
2.582107877731323242e+01
1.778809595108032227e+01
3.328388023376464844e+01
1.717687773704528809e+01
3.866533493995666504e+01
2.598568749427795410e+01
2.481853795051574707e+01
2.305580997467041016e+01
2.593307399749755859e+01
1.545868849754333496e+01
2.900262212753295898e+01
2.268178462982177734e+01
3.244922971725463867e+01
1.745891928672790527e+01
2.507983994483947754e+01
2.201062178611755371e+01
1.752591037750244141e+01
2.252037286758422852e+01
2.212943077087402344e+01
2.787498712539672852e+01
3.478783464431762695e+01
2.352553081512451172e+01
4.323645710945129395e+01
2.569433403015136719e+01
2.597807550430297852e+01
2.539525556564331055e+01
3.560370397567749023e+01
2.041407847404479980e+01
2.868927288055419922e+01
3.369613313674926758e+01
3.076354002952575684e+01
3.118930053710937500e+01
2.248834371566772461e+01
2.900462865829467773e+01
2.551170611381530762e+01
3.603335642814636230e+01
2.480638670921325684e+01
2.885494208335876465e+01
2.080180191993713379e+01
2.759103322029113770e+01
2.525546193122863770e+01
4.592619466781616211e+01
3.376287436485290527e+01
3.178056645393371582e+01
3.599081969261169434e+01
3.103060221672058105e+01
2.054702234268188477e+01
3.111184716224670410e+01
2.000406813621520996e+01
2.286203122138977051e+01
1.725138783454895020e+01
3.268539762496948242e+01
3.917219257354736328e+01
3.478801345825195312e+01
2.430831170082092285e+01
3.784554076194763184e+01
4.276794052124023438e+01
2.419324064254760742e+01
2.562838649749755859e+01
2.853862142562866211e+01
3.289269566535949707e+01
1.575787353515625000e+01
5.823721814155578613e+01
2.443670678138732910e+01
2.833113574981689453e+01
3.484878730773925781e+01
3.134074115753173828e+01
2.370789694786071777e+01
2.031822586059570312e+01
2.573110032081604004e+01
2.762432289123535156e+01
3.508856797218322754e+01
4.056318855285644531e+01
1.231885719299316406e+01
3.060454344749450684e+01
3.809525775909423828e+01
2.114967775344848633e+01
1.529584527015686035e+01
2.927275490760803223e+01
4.388646674156188965e+01
3.437644815444946289e+01
2.831401896476745605e+01
4.442759013175964355e+01
3.256078314781188965e+01
4.206546831130981445e+01
2.072007393836975098e+01
4.085064244270324707e+01
2.971557378768920898e+01
4.594870185852050781e+01
2.662843656539916992e+01
3.214664340019226074e+01
2.849678468704223633e+01
2.787709879875183105e+01
1.931230998039245605e+01
1.909013509750366211e+01
2.642422056198120117e+01
4.277503561973571777e+01
2.229269671440124512e+01
1.743610572814941406e+01
2.990661239624023438e+01
1.871831464767456055e+01
2.972995448112487793e+01
4.051194453239440918e+01
1.935616302490234375e+01
2.063494753837585449e+01
1.501416230201721191e+01
2.901648116111755371e+01
3.810519385337829590e+01
2.562790203094482422e+01
2.050053334236145020e+01
1.956121349334716797e+01
2.717445635795593262e+01
4.492142915725708008e+01
2.916777348518371582e+01
1.761262798309326172e+01
2.786447191238403320e+01
2.016050362586975098e+01
4.906599974632263184e+01
3.208434057235717773e+01
2.049372243881225586e+01
3.860792565345764160e+01
3.884629678726196289e+01
2.273814463615417480e+01
2.014947319030761719e+01
4.086933803558349609e+01
4.516981124877929688e+01
3.174758863449096680e+01
3.755292940139770508e+01
2.916252493858337402e+01
2.308967185020446777e+01
3.188378262519836426e+01
3.279152703285217285e+01
3.222163796424865723e+01
2.549853491783142090e+01
3.187792277336120605e+01
2.562919497489929199e+01
2.790038847923278809e+01
2.483138680458068848e+01
3.455281639099121094e+01
2.629907178878784180e+01
4.203495979309082031e+01
2.373747920989990234e+01
2.504347300529479980e+01
1.510007166862487793e+01
4.122640728950500488e+01
4.634904217720031738e+01
3.634316158294677734e+01
2.843708610534667969e+01
3.592808246612548828e+01
6.921754121780395508e+00
8.216440439224243164e+00
7.186307907104492188e+00
4.296206593513488770e+01
8.948643684387207031e+00
3.353237700462341309e+01
3.771405816078186035e+01
2.708547496795654297e+01
1.875767588615417480e+01
1.582466673851013184e+01
8.915929555892944336e+00
3.021381568908691406e+01
1.157976293563842773e+01
2.772776770591735840e+01
1.249880909919738770e+01
1.017875862121582031e+01
1.208753776550292969e+01
1.548366236686706543e+01
4.257687044143676758e+01
2.083265471458435059e+01
9.455357789993286133e+00
3.233982658386230469e+01
3.328960227966308594e+01
3.782268643379211426e+01
4.015564727783203125e+01
1.150335502624511719e+01
3.022947740554809570e+01
1.027533435821533203e+01
2.584305143356323242e+01
3.973579049110412598e+01
1.616112160682678223e+01
1.586341094970703125e+01
4.228788042068481445e+01
1.273172092437744141e+01
3.238377070426940918e+01
1.286038255691528320e+01
1.275275182723999023e+01
2.611195302009582520e+01
4.942860937118530273e+01
4.551915764808654785e+01
1.842121815681457520e+01
4.185193252563476562e+01
1.686826300621032715e+01
3.737915778160095215e+01
2.828800201416015625e+01
2.135369801521301270e+01
1.763406968116760254e+01
1.737125372886657715e+01
1.565586471557617188e+01
2.427303147315979004e+01
5.976599693298339844e+01
1.719377160072326660e+01
2.453307390213012695e+01
2.437592315673828125e+01
5.639377355575561523e+00
2.906854391098022461e+00
6.033448219299316406e+00
1.044829821586608887e+01
1.221209597587585449e+01
1.168436670303344727e+01
1.471503019332885742e+01
2.805952787399291992e+01
4.608747005462646484e+00
4.334654736518859863e+01
9.013329982757568359e+00
1.385346174240112305e+01
1.435341072082519531e+01
2.086726760864257812e+01
1.191789674758911133e+01
2.561347627639770508e+01
4.924457526206970215e+01
2.509363126754760742e+01
2.104180979728698730e+01
1.926741933822631836e+01
5.069796729087829590e+01
2.124284553527832031e+01
2.132431483268737793e+01
1.545023584365844727e+01
3.132726311683654785e+01
1.834729003906250000e+01
2.115054225921630859e+01
1.970316290855407715e+01
1.647975850105285645e+01
1.919112348556518555e+01
2.256229281425476074e+01
2.061918091773986816e+01
4.125139188766479492e+01
1.408206582069396973e+01
4.691075444221496582e+01
1.577475404739379883e+01
4.253842639923095703e+01
2.930116868019104004e+01
2.272168731689453125e+01
2.542370057106018066e+01
2.402697467803955078e+01
2.707456612586975098e+01
3.903379011154174805e+01
2.379600191116333008e+01
2.570786786079406738e+01
2.353549957275390625e+01
1.607471179962158203e+01
1.362252330780029297e+01
2.158162474632263184e+01
2.681260538101196289e+01
2.861422872543334961e+01
2.581083106994628906e+01
2.776403594017028809e+01
2.694037938117980957e+01
2.394963312149047852e+01
1.408983182907104492e+01
2.487289094924926758e+01
4.115819764137268066e+01
1.401576066017150879e+01
2.824682402610778809e+01
2.373247885704040527e+01
2.068016457557678223e+01
2.200258612632751465e+01
2.860082435607910156e+01
2.926879215240478516e+01
1.804689025878906250e+01
4.589178657531738281e+01
2.510671186447143555e+01
2.355118966102600098e+01
2.101906752586364746e+01
2.359577298164367676e+01
2.682225871086120605e+01
3.960887289047241211e+01
1.575424075126647949e+01
3.611434006690979004e+01
2.114789462089538574e+01
4.016226243972778320e+01
2.744625544548034668e+01
2.934251475334167480e+01
3.447936820983886719e+01
3.077576303482055664e+01
2.533617138862609863e+01
2.980058288574218750e+01
2.745073628425598145e+01
2.870668101310729980e+01
3.160359168052673340e+01
2.851038575172424316e+01
2.485223031044006348e+01
2.702511286735534668e+01
1.744609260559082031e+01
2.618331503868103027e+01
3.416529941558837891e+01
2.101941585540771484e+01
1.977703118324279785e+01
2.656539511680603027e+01
3.324292349815368652e+01
3.597159481048583984e+01
2.134488511085510254e+01
3.411003255844116211e+01
4.986940884590148926e+01
3.065751171112060547e+01
2.929124903678894043e+01
2.107687306404113770e+01
2.201818561553955078e+01
2.214328980445861816e+01
3.199069929122924805e+01
1.770708346366882324e+01
1.909170436859130859e+01
3.290041780471801758e+01
1.897744297981262207e+01
2.558300638198852539e+01
1.781623101234436035e+01
2.727157807350158691e+01
3.218730401992797852e+01
2.779901885986328125e+01
2.344994378089904785e+01
2.812703824043273926e+01
1.679014348983764648e+01
2.835973191261291504e+01
1.384044957160949707e+01
3.162188029289245605e+01
1.649449539184570312e+01
1.142752265930175781e+01
3.177434086799621582e+01
3.300320100784301758e+01
3.174456071853637695e+01
3.328994703292846680e+01
2.371523308753967285e+01
2.125969600677490234e+01
1.183470487594604492e+01
1.353859925270080566e+01
1.232046484947204590e+01
1.689697146415710449e+01
5.438276147842407227e+01
1.443615412712097168e+01
2.506668162345886230e+01
2.484182548522949219e+01
2.237429189682006836e+01
2.757380175590515137e+01
1.772825741767883301e+01
1.661404895782470703e+01
2.896971964836120605e+01
3.078100776672363281e+01
5.321433424949645996e+01
2.877488493919372559e+01
4.365917873382568359e+01
1.939722871780395508e+01
2.613301301002502441e+01
1.431435680389404297e+01
3.069188022613525391e+01
3.085186815261840820e+01
3.326868987083435059e+01
1.818404793739318848e+01
1.478556990623474121e+01
2.286182761192321777e+01
2.618048739433288574e+01
2.983993625640869141e+01
1.881343245506286621e+01
1.463082313537597656e+01
1.961779069900512695e+01
1.800530195236206055e+01
3.492574381828308105e+01
1.803559160232543945e+01
3.125000071525573730e+01
1.329899621009826660e+01
2.819977927207946777e+01
2.406207442283630371e+01
1.857649278640747070e+01
2.204945325851440430e+01
2.684140896797180176e+01
2.473710680007934570e+01
1.495187830924987793e+01
2.213659477233886719e+01
1.995958518981933594e+01
1.464724540710449219e+01
3.057781171798706055e+01
1.735780167579650879e+01
3.610262918472290039e+01
2.291685366630554199e+01
1.996894216537475586e+01
2.250696945190429688e+01
1.482967042922973633e+01
1.455285692214965820e+01
1.792853951454162598e+01
1.684944891929626465e+01
1.700507259368896484e+01
1.702748179435729980e+01
3.086943650245666504e+01
2.516169571876525879e+01
2.670568919181823730e+01
1.833477663993835449e+01
1.591900396347045898e+01
2.295370435714721680e+01
2.258706641197204590e+01
2.628678107261657715e+01
3.050787591934204102e+01
1.642016267776489258e+01
2.771922683715820312e+01
2.259430241584777832e+01
2.608363056182861328e+01
1.968215894699096680e+01
1.962840175628662109e+01
3.740873289108276367e+01
2.314080262184143066e+01
2.849338173866271973e+01
1.431244349479675293e+01
2.476310920715332031e+01
4.052468013763427734e+01
2.539796566963195801e+01
3.455893754959106445e+01
3.917777037620544434e+01
1.752443099021911621e+01
2.885795903205871582e+01
2.090104484558105469e+01
3.033108425140380859e+01
4.114589834213256836e+01
1.841042804718017578e+01
2.609381556510925293e+01
1.785103273391723633e+01
1.857989525794982910e+01
2.589531135559082031e+01
2.462279582023620605e+01
2.358768892288208008e+01
1.912227988243103027e+01
1.964401412010192871e+01
3.800564408302307129e+01
2.630075907707214355e+01
4.053429889678955078e+01
1.265980696678161621e+01
2.081001710891723633e+01
2.481761550903320312e+01
2.462094283103942871e+01
2.341032624244689941e+01
3.370348978042602539e+01
2.545532727241516113e+01
2.487843227386474609e+01
2.277142763137817383e+01
2.936713528633117676e+01
1.828903198242187500e+01
2.248673772811889648e+01
2.557120609283447266e+01
1.566268277168273926e+01
2.045062685012817383e+01
2.644836759567260742e+01
2.056251478195190430e+01
2.777380490303039551e+01
3.271979236602783203e+01
3.870895147323608398e+01
2.636615967750549316e+01
5.291013312339782715e+01
2.920583796501159668e+01
2.640911602973937988e+01
4.624265885353088379e+01
2.567016482353210449e+01
2.668917155265808105e+01
3.064636540412902832e+01
4.190136122703552246e+01
2.054842138290405273e+01
2.829315018653869629e+01
1.838398981094360352e+01
2.756338262557983398e+01
4.598438477516174316e+01
2.961682105064392090e+01
1.766897130012512207e+01
1.687177658081054688e+01
3.207158398628234863e+01
2.983177781105041504e+01
2.742713189125061035e+01
1.731584811210632324e+01
3.425022959709167480e+01
2.320224595069885254e+01
2.404553675651550293e+01
2.613641119003295898e+01
1.921720719337463379e+01
2.787359094619750977e+01
2.856170606613159180e+01
3.595527911186218262e+01
2.942177796363830566e+01
4.697811222076416016e+01
2.975691103935241699e+01
2.342147421836853027e+01
1.546557497978210449e+01
1.916765618324279785e+01
2.326214146614074707e+01
2.755107665061950684e+01
3.342855930328369141e+01
2.858287882804870605e+01
3.191588497161865234e+01
1.114692497253417969e+01
1.904983472824096680e+01
2.948519396781921387e+01
2.128589344024658203e+01
2.199301743507385254e+01
1.811216044425964355e+01
2.207510018348693848e+01
4.124093532562255859e+01
2.583288192749023438e+01
2.487788558006286621e+01
2.212407803535461426e+01
2.728643870353698730e+01
2.066670227050781250e+01
3.113864398002624512e+01
3.546397328376770020e+01
4.465563249588012695e+01
1.769447302818298340e+01
2.386872887611389160e+01
2.021667170524597168e+01
3.634956073760986328e+01
2.079892659187316895e+01
2.325707483291625977e+01
4.332621383666992188e+01
3.555959749221801758e+01
4.224384474754333496e+01
3.848985648155212402e+01
1.712284326553344727e+01
3.063040399551391602e+01
2.964195680618286133e+01
3.768039155006408691e+01
4.329322528839111328e+01
4.143273115158081055e+01
2.954431915283203125e+01
2.429662227630615234e+01
2.767448759078979492e+01
3.125692129135131836e+01
1.981887936592102051e+01
2.007469439506530762e+01
1.975890374183654785e+01
3.224177122116088867e+01
2.355160403251647949e+01
3.323819994926452637e+01
2.776121211051940918e+01
2.227112865447998047e+01
1.932748389244079590e+01
2.542155623435974121e+01
4.203359365463256836e+01
2.019312477111816406e+01
3.607514071464538574e+01
2.370704984664916992e+01
3.307775902748107910e+01
2.459240651130676270e+01
2.019460773468017578e+01
3.263436746597290039e+01
4.625643944740295410e+01
3.041644454002380371e+01
2.575945973396301270e+01
2.055424571037292480e+01
2.652439045906066895e+01
3.273542261123657227e+01
2.065925359725952148e+01
3.790035367012023926e+01
3.051666784286499023e+01
2.457555031776428223e+01
3.122622442245483398e+01
2.693117260932922363e+01
1.998203182220458984e+01
2.172277188301086426e+01
2.138616752624511719e+01
3.254184556007385254e+01
2.142673921585083008e+01
2.751500225067138672e+01
3.433635640144348145e+01
2.338450336456298828e+01
2.989987397193908691e+01
2.594998168945312500e+01
3.812269353866577148e+01
4.425896739959716797e+01
3.427589225769042969e+01
2.204480051994323730e+01
2.306810975074768066e+01
2.126553654670715332e+01
3.273438310623168945e+01
1.840793800354003906e+01
2.735877251625061035e+01
2.638780999183654785e+01
2.413250041007995605e+01
2.668316578865051270e+01
2.463330721855163574e+01
2.002853727340698242e+01
2.781206250190734863e+01
2.183693218231201172e+01
2.463143897056579590e+01
2.522706723213195801e+01
3.381302547454833984e+01
1.960632681846618652e+01
2.177722215652465820e+01
2.462805867195129395e+01
2.392187142372131348e+01
2.739317774772644043e+01
2.919478464126586914e+01
2.351664423942565918e+01
3.143174862861633301e+01
3.296348929405212402e+01
2.390755629539489746e+01
2.122240900993347168e+01
3.630619835853576660e+01
2.588384008407592773e+01
2.623354601860046387e+01
2.419061636924743652e+01
3.829285383224487305e+01
2.021317625045776367e+01
2.936008358001708984e+01
3.259262609481811523e+01
5.008719491958618164e+01
2.832367229461669922e+01
2.292928671836853027e+01
3.677852106094360352e+01
2.538304972648620605e+01
3.091002202033996582e+01
2.365069437026977539e+01
3.977874875068664551e+01
2.730460691452026367e+01
2.372636318206787109e+01
3.351676177978515625e+01
4.736054110527038574e+01
2.380694556236267090e+01
5.095835208892822266e+01
3.923524117469787598e+01
2.579404091835021973e+01
2.834011721611022949e+01
2.079476499557495117e+01
2.483813929557800293e+01
3.727979564666748047e+01
2.644775319099426270e+01
2.702915763854980469e+01
4.181586909294128418e+01
2.349761462211608887e+01
2.623885393142700195e+01
5.203366470336914062e+01
3.210780453681945801e+01
1.995272421836853027e+01
2.935833120346069336e+01
3.236641407012939453e+01
1.017190504074096680e+01
2.579128313064575195e+01
2.975965762138366699e+01
2.746969127655029297e+01
1.341293859481811523e+01
2.903597259521484375e+01
7.248781681060791016e+00
3.404875922203063965e+01
2.017766523361206055e+01
1.725637960433959961e+01
1.545244336128234863e+01
8.844437122344970703e+00
4.221815609931945801e+01
1.917832827568054199e+01
4.348354148864746094e+01
1.229860711097717285e+01
2.337360596656799316e+01
1.574743270874023438e+01
4.016596174240112305e+01
9.388909816741943359e+00
3.481464624404907227e+01
2.392814803123474121e+01
3.294871020317077637e+01
1.176153898239135742e+01
3.234470057487487793e+01
3.163617801666259766e+01
1.295767641067504883e+01
3.643793511390686035e+01
3.149752092361450195e+01
1.283687567710876465e+01
4.488077998161315918e+01
3.161670899391174316e+01
3.411302614212036133e+01
3.410682678222656250e+01
4.589601397514343262e+01
3.620985770225524902e+01
3.381173419952392578e+01
1.714569640159606934e+01
1.424573850631713867e+01
2.718037748336791992e+01
3.074221348762512207e+01
2.300301766395568848e+01
1.347283458709716797e+01
3.411476922035217285e+01
1.525155806541442871e+01
2.829623103141784668e+01
1.480880999565124512e+01
4.831293058395385742e+01
3.096194672584533691e+01
4.385488343238830566e+01
1.332026171684265137e+01
1.965239381790161133e+01
4.338247299194335938e+01
3.404022932052612305e+01
1.586841058731079102e+01
1.911921048164367676e+01
2.184562253952026367e+01
1.916719484329223633e+01
1.958500909805297852e+01
1.607254433631896973e+01
2.669597291946411133e+01
1.739264392852783203e+01
2.884812760353088379e+01
1.792068529129028320e+01
2.387262225151062012e+01
1.438759160041809082e+01
1.758676767349243164e+01
1.116987800598144531e+01
1.925118231773376465e+01
3.302954626083374023e+01
3.650039172172546387e+01
1.709621667861938477e+01
3.873077774047851562e+01
1.971348619461059570e+01
1.998663258552551270e+01
1.997972083091735840e+01
4.654137587547302246e+01
2.341196012496948242e+01
2.099397921562194824e+01
1.890161299705505371e+01
1.976805257797241211e+01
1.701052927970886230e+01
4.090345740318298340e+01
2.012965440750122070e+01
2.041390609741210938e+01
3.448773193359375000e+01
3.906657767295837402e+01
3.434822845458984375e+01
1.938299512863159180e+01
2.150996065139770508e+01
3.342732214927673340e+01
2.103259277343750000e+01
4.360439348220825195e+01
1.903874349594116211e+01
1.880951905250549316e+01
1.911687111854553223e+01
3.570059704780578613e+01
1.901724362373352051e+01
2.350085377693176270e+01
1.768299651145935059e+01
1.969618463516235352e+01
3.444334363937377930e+01
1.287572216987609863e+01
1.852548503875732422e+01
3.959820461273193359e+01
2.345490527153015137e+01
1.822434306144714355e+01
3.577920293807983398e+01
2.152944087982177734e+01
2.237051773071289062e+01
2.240542840957641602e+01
2.306460189819335938e+01
2.963857460021972656e+01
1.401486492156982422e+01
2.287339949607849121e+01
1.601084160804748535e+01
3.971788549423217773e+01
2.794838690757751465e+01
1.924580430984497070e+01
2.918784165382385254e+01
4.167365884780883789e+01
2.119001817703247070e+01
4.837217617034912109e+01
2.320272088050842285e+01
2.407582879066467285e+01
2.374761319160461426e+01
2.234320235252380371e+01
2.526035499572753906e+01
4.275785994529724121e+01
2.464163899421691895e+01
2.733560204505920410e+01
1.545497965812683105e+01
2.541900467872619629e+01
1.756322455406188965e+01
1.301289129257202148e+01
2.555777072906494141e+00
9.312373161315917969e+00
1.011987280845642090e+01
2.512013888359069824e+01
1.686581420898437500e+01
2.258106088638305664e+01
7.760088443756103516e+00
9.374095439910888672e+00
3.121700954437255859e+01
1.488331794738769531e+01
2.969244456291198730e+01
3.201689720153808594e+00
9.436773061752319336e+00
2.167353606224060059e+01
1.666187644004821777e+01
2.926972317695617676e+01
8.722417354583740234e+00
2.351399850845336914e+01
1.728807997703552246e+01
1.432074260711669922e+01
1.918566894531250000e+01
3.010643005371093750e+01
1.711575365066528320e+01
2.366186666488647461e+01
1.738950729370117188e+01
2.816336727142333984e+01
2.101083278656005859e+01
2.431211495399475098e+01
1.750495600700378418e+01
2.133813023567199707e+01
2.084264087677001953e+01
3.420744276046752930e+01
2.932297897338867188e+01
3.102101182937622070e+01
2.903743863105773926e+01
4.771548032760620117e+01
3.768984293937683105e+01
3.152455854415893555e+01
1.776935672760009766e+01
2.038253474235534668e+01
2.835998487472534180e+01
4.944830107688903809e+01
3.249589610099792480e+01
2.765161585807800293e+01
2.761320924758911133e+01
1.939495778083801270e+01
2.392701101303100586e+01
2.366782331466674805e+01
3.376532602310180664e+01
2.717157101631164551e+01
2.339737057685852051e+01
1.705157470703125000e+01
1.965489792823791504e+01
3.345126867294311523e+01
2.990685963630676270e+01
2.919417715072631836e+01
2.921945452690124512e+01
2.926038503646850586e+01
2.856075835227966309e+01
3.341218948364257812e+01
3.134112071990966797e+01
3.338552522659301758e+01
2.817369866371154785e+01
2.344618201255798340e+01
1.282606458663940430e+01
3.597589182853698730e+01
3.311032748222351074e+01
2.537776041030883789e+01
1.731487202644348145e+01
2.732320499420166016e+01
3.178068518638610840e+01
3.451934385299682617e+01
2.356245136260986328e+01
3.201076889038085938e+01
3.130829548835754395e+01
1.899918055534362793e+01
4.284801459312438965e+01
1.668008589744567871e+01
3.371783399581909180e+01
2.625348401069641113e+01
3.644946408271789551e+01
3.502621793746948242e+01
2.583617925643920898e+01
3.402434897422790527e+01
1.681722021102905273e+01
2.563173484802246094e+01
2.717695713043212891e+01
2.645076942443847656e+01
2.048716998100280762e+01
1.428621816635131836e+01
3.448509311676025391e+01
1.964069414138793945e+01
2.606727123260498047e+01
5.074245142936706543e+01
2.570296144485473633e+01
3.018287467956542969e+01
3.046176028251647949e+01
3.237349915504455566e+01
2.160061788558959961e+01
3.317861914634704590e+01
2.044604873657226562e+01
2.436060976982116699e+01
1.551056051254272461e+01
1.719740796089172363e+01
1.798319745063781738e+01
3.118980669975280762e+01
3.797257924079895020e+01
2.529525995254516602e+01
3.774746155738830566e+01
3.204149842262268066e+01
1.745549678802490234e+01
3.915150308609008789e+01
2.781642103195190430e+01
3.550139141082763672e+01
4.122836494445800781e+01
2.627466988563537598e+01
3.792649793624877930e+01
3.905049872398376465e+01
2.892715811729431152e+01
3.834721612930297852e+01
5.474215745925903320e+00
3.664646816253662109e+01
2.661288547515869141e+01
1.738158440589904785e+01
3.524729251861572266e+01
1.248321175575256348e+01
1.924566388130187988e+01
3.977059602737426758e+00
5.006898951530456543e+01
1.556092858314514160e+01
3.731555652618408203e+01
2.996152520179748535e+01
3.422413706779479980e+01
6.906796860694885254e+01
5.766730785369873047e+00
3.540180063247680664e+01
2.105126857757568359e+01
3.521893477439880371e+01
2.495914030075073242e+01
2.051353812217712402e+01
1.227833747863769531e+01
4.751683211326599121e+01
3.607639408111572266e+01
1.061489129066467285e+01
2.009718823432922363e+01
9.006410121917724609e+00
3.177860355377197266e+01
2.680556201934814453e+01
3.042919325828552246e+01
2.224986052513122559e+01
2.075596427917480469e+01
4.029423666000366211e+01
2.080837154388427734e+01
1.597447347640991211e+01
1.475102591514587402e+01
3.932322931289672852e+01
2.995538353919982910e+01
2.199919915199279785e+01
3.489814901351928711e+01
1.293381309509277344e+01
1.331585454940795898e+01
1.484358119964599609e+01
2.811425781250000000e+01
1.283976078033447266e+01
2.082941603660583496e+01
1.022494649887084961e+01
1.689089870452880859e+01
2.981495380401611328e+01
2.395872139930725098e+01
2.332148003578186035e+01
1.915497159957885742e+01
6.814672708511352539e+00
3.819292068481445312e+01
1.837332653999328613e+01
3.058411169052124023e+01
2.331415367126464844e+01
1.664350342750549316e+01
2.842931175231933594e+01
1.956947636604309082e+01
2.297532725334167480e+01
3.930090856552124023e+01
1.303005409240722656e+01
1.323875665664672852e+01
1.274137973785400391e+01
3.123696064949035645e+01
3.056447458267211914e+01
4.122814273834228516e+01
2.346907973289489746e+01
3.467410635948181152e+01
5.076969981193542480e+01
4.014085054397583008e+01
3.167250227928161621e+01
1.658456921577453613e+01
1.857616615295410156e+01
3.424581718444824219e+01
4.063990330696105957e+01
2.387665414810180664e+01
2.488223433494567871e+01
1.908254766464233398e+01
3.022384476661682129e+01
3.358852171897888184e+01
1.509892630577087402e+01
1.947749614715576172e+01
3.506014323234558105e+01
4.663633370399475098e+01
2.905235886573791504e+01
3.662190032005310059e+01
3.343350219726562500e+01
2.444523835182189941e+01
8.310179710388183594e+00
1.669735574722290039e+01
1.992220973968505859e+01
1.677703046798706055e+01
4.199111986160278320e+01
2.093043732643127441e+01
1.460172510147094727e+01
2.303772950172424316e+01
1.320029425621032715e+01
7.764472961425781250e+00
1.506152558326721191e+01
1.412830996513366699e+01
2.641847777366638184e+01
1.563186550140380859e+01
2.140255141258239746e+01
2.243730926513671875e+01
3.639034104347229004e+01
1.974191665649414062e+01
2.672873139381408691e+01
1.887438893318176270e+01
9.747548818588256836e+00
9.573690891265869141e+00
3.056002831459045410e+01
1.678235745429992676e+01
4.719630336761474609e+01
3.860287094116210938e+01
2.945305180549621582e+01
1.127329683303833008e+01
3.075348973274230957e+01
1.444501614570617676e+01
1.892438673973083496e+01
1.576143002510070801e+01
1.896969652175903320e+01
4.765869140625000000e+01
1.666762185096740723e+01
2.620339012145996094e+01
2.822743773460388184e+01
3.194468879699707031e+01
3.315479803085327148e+01
2.976938319206237793e+01
2.012171077728271484e+01
3.040391993522644043e+01
2.191938591003417969e+01
3.211781668663024902e+01
4.196666479110717773e+00
2.149295759201049805e+01
2.712541604042053223e+01
3.169110274314880371e+01
3.205314159393310547e+01
1.246884489059448242e+01
2.136219739913940430e+01
1.305087995529174805e+01
2.189246368408203125e+01
1.278129148483276367e+01
2.041047739982604980e+01
2.791682720184326172e+01
2.072282862663269043e+01
3.516697859764099121e+01
1.935090041160583496e+01
1.224316477775573730e+01
3.927999019622802734e+01
2.680976009368896484e+01
8.689699411392211914e+00
2.175590658187866211e+01
1.377672600746154785e+01
2.998662424087524414e+01
1.274241518974304199e+01
2.207947158813476562e+01
2.171999573707580566e+01
1.554624319076538086e+01
2.478535079956054688e+01
2.076243877410888672e+01
1.929814720153808594e+01
1.396983528137207031e+01
2.032244300842285156e+01
3.440372157096862793e+01
2.465022301673889160e+01
2.616001987457275391e+01
2.951832342147827148e+01
2.807399034500122070e+01
3.917071032524108887e+01
2.638748216629028320e+01
2.731395196914672852e+01
1.749966478347778320e+01
2.354225397109985352e+01
3.638735604286193848e+01
2.450035142898559570e+01
5.282102584838867188e+01
3.489573383331298828e+01
2.610508584976196289e+01
2.394739675521850586e+01
4.283134937286376953e+01
1.721248531341552734e+01
3.690641784667968750e+01
1.561187124252319336e+01
1.506341028213500977e+01
2.224937200546264648e+01
2.637868642807006836e+01
1.351008152961730957e+01
1.750429129600524902e+01
1.414273428916931152e+01
3.619082689285278320e+01
4.509383869171142578e+01
2.355988240242004395e+01
1.724521875381469727e+01
2.315716648101806641e+01
2.877292990684509277e+01
1.887698650360107422e+01
2.375660181045532227e+01
1.985524773597717285e+01
2.659351587295532227e+01
3.810374569892883301e+01
1.079921770095825195e+01
2.701340818405151367e+01
3.740763735771179199e+01
4.709175729751586914e+01
1.515708327293395996e+01
2.060653805732727051e+01
3.100776219367980957e+01
1.744153237342834473e+01
2.606564259529113770e+01
2.324649763107299805e+01
1.204001212120056152e+01
1.293464803695678711e+01
3.062291312217712402e+01
2.021720981597900391e+01
1.167683768272399902e+01
2.986585855484008789e+01
4.024558377265930176e+01
2.757114362716674805e+01
1.088054442405700684e+01
1.861597180366516113e+01
2.633184337615966797e+01
1.906302571296691895e+01
2.322928786277770996e+01
2.426581740379333496e+01
2.095594453811645508e+01
3.784539794921875000e+01
3.040299201011657715e+01
2.752304363250732422e+01
1.805854415893554688e+01
2.208525514602661133e+01
4.044563364982604980e+01
2.652232241630554199e+01
2.624733138084411621e+01
1.974660515785217285e+01
2.439290356636047363e+01
1.973641037940979004e+01
2.420884871482849121e+01
2.825362372398376465e+01
1.303287148475646973e+01
2.026035690307617188e+01
4.198297643661499023e+01
3.210676574707031250e+01
2.682300949096679688e+01
3.002657198905944824e+01
3.006369352340698242e+01
2.968337011337280273e+01
1.952214860916137695e+01
2.155279612541198730e+01
1.908010649681091309e+01
3.574926590919494629e+01
1.948225545883178711e+01
2.487597703933715820e+01
3.013275957107543945e+01
3.061341428756713867e+01
1.530789589881896973e+01
2.800990700721740723e+01
2.388204002380371094e+01
4.486605978012084961e+01
3.037484264373779297e+01
3.158623504638671875e+01
2.914338445663452148e+01
2.854429459571838379e+01
2.136168122291564941e+01
3.828531312942504883e+01
2.166269469261169434e+01
2.638997697830200195e+01
3.047849941253662109e+01
2.869512653350830078e+01
3.000562238693237305e+01
2.400487327575683594e+01
2.507889533042907715e+01
3.206982684135437012e+01
2.563593769073486328e+01
2.498470497131347656e+01
3.106824946403503418e+01
6.063020658493041992e+01
3.335255050659179688e+01
4.350603723526000977e+01
2.823674583435058594e+01
5.185716581344604492e+01
3.308130812644958496e+01
2.649736595153808594e+01
2.374616003036499023e+01
3.208280110359191895e+01
2.028361725807189941e+01
2.432308888435363770e+01
1.823526000976562500e+01
2.890088057518005371e+01
2.973821902275085449e+01
3.807845640182495117e+01
4.913699746131896973e+01
3.005393695831298828e+01
1.984696602821350098e+01
3.835002160072326660e+01
1.580053806304931641e+01
2.493369603157043457e+01
1.443620467185974121e+01
1.543544316291809082e+01
1.183682775497436523e+01
2.615557336807250977e+01
2.315028834342956543e+01
2.230523777008056641e+01
1.566059780120849609e+01
1.550924587249755859e+01
8.493207931518554688e+00
8.479757308959960938e+00
3.810928010940551758e+01
8.853929758071899414e+00
1.565909886360168457e+01
1.764620900154113770e+01
1.367301678657531738e+01
2.654655122756958008e+01
9.788139581680297852e+00
8.148893833160400391e+00
9.070535659790039062e+00
2.951101875305175781e+01
9.544528961181640625e+00
1.759785890579223633e+01
2.519173455238342285e+01
3.179251170158386230e+01
1.363423037528991699e+01
2.264671397209167480e+01
8.339528560638427734e+00
2.168174004554748535e+01
3.025919985771179199e+01
2.557326531410217285e+01
1.090976881980895996e+01
1.784659242630004883e+01
1.457385969161987305e+01
4.194186711311340332e+01
1.056016635894775391e+01
1.915203475952148438e+01
1.985076999664306641e+01
3.234913325309753418e+01
2.066386389732360840e+01
2.076971673965454102e+01
3.064305782318115234e+01
3.218041110038757324e+01
1.464090299606323242e+01
3.817638015747070312e+01
3.988068342208862305e+01
1.055804967880249023e+01
1.505662584304809570e+01
3.353376388549804688e+01
1.108172202110290527e+01
4.181274700164794922e+01
1.703502368927001953e+01
1.165193533897399902e+01
1.903235125541687012e+01
2.607652068138122559e+01
2.005665159225463867e+01
2.469102001190185547e+01
2.088302588462829590e+01
1.584432196617126465e+01
2.672913432121276855e+01
3.172913742065429688e+01
1.377533316612243652e+01
3.297015595436096191e+01
1.584927797317504883e+01
2.769463062286376953e+01
1.522445034980773926e+01
1.516985917091369629e+01
2.143355154991149902e+01
3.228149652481079102e+01
3.220091080665588379e+01
1.949928832054138184e+01
1.807040929794311523e+01
4.596721243858337402e+01
4.799468660354614258e+01
3.071358728408813477e+01
3.521179103851318359e+01
1.325051856040954590e+01
2.201330041885375977e+01
1.676468825340270996e+01
4.357767057418823242e+01
1.779177236557006836e+01
2.013685989379882812e+01
1.937056446075439453e+01
3.750483393669128418e+01
3.930663394927978516e+01
1.625503659248352051e+01
4.886184072494506836e+01
3.433755493164062500e+01
2.782969117164611816e+01
1.770855689048767090e+01
2.732685685157775879e+01
1.748239064216613770e+01
2.661801528930664062e+01
1.714417219161987305e+01
3.903627395629882812e+01
2.232919406890869141e+01
4.030722856521606445e+01
2.338342666625976562e+01
2.366062188148498535e+01
1.778257894515991211e+01
1.890156722068786621e+01
1.879656243324279785e+01
2.387700843811035156e+01
4.539502024650573730e+01
1.670006084442138672e+01
1.042033314704895020e+01
2.458861994743347168e+01
5.025847101211547852e+01
2.813063549995422363e+01
3.702073216438293457e+01
3.180408906936645508e+01
3.036364006996154785e+01
2.007299923896789551e+01
2.160013890266418457e+01
2.441704344749450684e+01
1.582700371742248535e+01
2.543787384033203125e+01
3.592435550689697266e+01
3.011487293243408203e+01
3.178900599479675293e+01
1.794658136367797852e+01
2.775596904754638672e+01
2.322674894332885742e+01
3.864510154724121094e+01
2.383804059028625488e+01
3.639142012596130371e+01
4.067273569107055664e+01
1.695331764221191406e+01
2.583552312850952148e+01
2.438623738288879395e+01
2.479589080810546875e+01
2.539021086692810059e+01
2.851106858253479004e+01
5.018811726570129395e+01
2.869125795364379883e+01
3.332683157920837402e+01
3.766421198844909668e+01
3.418137145042419434e+01
3.846250295639038086e+01
2.448545742034912109e+01
1.853447866439819336e+01
3.889829421043395996e+01
1.899651122093200684e+01
4.979597020149230957e+01
4.071893525123596191e+01
4.118848776817321777e+01
2.666705846786499023e+01
2.005985975265502930e+01
4.188145756721496582e+01
3.501185321807861328e+01
2.378729748725891113e+01
5.077913880348205566e+01
3.452855920791625977e+01
3.022728443145751953e+01
1.920495152473449707e+01
2.527881550788879395e+01
3.044539475440979004e+01
2.495202732086181641e+01
3.985499286651611328e+01
2.939705252647399902e+01
2.072096824645996094e+01
4.238332319259643555e+01
3.221755814552307129e+01
2.041386079788208008e+01
4.142524623870849609e+01
1.872058081626892090e+01
2.363903069496154785e+01
2.293282032012939453e+01
2.669496226310729980e+01
4.169906854629516602e+01
3.001280617713928223e+01
2.340006709098815918e+01
2.624401736259460449e+01
3.175995802879333496e+01
1.580299139022827148e+01
1.509377789497375488e+01
3.277758312225341797e+01
1.557129383087158203e+01
3.629421663284301758e+01
2.962938880920410156e+01
1.958882880210876465e+01
3.508244895935058594e+01
5.125842833518981934e+01
1.734188342094421387e+01
2.657948780059814453e+01
3.471063566207885742e+01
3.577222585678100586e+01
3.159681844711303711e+01
1.946739196777343750e+01
3.982643580436706543e+01
1.599629902839660645e+01
2.921899032592773438e+01
3.989769363403320312e+01
2.959592795372009277e+01
1.864736723899841309e+01
3.330202007293701172e+01
5.103188037872314453e+00
4.925367450714111328e+01
1.267310571670532227e+01
2.144802927970886230e+01
1.897963213920593262e+01
4.064174175262451172e+00
2.631948232650756836e+01
1.432461380958557129e+01
1.316141939163208008e+01
5.807664394378662109e+00
2.173595666885375977e+01
3.375051212310791016e+01
9.847905635833740234e+00
1.395690679550170898e+01
2.286251997947692871e+01
3.796490430831909180e+01
1.649161577224731445e+01
2.460333204269409180e+01
3.437099814414978027e+01
1.767120647430419922e+01
1.815877103805541992e+01
3.155775475502014160e+01
1.209725069999694824e+01
2.060922336578369141e+01
1.681895184516906738e+01
1.077695035934448242e+01
7.011825323104858398e+00
1.023990249633789062e+01
1.506267261505126953e+01
9.966250181198120117e+00
3.077938318252563477e+01
1.478173208236694336e+01
3.264940428733825684e+01
7.569621562957763672e+00
9.625074148178100586e+00
1.740197706222534180e+01
1.979676079750061035e+01
4.126501369476318359e+01
2.070699191093444824e+01
1.606606793403625488e+01
2.046428132057189941e+01
4.772862935066223145e+01
8.320576429367065430e+00
7.926752090454101562e+00
2.330652284622192383e+01
2.649723577499389648e+01
4.342495489120483398e+01
1.926632308959960938e+01
2.204400944709777832e+01
1.038597154617309570e+01
1.680272078514099121e+01
1.786870694160461426e+01
2.522971391677856445e+01
3.734036970138549805e+01
1.783689332008361816e+01
2.898359203338623047e+01
1.881730389595031738e+01
2.237985420227050781e+01
2.295860838890075684e+01
5.430024003982543945e+01
2.351618790626525879e+01
1.661078071594238281e+01
2.401506447792053223e+01
2.018333482742309570e+01
3.747607803344726562e+01
2.161780142784118652e+01
3.851308631896972656e+01
3.526583123207092285e+01
2.190574574470520020e+01
2.320491766929626465e+01
1.680977058410644531e+01
2.436353683471679688e+01
1.940386486053466797e+01
1.589688563346862793e+01
3.568357920646667480e+01
1.090251755714416504e+01
1.549201369285583496e+01
2.431813502311706543e+01
4.468943667411804199e+01
1.822698616981506348e+01
2.592784261703491211e+01
2.695989322662353516e+01
1.915731263160705566e+01
2.488699340820312500e+01
2.116472578048706055e+01
2.193492889404296875e+01
2.410643100738525391e+01
2.410986995697021484e+01
2.694948935508728027e+01
2.046215891838073730e+01
3.628351879119873047e+01
2.675886464118957520e+01
4.860194945335388184e+01
2.155517530441284180e+01
3.985277891159057617e+01
5.557689356803894043e+01
2.661130189895629883e+01
1.886979579925537109e+01
2.453381490707397461e+01
2.606477236747741699e+01
3.764570569992065430e+01
2.539946722984313965e+01
2.199748468399047852e+01
3.161585116386413574e+01
2.517582011222839355e+01
2.223037910461425781e+01
2.631429791450500488e+01
2.208251810073852539e+01
2.749989032745361328e+01
2.492613673210144043e+01
2.040539121627807617e+01
2.446889019012451172e+01
1.973422384262084961e+01
2.499149370193481445e+01
2.403141903877258301e+01
1.510341596603393555e+01
2.610628104209899902e+01
3.940917682647705078e+01
2.262774038314819336e+01
1.360989332199096680e+01
2.085783147811889648e+01
1.956514024734497070e+01
4.063566231727600098e+01
2.255472683906555176e+01
2.214698529243469238e+01
2.347669768333435059e+01
3.403470301628112793e+01
2.587570571899414062e+01
2.876070857048034668e+01
1.537302184104919434e+01
4.752451372146606445e+01
1.068999910354614258e+01
8.617555141448974609e+00
2.199480271339416504e+01
3.720881485939025879e+01
9.709347963333129883e+00
2.219317007064819336e+01
3.324526476860046387e+01
2.255322480201721191e+01
1.684884452819824219e+01
1.451044368743896484e+01
2.875103330612182617e+01
2.013111352920532227e+01
2.468899011611938477e+01
2.774333882331848145e+01
4.871962475776672363e+01
2.469194459915161133e+01
3.070439982414245605e+01
2.829614233970642090e+01
6.195440292358398438e+01
2.229055500030517578e+01
1.735323190689086914e+01
3.015942645072937012e+01
2.487481665611267090e+01
1.629325604438781738e+01
1.694268727302551270e+01
2.675871014595031738e+01
3.505103445053100586e+01
3.320822858810424805e+01
2.477343726158142090e+01
1.523921298980712891e+01
2.203359508514404297e+01
1.539518737792968750e+01
2.205894207954406738e+01
4.146941184997558594e+01
3.435203862190246582e+01
5.142478370666503906e+01
2.833863520622253418e+01
4.768881487846374512e+01
3.681844592094421387e+01
2.746695089340209961e+01
2.655868244171142578e+01
6.504091405868530273e+01
4.962905192375183105e+01
1.647181510925292969e+01
3.066151213645935059e+01
3.781437873840332031e+01
3.527128481864929199e+01
4.661120963096618652e+01
3.200921034812927246e+01
1.459129524230957031e+01
3.755109715461730957e+01
1.451168298721313477e+01
4.512308168411254883e+01
3.457635259628295898e+01
2.731444501876831055e+01
1.998621511459350586e+01
2.111603093147277832e+01
4.065023875236511230e+01
1.428683519363403320e+01
1.731707406044006348e+01
1.584379863739013672e+01
1.564255499839782715e+01
9.238506078720092773e+00
8.587337970733642578e+00
1.667191267013549805e+01
1.562522792816162109e+01
2.403657341003417969e+01
1.669056463241577148e+01
1.872392153739929199e+01
2.422168684005737305e+01
2.261335062980651855e+01
1.590870070457458496e+01
1.810344314575195312e+01
1.828824996948242188e+01
1.085465598106384277e+01
1.927949285507202148e+01
2.573802685737609863e+01
2.693571138381958008e+01
1.722940254211425781e+01
2.183527421951293945e+01
2.027638626098632812e+01
2.068696427345275879e+01
2.259395122528076172e+01
2.212069654464721680e+01
2.091476440429687500e+01
2.658867645263671875e+01
2.738267540931701660e+01
2.799378848075866699e+01
1.787715482711791992e+01
2.736573600769042969e+01
3.833188843727111816e+01
2.166772317886352539e+01
2.618309926986694336e+01
2.458095669746398926e+01
4.297201180458068848e+01
1.691459012031555176e+01
2.155251240730285645e+01
2.148333740234375000e+01
2.794135355949401855e+01
2.830374646186828613e+01
3.367493391036987305e+01
2.236470103263854980e+01
3.271190333366394043e+01
3.149312281608581543e+01
4.729814815521240234e+01
2.211889743804931641e+01
2.764594793319702148e+01
1.675181794166564941e+01
1.768074870109558105e+01
4.779931068420410156e+01
2.115583491325378418e+01
2.723903417587280273e+01
2.564734840393066406e+01
2.308157300949096680e+01
2.706643342971801758e+01
2.481365656852722168e+01
3.725568127632141113e+01
2.270842862129211426e+01
3.321240973472595215e+01
2.991910123825073242e+01
2.581430816650390625e+01
2.355589652061462402e+01
2.750971198081970215e+01
4.407966017723083496e+01
2.993369984626770020e+01
3.106883573532104492e+01
2.839249300956726074e+01
4.168945860862731934e+01
2.674661684036254883e+01
2.562121605873107910e+01
2.971116185188293457e+01
2.207976508140563965e+01
1.775802135467529297e+01
4.970667719841003418e+01
3.019132542610168457e+01
2.552363753318786621e+01
2.639056444168090820e+01
4.474520921707153320e+01
2.632247853279113770e+01
2.835384345054626465e+01
2.188219881057739258e+01
2.677766132354736328e+01
3.044492864608764648e+01
3.158305835723876953e+01
4.391803526878356934e+01
2.639741969108581543e+01
2.457865643501281738e+01
2.022158861160278320e+01
2.700627684593200684e+01
2.365589189529418945e+01
2.887138032913208008e+01
3.095155620574951172e+01
3.210110378265380859e+01
2.508176136016845703e+01
2.649003219604492188e+01
3.735383367538452148e+01
5.026071786880493164e+01
2.534502172470092773e+01
2.727217292785644531e+01
2.660868120193481445e+01
2.651663064956665039e+01
2.609192991256713867e+01
2.737563347816467285e+01
2.684521722793579102e+01
4.442238759994506836e+01
2.207494854927062988e+01
2.172060871124267578e+01
3.270046734809875488e+01
2.172992014884948730e+01
2.630184745788574219e+01
2.677631902694702148e+01
3.388610363006591797e+01
3.092150712013244629e+01
3.572832894325256348e+01
3.304426288604736328e+01
2.445252704620361328e+01
2.863654375076293945e+01
2.478314471244812012e+01
3.161837697029113770e+01
2.699204349517822266e+01
3.653370594978332520e+01
3.744640684127807617e+01
1.349561643600463867e+01
3.379290795326232910e+01
3.163791894912719727e+01
3.113887333869934082e+01
3.173876833915710449e+01
3.837317562103271484e+01
3.794982457160949707e+01
3.015184450149536133e+01
2.797141098976135254e+01
4.058490753173828125e+01
3.766990995407104492e+01
2.896141576766967773e+01
4.730969309806823730e+01
3.253531503677368164e+01
2.974125576019287109e+01
3.398535013198852539e+01
4.081688642501831055e+01
3.754849195480346680e+01
3.433434152603149414e+01
3.588124012947082520e+01
4.119126915931701660e+01
2.081280994415283203e+01
3.689053821563720703e+01
3.705629658699035645e+01
6.059231615066528320e+01
3.645004963874816895e+01
3.560418462753295898e+01
3.742997384071350098e+01
1.534291553497314453e+01
3.578139638900756836e+01
2.164833903312683105e+01
1.607719802856445312e+01
3.541826438903808594e+01
1.317178630828857422e+01
4.678952431678771973e+01
3.165548205375671387e+01
1.127595067024230957e+01
4.291636776924133301e+01
3.156121969223022461e+01
1.611230039596557617e+01
3.470187830924987793e+01
2.472835564613342285e+01
2.563239598274230957e+01
3.992709302902221680e+01
1.649229621887207031e+01
1.920861768722534180e+01
2.079319739341735840e+01
2.996220541000366211e+01
3.996934914588928223e+01
1.796602845191955566e+01
4.069586157798767090e+01
2.625440764427185059e+01
1.625643801689147949e+01
2.034817242622375488e+01
3.087218666076660156e+01
2.068198442459106445e+01
2.005491232872009277e+01
2.592827963829040527e+01
1.904154539108276367e+01
1.684460401535034180e+01
1.821807599067687988e+01
1.707329797744750977e+01
1.876854491233825684e+01
2.636485219001770020e+01
3.720649743080139160e+01
1.867139101028442383e+01
1.893816876411437988e+01
2.434389281272888184e+01
1.924094820022583008e+01
1.751378631591796875e+01
2.012916898727416992e+01
1.799214172363281250e+01
2.642723894119262695e+01
3.753629159927368164e+01
1.905376219749450684e+01
3.055832982063293457e+01
1.888372850418090820e+01
1.748675107955932617e+01
2.825761699676513672e+01
4.187303352355957031e+01
1.664657664299011230e+01
1.680346727371215820e+01
1.893668055534362793e+01
2.593192028999328613e+01
1.881582498550415039e+01
1.610536909103393555e+01
1.820766782760620117e+01
2.331377220153808594e+01
1.334128141403198242e+01
2.756073069572448730e+01
2.183878588676452637e+01
2.580550360679626465e+01
1.936130595207214355e+01
1.989761829376220703e+01
3.776808786392211914e+01
1.940003466606140137e+01
1.954114675521850586e+01
2.160586309432983398e+01
2.272045755386352539e+01
2.710762453079223633e+01
2.705391621589660645e+01
2.325549364089965820e+01
4.594875454902648926e+01
2.137255787849426270e+01
3.676069617271423340e+01
2.595679521560668945e+01
1.794717884063720703e+01
2.996137833595275879e+01
2.778971624374389648e+01
1.759509229660034180e+01
1.678766822814941406e+01
2.448147988319396973e+01
1.878301715850830078e+01
1.459365558624267578e+01
2.024377417564392090e+01
2.405315279960632324e+01
2.452986764907836914e+01
1.664360547065734863e+01
1.451835703849792480e+01
4.922879576683044434e+01
2.494341540336608887e+01
2.763559412956237793e+01
2.534814333915710449e+01
2.643446183204650879e+01
1.616965842247009277e+01
2.629949736595153809e+01
1.951496577262878418e+01
4.688763165473937988e+01
1.747724747657775879e+01
2.922944164276123047e+01
2.595567107200622559e+01
2.679763197898864746e+01
2.263565611839294434e+01
3.002538204193115234e+01
2.329267311096191406e+01
4.256428265571594238e+01
3.001381468772888184e+01
1.986476755142211914e+01
2.937829566001892090e+01
1.637330245971679688e+01
2.769729518890380859e+01
1.937223339080810547e+01
2.832881879806518555e+01
4.483226466178894043e+01
2.913527226448059082e+01
3.096741604804992676e+01
2.108663296699523926e+01
2.952561211585998535e+01
3.110095095634460449e+01
1.655242061614990234e+01
1.473170661926269531e+01
1.431038045883178711e+01
1.236036992073059082e+01
3.464999556541442871e+01
2.563805222511291504e+01
3.844210386276245117e+01
1.504884171485900879e+01
2.338619613647460938e+01
1.576131606101989746e+01
3.971730113029479980e+01
3.259943580627441406e+01
1.574150395393371582e+01
3.293777108192443848e+01
2.390082716941833496e+01
4.032742047309875488e+01
2.245179700851440430e+01
3.431424927711486816e+01
2.536990976333618164e+01
4.402457737922668457e+01
4.646316981315612793e+01
1.657281374931335449e+01
2.450126528739929199e+01
1.389594030380249023e+01
3.269433116912841797e+01
1.861524724960327148e+01
2.434937381744384766e+01
4.432162570953369141e+01
4.165702152252197266e+01
1.988643956184387207e+01
1.509265708923339844e+01
2.307600474357604980e+01
1.744969820976257324e+01
3.929053306579589844e+01
2.041446518898010254e+01
2.628927850723266602e+01
1.986052298545837402e+01
1.113142776489257812e+01
2.651667571067810059e+01
2.957709765434265137e+01
2.081631231307983398e+01
3.425628352165222168e+01
1.602272534370422363e+01
2.895111179351806641e+01
2.769486260414123535e+01
3.005443930625915527e+01
4.573778104782104492e+01
2.920850253105163574e+01
2.876379942893981934e+01
1.974691987037658691e+01
3.019108104705810547e+01
2.650193619728088379e+01
2.593091750144958496e+01
2.443419122695922852e+01
3.500194430351257324e+01
3.562671566009521484e+01
4.844274687767028809e+01
2.000331163406372070e+01
3.035190081596374512e+01
2.842188692092895508e+01
3.017926263809204102e+01
2.950852656364440918e+01
3.530106472969055176e+01
3.672910952568054199e+01
2.769847941398620605e+01
2.839376544952392578e+01
3.698134589195251465e+01
2.644926428794860840e+01
2.141573381423950195e+01
2.591358089447021484e+01
1.488110876083374023e+01
5.116044950485229492e+01
3.851397347450256348e+01
3.297178554534912109e+01
4.532814049720764160e+01
3.451178145408630371e+01
3.581594800949096680e+01
2.423896741867065430e+01
2.582583761215209961e+01
3.333884739875793457e+01
3.081125783920288086e+01
3.355551338195800781e+01
3.248399448394775391e+01
3.434935164451599121e+01
4.439670443534851074e+01
3.403253483772277832e+01
3.057630419731140137e+01
3.467631220817565918e+01
2.703495001792907715e+01
3.751453208923339844e+01
4.579181218147277832e+01
3.491141462326049805e+01
5.142192482948303223e+01
3.696423554420471191e+01
3.768989825248718262e+01
2.193533658981323242e+01
3.537093544006347656e+01
5.436171150207519531e+01
2.222270703315734863e+01
2.364206957817077637e+01
5.506051039695739746e+01
3.748183131217956543e+01
2.721999526023864746e+01
2.585400104522705078e+01
2.487123608589172363e+01
2.116666388511657715e+01
2.263768911361694336e+01
3.588172674179077148e+01
1.872808742523193359e+01
3.701145219802856445e+01
4.062184548377990723e+01
4.540603208541870117e+01
3.547455644607543945e+01
4.048736977577209473e+01
3.600850296020507812e+01
2.959821081161499023e+01
4.485188364982604980e+01
3.482376885414123535e+01
4.175531506538391113e+01
3.067113018035888672e+01
3.891367864608764648e+01
2.864491105079650879e+01
2.385089159011840820e+01
4.053943371772766113e+01
2.128751134872436523e+01
3.950185728073120117e+01
4.167993474006652832e+01
5.793998765945434570e+01
2.907185697555541992e+01
2.572816538810729980e+01
2.578940677642822266e+01
4.159695458412170410e+01
3.432888865470886230e+01
3.245848131179809570e+01
3.479563593864440918e+01
3.309780335426330566e+01
2.854415893554687500e+01
6.085904765129089355e+01
4.390219783782958984e+01
4.296010494232177734e+01
3.009834313392639160e+01
2.974052023887634277e+01
9.045866727828979492e+00
3.366073513031005859e+01
2.928591156005859375e+01
1.621127271652221680e+01
4.476957798004150391e+01
3.533668279647827148e+01
2.277753901481628418e+01
7.009962558746337891e+00
7.027050733566284180e+00
3.088704252243041992e+01
7.374457120895385742e+00
1.140575432777404785e+01
1.298768138885498047e+01
2.744220519065856934e+01
2.996752333641052246e+01
8.634763240814208984e+00
1.821198987960815430e+01
1.800381875038146973e+01
1.822421169281005859e+01
1.743804073333740234e+01
1.226652097702026367e+01
4.252076125144958496e+01
1.716466116905212402e+01
9.883148908615112305e+00
3.233090472221374512e+01
1.476081085205078125e+01
1.976318216323852539e+01
4.822474169731140137e+01
1.707095479965209961e+01
1.054620504379272461e+01
3.119853234291076660e+01
2.011569118499755859e+01
1.067334413528442383e+01
1.712676215171813965e+01
2.042914509773254395e+01
4.107570815086364746e+01
1.142566347122192383e+01
4.292261362075805664e+01
1.308891630172729492e+01
2.824940466880798340e+01
3.122079396247863770e+01
4.431836843490600586e+01
2.062619376182556152e+01
1.708461236953735352e+01
3.482214856147766113e+01
3.967829322814941406e+01
1.919856667518615723e+01
3.463335347175598145e+01
1.408831429481506348e+01
2.571263408660888672e+01
1.852027082443237305e+01
3.450751042366027832e+01
2.477535295486450195e+01
3.857385349273681641e+01
3.697457528114318848e+01
2.106939339637756348e+01
1.853583765029907227e+01
1.782718062400817871e+01
1.794442057609558105e+01
1.986030483245849609e+01
2.233799099922180176e+01
3.024926757812500000e+01
3.260974359512329102e+01
2.557560706138610840e+01
4.853358411788940430e+01
2.842827749252319336e+01
4.395943260192871094e+01
4.098228335380554199e+01
3.579303097724914551e+01
4.970496678352355957e+01
3.702908730506896973e+01
3.699176335334777832e+01
3.199094438552856445e+01
2.609086585044860840e+01
4.044592976570129395e+01
4.660109734535217285e+01
2.855833482742309570e+01
3.733222651481628418e+01
1.593647408485412598e+01
3.692947673797607422e+01
4.406720733642578125e+01
4.395240092277526855e+01
4.021826720237731934e+01
4.580299377441406250e+01
3.873984789848327637e+01
1.450391793251037598e+01
4.790064167976379395e+01
3.469974207878112793e+01
2.702392935752868652e+01
3.130495262145996094e+01
3.934816336631774902e+01
4.005965256690979004e+01
3.249924015998840332e+01
3.084608840942382812e+01
3.408946895599365234e+01
4.174744272232055664e+01
3.695592236518859863e+01
3.332309126853942871e+01
3.605658006668090820e+01
4.661968660354614258e+01
5.271902275085449219e+01
4.457676434516906738e+01
3.776874375343322754e+01
2.508514165878295898e+01
3.273673582077026367e+01
3.654895710945129395e+01
1.839186835289001465e+01
1.748987126350402832e+01
5.017112708091735840e+01
4.590614938735961914e+01
4.626706218719482422e+01
4.091001009941101074e+01
4.084871292114257812e+01
2.711018610000610352e+01
3.977904486656188965e+01
1.897501325607299805e+01
4.081230902671813965e+01
4.695174717903137207e+01
3.430230760574340820e+01
3.536381125450134277e+01
3.635502266883850098e+01
4.174441599845886230e+01
2.347234606742858887e+01
5.369444203376770020e+01
1.741480350494384766e+01
4.208468389511108398e+01
2.309927535057067871e+01
4.100097155570983887e+01
5.581329560279846191e+01
3.309267783164978027e+01
4.150203990936279297e+01
3.939519262313842773e+01
3.788525938987731934e+01
3.240036368370056152e+01
3.963356399536132812e+01
2.649878883361816406e+01
3.655137825012207031e+01
4.123280882835388184e+01
3.795950770378112793e+01
4.905191469192504883e+01
2.297662258148193359e+01
1.544874453544616699e+01
3.488060665130615234e+01
5.243311023712158203e+01
4.378600692749023438e+01
4.162496948242187500e+01
6.250923132896423340e+01
4.206291294097900391e+01
4.374758744239807129e+01
1.770088577270507812e+01
1.232295703887939453e+01
4.698860979080200195e+01
4.552896547317504883e+01
3.092902898788452148e+01
6.255018043518066406e+01
4.571005940437316895e+01
1.249513888359069824e+01
1.501484370231628418e+01
1.012023591995239258e+01
1.597400665283203125e+01
1.670376324653625488e+01
1.745000410079956055e+01
1.660671234130859375e+01
4.890059518814086914e+01
1.298207569122314453e+01
1.276928949356079102e+01
1.675033664703369141e+01
1.551617670059204102e+01
1.460598850250244141e+01
1.723806953430175781e+01
1.839603710174560547e+01
1.396660828590393066e+01
1.428843355178833008e+01
1.679235410690307617e+01
1.728757429122924805e+01
2.679050326347351074e+01
3.694861292839050293e+01
2.579874300956726074e+01
2.411596035957336426e+01
2.183113265037536621e+01
1.367914342880249023e+01
2.189495348930358887e+01
2.226267957687377930e+01
1.322833013534545898e+01
3.172573709487915039e+01
1.428755736351013184e+01
1.605708861351013184e+01
2.454255700111389160e+01
1.878231406211853027e+01
3.150891423225402832e+01
2.619765758514404297e+01
2.063155627250671387e+01
1.527443218231201172e+01
7.494325876235961914e+00
6.715712785720825195e+00
1.340185952186584473e+01
1.359211587905883789e+01
1.848761820793151855e+01
2.683818221092224121e+01
1.292139220237731934e+01
1.189852881431579590e+01
1.721507883071899414e+01
2.293769598007202148e+01
1.757151603698730469e+01
2.203592443466186523e+01
2.410564160346984863e+01
1.386836576461791992e+01
1.394757556915283203e+01
2.682282161712646484e+01
2.824015331268310547e+01
2.003488755226135254e+01
1.554495787620544434e+01
5.629052639007568359e+00
1.073360633850097656e+01
2.898468327522277832e+01
2.906968951225280762e+01
1.338267588615417480e+01
3.359760880470275879e+01
4.015434837341308594e+01
2.841069841384887695e+01
2.826833343505859375e+01
9.077754497528076172e+00
3.666122889518737793e+01
2.203143262863159180e+01
9.744695663452148438e+00
4.111034750938415527e+01
1.593763709068298340e+01
3.067698669433593750e+01
1.338283443450927734e+01
1.245702481269836426e+01
3.468171954154968262e+01
3.597884058952331543e+01
1.682627153396606445e+01
1.686965084075927734e+01
1.890079069137573242e+01
1.139250469207763672e+01
2.092552733421325684e+01
2.464988684654235840e+01
2.511859178543090820e+01
1.963881587982177734e+01
2.218598222732543945e+01
2.189864397048950195e+01
8.715185165405273438e+00
2.207821202278137207e+01
2.231267380714416504e+01
1.843201541900634766e+01
1.349572110176086426e+01
2.873263597488403320e+01
2.928821372985839844e+01
1.458074831962585449e+01
4.573110222816467285e+01
1.356325912475585938e+01
3.584327936172485352e+01
2.183330488204956055e+01
1.164716172218322754e+01
2.924027943611145020e+01
2.974830341339111328e+01
3.251869535446166992e+01
2.071151208877563477e+01
2.531149363517761230e+01
2.933767962455749512e+01
3.179084420204162598e+01
2.321789646148681641e+01
1.929876971244812012e+01
9.803771972656250000e+00
1.586786007881164551e+01
8.936073303222656250e+00
3.920370292663574219e+01
3.757544994354248047e+01
3.132100605964660645e+01
1.738530445098876953e+01
1.518230891227722168e+01
2.523877143859863281e+01
2.225056195259094238e+01
1.720918273925781250e+01
1.647343015670776367e+01
1.891871666908264160e+01
2.152859473228454590e+01
1.873810100555419922e+01
1.978743076324462891e+01
2.912828183174133301e+01
3.422348570823669434e+01
2.674166440963745117e+01
2.636668992042541504e+01
2.714673662185668945e+01
1.771683335304260254e+01
2.427526855468750000e+01
2.057906889915466309e+01
1.664391398429870605e+01
3.675221347808837891e+01
2.567246437072753906e+01
2.800353217124938965e+01
1.987645316123962402e+01
2.215970134735107422e+01
3.423406481742858887e+01
2.923728036880493164e+01
2.202594947814941406e+01
3.351814723014831543e+01
2.963861179351806641e+01
3.005691742897033691e+01
1.371423935890197754e+01
3.063485789299011230e+01
2.677444672584533691e+01
1.684386992454528809e+01
3.781150460243225098e+01
2.665351438522338867e+01
2.335123586654663086e+01
1.576385951042175293e+01
4.072629833221435547e+01
1.543492841720581055e+01
3.196753478050231934e+01
2.229894256591796875e+01
2.609895300865173340e+01
3.063515543937683105e+01
2.628346204757690430e+01
3.688762640953063965e+01
2.467545557022094727e+01
3.878632259368896484e+01
1.491259527206420898e+01
1.699936294555664062e+01
3.623548150062561035e+01
1.858065009117126465e+01
1.843003892898559570e+01
1.248666524887084961e+01
3.748742961883544922e+01
1.496198773384094238e+01
1.435919404029846191e+01
2.542553615570068359e+01
1.133474278450012207e+01
2.408487367630004883e+01
1.980760598182678223e+01
3.303507399559020996e+01
2.310087156295776367e+01
2.733317351341247559e+01
1.617794299125671387e+01
2.456546139717102051e+01
3.146203994750976562e+01
1.416660165786743164e+01
2.566302227973937988e+01
1.595238780975341797e+01
3.657231450080871582e+01
3.037191128730773926e+01
2.978690576553344727e+01
2.578156495094299316e+01
3.160539698600769043e+01
1.194843411445617676e+01
2.310054135322570801e+01
2.135956358909606934e+01
1.063678193092346191e+01
2.188914990425109863e+01
3.068386793136596680e+01
2.166768240928649902e+01
2.591664242744445801e+01
2.312508893013000488e+01
2.825396943092346191e+01
1.532762908935546875e+01
2.018962383270263672e+01
2.755475020408630371e+01
1.731771516799926758e+01
1.713573002815246582e+01
2.899694848060607910e+01
1.685938119888305664e+01
2.678731298446655273e+01
2.951770186424255371e+01
3.539649891853332520e+01
1.852153277397155762e+01
1.061643981933593750e+01
3.860529685020446777e+01
3.381543254852294922e+01
2.098397827148437500e+01
2.258347392082214355e+01
2.596427869796752930e+01
2.201056361198425293e+01
2.028587794303894043e+01
9.082104206085205078e+00
3.846006727218627930e+01
2.870663833618164062e+01
3.034923648834228516e+01
2.037373781204223633e+01
3.018126869201660156e+01
2.864172267913818359e+01
2.787642097473144531e+01
2.221228861808776855e+01
2.931519150733947754e+01
2.231436204910278320e+01
2.450262546539306641e+01
2.150971817970275879e+01
1.718890547752380371e+01
1.988549447059631348e+01
2.092892050743103027e+01
3.209672188758850098e+01
2.707805609703063965e+01
2.950094175338745117e+01
3.067806100845336914e+01
2.219519257545471191e+01
3.037160992622375488e+01
3.483061885833740234e+01
3.683433032035827637e+01
2.596118068695068359e+01
2.971780252456665039e+01
3.007266259193420410e+01
2.181057095527648926e+01
2.442963910102844238e+01
3.149859666824340820e+01
3.128362059593200684e+01
1.305198955535888672e+01
1.816787600517272949e+01
1.418758726119995117e+01
3.165099382400512695e+01
4.167758560180664062e+01
1.494915103912353516e+01
1.651069283485412598e+01
2.275406622886657715e+01
2.935991716384887695e+01
2.714515852928161621e+01
2.827226758003234863e+01
2.670515012741088867e+01
2.269081211090087891e+01
1.716316533088684082e+01
1.810513997077941895e+01
4.137274813652038574e+01
3.644200444221496582e+01
1.042351388931274414e+01
1.451541757583618164e+01
3.726658725738525391e+01
1.826164698600769043e+01
9.593429803848266602e+00
1.552012348175048828e+01
2.237326931953430176e+01
3.935713887214660645e+01
3.838812637329101562e+01
1.063677358627319336e+01
1.146331405639648438e+01
4.360534596443176270e+01
3.874924063682556152e+01
2.057100057601928711e+01
2.318853306770324707e+01
3.549382877349853516e+01
1.805031538009643555e+01
3.585911107063293457e+01
2.496128273010253906e+01
3.228272676467895508e+01
4.263918900489807129e+01
2.236376595497131348e+01
1.489938592910766602e+01
3.110278606414794922e+01
2.102169036865234375e+01
2.385644221305847168e+01
2.245958781242370605e+01
3.878995466232299805e+01
3.207272124290466309e+01
2.354530715942382812e+01
2.442296051979064941e+01
2.856101775169372559e+01
2.435714221000671387e+01
4.359918093681335449e+01
4.041449713706970215e+01
2.905440044403076172e+01
2.152468109130859375e+01
2.650198507308959961e+01
3.012005519866943359e+01
2.246083950996398926e+01
1.672353315353393555e+01
2.896343302726745605e+01
2.819489121437072754e+01
2.245671057701110840e+01
3.510835027694702148e+01
2.267980337142944336e+01
2.880014991760253906e+01
2.435652256011962891e+01
1.768726801872253418e+01
2.761471915245056152e+01
3.759455418586730957e+01
3.628887224197387695e+01
1.455098128318786621e+01
