1.490613150596618652e+01
2.332224631309509277e+01
2.256186127662658691e+01
2.730307054519653320e+01
1.830994701385498047e+01
2.147468090057373047e+01
2.567048859596252441e+01
2.223101496696472168e+01
3.242765569686889648e+01
2.115079498291015625e+01
2.238610410690307617e+01
2.049732303619384766e+01
2.311216807365417480e+01
3.795058560371398926e+01
1.285949802398681641e+01
1.743031644821166992e+01
1.151828002929687500e+01
2.628080129623413086e+01
2.137653183937072754e+01
3.628903222084045410e+01
2.303062129020690918e+01
1.473077273368835449e+01
2.835102820396423340e+01
3.895762801170349121e+01
2.346838188171386719e+01
3.678149414062500000e+01
2.747050094604492188e+01
3.848813104629516602e+01
2.737494921684265137e+01
1.435923743247985840e+01
2.517786622047424316e+01
2.780922269821166992e+01
3.018759179115295410e+01
5.555352401733398438e+01
2.270113682746887207e+01
3.523930668830871582e+01
3.272881245613098145e+01
3.417599201202392578e+01
1.853719520568847656e+01
2.712863349914550781e+01
4.009239935874938965e+01
2.887975478172302246e+01
2.413191533088684082e+01
2.757734203338623047e+01
2.590354418754577637e+01
4.412057113647460938e+01
4.217144560813903809e+01
2.071722197532653809e+01
4.034759998321533203e+01
4.962836837768554688e+01
3.766340899467468262e+01
5.585598731040954590e+01
3.112204527854919434e+01
5.072947192192077637e+01
2.371734452247619629e+01
1.544697618484497070e+01
2.340366721153259277e+01
5.227622413635253906e+01
4.167282772064208984e+01
3.126589322090148926e+01
3.398963618278503418e+01
2.736499404907226562e+01
5.956464362144470215e+01
3.273798990249633789e+01
1.477899837493896484e+01
3.863981461524963379e+01
2.062259221076965332e+01
2.473047757148742676e+01
3.860362005233764648e+01
3.328586626052856445e+01
4.951260733604431152e+01
2.454214286804199219e+01
1.818851590156555176e+01
3.556439661979675293e+01
2.551450324058532715e+01
1.947138404846191406e+01
3.518138933181762695e+01
3.813380622863769531e+01
3.482334303855895996e+01
2.012738752365112305e+01
2.627366924285888672e+01
4.542705035209655762e+01
3.557223010063171387e+01
2.686318540573120117e+01
2.472336411476135254e+01
2.173420596122741699e+01
3.603643035888671875e+01
2.608526706695556641e+01
2.500529861450195312e+01
3.732767486572265625e+01
4.934938645362854004e+01
4.398837995529174805e+01
1.920383763313293457e+01
2.858435940742492676e+01
3.674746632575988770e+01
4.876556539535522461e+01
3.865482902526855469e+01
4.863134360313415527e+01
2.851105165481567383e+01
3.742990064620971680e+01
1.540907645225524902e+01
3.503162479400634766e+01
3.350813436508178711e+01
3.878886604309082031e+01
2.829476404190063477e+01
3.645265007019042969e+01
3.933801531791687012e+01
2.568296432495117188e+01
2.984784412384033203e+01
5.503083348274230957e+01
1.084131956100463867e+01
6.247169804573059082e+01
4.342388153076171875e+01
7.099945878982543945e+01
4.128597569465637207e+01
4.351753306388854980e+01
3.599292683601379395e+01
5.471210575103759766e+01
4.091712021827697754e+01
3.745016813278198242e+01
2.053963422775268555e+01
2.350406789779663086e+01
2.582569360733032227e+01
3.877862763404846191e+01
6.511826062202453613e+01
2.679125666618347168e+01
5.134590983390808105e+01
3.048693656921386719e+01
1.466393446922302246e+01
3.064860367774963379e+01
2.906313371658325195e+01
3.552060008049011230e+01
3.038440585136413574e+01
4.244831657409667969e+01
3.331225085258483887e+01
2.909151244163513184e+01
1.790360379219055176e+01
2.298867964744567871e+01
2.608370947837829590e+01
2.554888606071472168e+01
3.023515963554382324e+01
3.774613666534423828e+01
3.676469731330871582e+01
2.679722070693969727e+01
3.941121006011962891e+01
1.618577647209167480e+01
3.365529751777648926e+01
4.451957058906555176e+01
2.075424075126647949e+01
3.624314117431640625e+01
4.930365204811096191e+01
2.187445545196533203e+01
3.707018876075744629e+01
6.264879918098449707e+01
5.192681360244750977e+01
5.590181422233581543e+01
4.729855132102966309e+01
2.547438168525695801e+01
3.595968294143676758e+01
3.287962293624877930e+01
1.081519246101379395e+01
2.520283246040344238e+01
4.243796968460083008e+01
2.757013535499572754e+01
2.266538047790527344e+01
3.349021697044372559e+01
3.214804601669311523e+01
4.536920094490051270e+01
4.688786029815673828e+01
1.105880022048950195e+01
4.630936121940612793e+01
2.485983014106750488e+01
6.011400794982910156e+01
5.740274953842163086e+01
2.463163661956787109e+01
3.033189606666564941e+01
5.371036934852600098e+01
7.095438337326049805e+01
5.535751318931579590e+01
5.553871512413024902e+01
3.089689803123474121e+01
2.536667013168334961e+01
3.611919808387756348e+01
4.196249771118164062e+01
2.955117034912109375e+01
3.327124023437500000e+01
2.411515402793884277e+01
4.601131463050842285e+01
4.303523635864257812e+01
2.466936421394348145e+01
2.896699142456054688e+01
4.558469271659851074e+01
4.516544580459594727e+01
5.541311645507812500e+01
4.609456920623779297e+01
1.994353222846984863e+01
4.764753007888793945e+01
4.990658521652221680e+01
2.306330347061157227e+01
5.015043234825134277e+01
8.238543677330017090e+01
3.535790061950683594e+01
2.312322592735290527e+01
1.895249295234680176e+01
4.781673240661621094e+01
6.022371768951416016e+01
2.459081578254699707e+01
2.635575866699218750e+01
1.585431361198425293e+01
3.563594031333923340e+01
3.210333108901977539e+01
4.478172874450683594e+01
5.604959416389465332e+01
5.213222980499267578e+01
2.036227560043334961e+01
6.518263316154479980e+01
4.102898359298706055e+01
3.384584593772888184e+01
2.283523654937744141e+01
6.775449228286743164e+01
1.272811818122863770e+01
3.342773294448852539e+01
2.851889514923095703e+01
1.371876192092895508e+01
3.187248015403747559e+01
2.092831707000732422e+01
4.656583857536315918e+01
4.111954402923583984e+01
4.618435192108154297e+01
6.746304917335510254e+01
2.107801055908203125e+01
2.375720548629760742e+01
7.449371576309204102e+00
2.239491605758666992e+01
4.741116309165954590e+01
5.530979800224304199e+01
1.049776625633239746e+01
3.139979195594787598e+01
2.234873938560485840e+01
5.810580492019653320e+01
1.287648963928222656e+01
3.627578568458557129e+01
5.025375914573669434e+01
6.168602180480957031e+01
1.307885742187500000e+01
4.087067294120788574e+01
2.281746697425842285e+01
5.160535764694213867e+01
2.732700300216674805e+01
4.801552248001098633e+01
3.530910372734069824e+01
4.598472666740417480e+01
4.808176565170288086e+01
5.713804936408996582e+01
1.507293391227722168e+01
4.417933273315429688e+01
4.128699994087219238e+01
3.795827531814575195e+01
5.604668974876403809e+01
7.962088465690612793e+01
2.749254083633422852e+01
2.303717947006225586e+01
5.182645440101623535e+01
2.798937344551086426e+01
3.720314240455627441e+01
2.336080384254455566e+01
5.287171387672424316e+01
5.784051203727722168e+01
3.032714080810546875e+01
5.576934337615966797e+01
5.399512004852294922e+01
7.441302156448364258e+01
3.582013845443725586e+01
4.927697706222534180e+01
3.542724633216857910e+01
2.932001352310180664e+01
4.077618718147277832e+01
3.725691843032836914e+01
3.360716724395751953e+01
3.673867297172546387e+01
2.845376539230346680e+01
4.606884527206420898e+01
3.374370884895324707e+01
3.814479279518127441e+01
5.556600832939147949e+01
8.108389019966125488e+01
7.574316906929016113e+01
3.933918786048889160e+01
6.704913830757141113e+01
5.837101674079895020e+01
7.197298836708068848e+01
2.018578052520751953e+01
4.358499312400817871e+01
7.796590614318847656e+01
4.437234568595886230e+01
1.720615935325622559e+01
3.074640274047851562e+01
3.430816316604614258e+01
4.579582190513610840e+01
4.861193394660949707e+01
4.276120662689208984e+01
5.365896701812744141e+01
4.681527471542358398e+01
6.133355712890625000e+01
3.498485636711120605e+01
6.635498523712158203e+01
2.890046405792236328e+01
5.038233542442321777e+01
5.150610947608947754e+01
4.291371512413024902e+01
4.639807343482971191e+01
2.609342956542968750e+01
4.042344069480895996e+01
4.773096561431884766e+01
2.171973323822021484e+01
7.780374193191528320e+01
4.942855262756347656e+01
6.825291848182678223e+01
5.487103247642517090e+01
8.389481377601623535e+01
2.716272664070129395e+01
3.777036356925964355e+01
2.815066266059875488e+01
3.283269166946411133e+01
5.890919327735900879e+01
2.642460083961486816e+01
2.625806951522827148e+01
4.988856244087219238e+01
3.151858520507812500e+01
5.943090653419494629e+01
3.231963682174682617e+01
2.779190444946289062e+01
4.415962457656860352e+01
3.185558986663818359e+01
3.087213778495788574e+01
5.512202644348144531e+01
3.389450216293334961e+01
3.308278894424438477e+01
7.008095550537109375e+01
7.812908864021301270e+01
3.643670511245727539e+01
7.019730043411254883e+01
7.144242167472839355e+01
7.909177589416503906e+01
3.692974567413330078e+01
3.678217315673828125e+01
3.841228461265563965e+01
6.038487195968627930e+01
6.886251354217529297e+01
2.181728696823120117e+01
2.498824429512023926e+01
3.828085947036743164e+01
2.086795616149902344e+01
3.355001282691955566e+01
1.934143877029418945e+01
6.163826775550842285e+01
5.948803210258483887e+01
3.546872711181640625e+01
4.880566024780273438e+01
3.375090599060058594e+01
4.114814972877502441e+01
2.627318787574768066e+01
2.852826571464538574e+01
2.466328144073486328e+01
5.489242410659790039e+01
4.409926605224609375e+01
2.137434625625610352e+01
3.430637216567993164e+01
1.145277929306030273e+01
5.868709731101989746e+01
4.605198383331298828e+01
5.538833117485046387e+01
1.522046780586242676e+01
1.222209429740905762e+01
3.593687152862548828e+01
2.846635055541992188e+01
1.472595906257629395e+01
5.629511213302612305e+01
2.698874425888061523e+01
3.385768222808837891e+01
4.403680706024169922e+01
2.189356160163879395e+01
1.760408782958984375e+01
1.526894497871398926e+01
4.093097043037414551e+01
6.643961644172668457e+01
3.741717648506164551e+01
4.603337740898132324e+01
2.997803473472595215e+01
7.120618057250976562e+01
9.672039294242858887e+01
1.841800284385681152e+01
1.368897604942321777e+01
4.177960920333862305e+01
4.359158754348754883e+01
2.090478396415710449e+01
3.741631460189819336e+01
5.346915984153747559e+01
3.923188257217407227e+01
2.650561499595642090e+01
3.972548556327819824e+01
3.838592457771301270e+01
4.589541721343994141e+01
3.788721632957458496e+01
2.992771911621093750e+01
4.634365320205688477e+01
4.295047545433044434e+01
5.425748205184936523e+01
3.060969376564025879e+01
3.957688379287719727e+01
2.681429028511047363e+01
4.635922694206237793e+01
5.532442736625671387e+01
6.539907741546630859e+01
5.871056199073791504e+01
5.155587244033813477e+01
4.641608548164367676e+01
3.153844738006591797e+01
5.975893378257751465e+01
3.676377201080322266e+01
2.672023582458496094e+01
2.794097971916198730e+01
2.996072435379028320e+01
5.947736740112304688e+01
2.849595761299133301e+01
3.233051323890686035e+01
4.319266200065612793e+01
1.453558540344238281e+01
5.268615412712097168e+01
2.766395688056945801e+01
6.044594216346740723e+01
3.511553549766540527e+01
5.042644262313842773e+01
3.308923864364624023e+01
5.464833664894104004e+01
3.130658650398254395e+01
2.318796205520629883e+01
1.411418342590332031e+01
3.859067344665527344e+01
2.889241290092468262e+01
3.464634847640991211e+01
3.156777381896972656e+01
3.312620568275451660e+01
4.857738542556762695e+01
1.608729577064514160e+01
6.241969895362854004e+01
2.675613355636596680e+01
4.375747466087341309e+01
3.234591078758239746e+01
4.431725382804870605e+01
1.536968970298767090e+01
4.872894906997680664e+01
1.713694167137145996e+01
4.218523645401000977e+01
1.693476223945617676e+01
4.003983616828918457e+01
4.715956282615661621e+01
2.548854541778564453e+01
4.430000948905944824e+01
5.689424443244934082e+01
5.780414175987243652e+01
4.450307178497314453e+01
1.418550586700439453e+01
5.675917553901672363e+01
3.856002068519592285e+01
4.615602517127990723e+01
2.060194158554077148e+01
1.524663686752319336e+01
3.810191583633422852e+01
4.036061859130859375e+01
2.201921415328979492e+01
2.040293288230895996e+01
6.234507393836975098e+01
5.099916863441467285e+01
1.832672309875488281e+01
6.088071823120117188e+01
2.971187233924865723e+01
1.941052222251892090e+01
5.305511736869812012e+01
2.475249409675598145e+01
2.493167567253112793e+01
6.637881398200988770e+01
2.507746410369873047e+01
4.989996981620788574e+01
3.388281965255737305e+01
2.307510924339294434e+01
5.149650859832763672e+01
2.890881562232971191e+01
4.237127161026000977e+01
3.819755721092224121e+01
1.662184691429138184e+01
2.188871216773986816e+01
3.779422068595886230e+01
1.177092957496643066e+01
5.875882601737976074e+01
2.443346762657165527e+01
2.197871541976928711e+01
2.680720806121826172e+01
2.209226298332214355e+01
2.873036956787109375e+01
6.006087517738342285e+01
4.574382448196411133e+01
6.058109283447265625e+01
4.013575887680053711e+01
1.666965603828430176e+01
2.980841946601867676e+01
5.946380877494812012e+01
1.698615121841430664e+01
2.670179128646850586e+01
2.563722205162048340e+01
5.064222407341003418e+01
3.522989749908447266e+01
3.467368125915527344e+01
5.187591886520385742e+01
2.330476856231689453e+01
6.863341832160949707e+01
4.536953449249267578e+01
3.077945160865783691e+01
5.919026494026184082e+01
3.733119606971740723e+01
3.939998531341552734e+01
1.808211660385131836e+01
3.847653079032897949e+01
5.454312324523925781e+01
6.868441748619079590e+01
1.454393339157104492e+01
2.413649821281433105e+01
5.226443648338317871e+01
4.664499783515930176e+01
1.607752227783203125e+01
5.700237369537353516e+01
2.635639619827270508e+01
1.487939333915710449e+01
4.168204402923583984e+01
1.889184403419494629e+01
6.311438894271850586e+01
4.725689792633056641e+01
8.486134290695190430e+00
5.911702680587768555e+01
3.266421031951904297e+01
6.755145311355590820e+01
3.179457092285156250e+01
2.162302756309509277e+01
2.678842163085937500e+01
1.478917956352233887e+01
2.518597388267517090e+01
3.941340947151184082e+01
2.092077994346618652e+01
4.127716851234436035e+01
2.702364492416381836e+01
5.044729256629943848e+01
2.770983076095581055e+01
2.608280134201049805e+01
2.910976624488830566e+01
1.769045972824096680e+01
5.434537959098815918e+01
5.256123661994934082e+01
3.787487483024597168e+01
1.554348874092102051e+01
2.722131848335266113e+01
3.013630485534667969e+01
4.772478294372558594e+01
2.729115319252014160e+01
1.002615382671356201e+02
2.528590774536132812e+01
4.392303538322448730e+01
1.893583750724792480e+01
2.324786543846130371e+01
2.352873206138610840e+01
3.025184941291809082e+01
2.625406908988952637e+01
1.266824173927307129e+01
2.164719343185424805e+01
3.415234255790710449e+01
3.289053153991699219e+01
1.057892489433288574e+01
1.996311140060424805e+01
4.158564782142639160e+01
2.948945355415344238e+01
2.273380351066589355e+01
2.908463358879089355e+01
4.003472328186035156e+01
2.717005395889282227e+01
4.185936117172241211e+01
4.903042387962341309e+01
6.335671758651733398e+01
1.172649145126342773e+01
1.364033937454223633e+01
4.295644307136535645e+01
2.162638902664184570e+01
5.289477539062500000e+01
3.141550302505493164e+01
4.697285962104797363e+01
1.795337271690368652e+01
4.910655260086059570e+01
3.654472661018371582e+01
2.967552018165588379e+01
1.628877973556518555e+01
1.584477806091308594e+01
4.269703269004821777e+01
3.421614289283752441e+01
2.030547523498535156e+01
7.869051766395568848e+01
1.446067261695861816e+01
2.568926906585693359e+01
2.017783403396606445e+01
3.647463512420654297e+01
2.655521130561828613e+01
3.761977934837341309e+01
6.343800091743469238e+01
4.619719910621643066e+01
2.576347947120666504e+01
3.420932388305664062e+01
3.850084781646728516e+01
2.719152259826660156e+01
7.390692281723022461e+01
4.406527996063232422e+01
4.648195219039916992e+01
4.137327575683593750e+01
2.230841016769409180e+01
6.695525622367858887e+01
4.349063897132873535e+01
3.238812804222106934e+01
4.179283642768859863e+01
7.495887255668640137e+01
4.242225480079650879e+01
6.528123402595520020e+01
2.385855054855346680e+01
2.385962033271789551e+01
1.958567333221435547e+01
4.967271137237548828e+01
2.342983484268188477e+01
4.069279956817626953e+01
4.478307652473449707e+01
6.316399908065795898e+01
2.683435130119323730e+01
4.399873709678649902e+01
6.143104910850524902e+01
2.339499449729919434e+01
5.981393456459045410e+01
3.544775629043579102e+01
3.337706995010375977e+01
1.809992861747741699e+01
2.683165240287780762e+01
3.082793068885803223e+01
2.684982299804687500e+01
4.730332040786743164e+01
3.304026579856872559e+01
2.409431052207946777e+01
2.265417432785034180e+01
4.092334985733032227e+01
3.108178281784057617e+01
2.046057033538818359e+01
3.518490529060363770e+01
3.152382349967956543e+01
2.272357487678527832e+01
2.128398036956787109e+01
1.647943615913391113e+01
2.458196306228637695e+01
2.340327930450439453e+01
3.897097492218017578e+01
2.725437259674072266e+01
3.831365895271301270e+01
3.577880215644836426e+01
3.183177661895751953e+01
4.553308200836181641e+01
3.878640127182006836e+01
2.653115224838256836e+01
6.118147277832031250e+01
4.398093867301940918e+01
3.617920589447021484e+01
5.489248013496398926e+01
4.910862588882446289e+01
3.465098762512207031e+01
3.529953408241271973e+01
2.771936774253845215e+01
3.196997714042663574e+01
4.383352518081665039e+01
4.749548292160034180e+01
1.826800680160522461e+01
2.513043117523193359e+01
4.447428011894226074e+01
5.446304917335510254e+01
2.469307541847229004e+01
4.575757098197937012e+01
9.446623921394348145e+01
1.791030550003051758e+01
5.769143056869506836e+01
7.479946708679199219e+01
3.627745127677917480e+01
5.575543522834777832e+01
2.707297372817993164e+01
1.889581871032714844e+01
3.509628129005432129e+01
3.604150891304016113e+01
2.655207157135009766e+01
4.052045297622680664e+01
4.415032911300659180e+01
3.158707094192504883e+01
2.317400956153869629e+01
4.261574840545654297e+01
4.124861526489257812e+01
2.932655167579650879e+01
5.971380949020385742e+01
5.836681842803955078e+01
2.715952777862548828e+01
3.000112628936767578e+01
4.241706514358520508e+01
3.159628391265869141e+01
5.302167296409606934e+01
8.071959400177001953e+01
5.318944549560546875e+01
4.369739532470703125e+01
2.456077051162719727e+01
5.984966015815734863e+01
3.234174871444702148e+01
5.699518704414367676e+01
6.154336953163146973e+01
3.148680281639099121e+01
2.148581862449645996e+01
2.361520910263061523e+01
4.172969222068786621e+01
2.743099951744079590e+01
3.463405346870422363e+01
3.321554112434387207e+01
2.141477394104003906e+01
5.487321639060974121e+01
5.629564213752746582e+01
2.926961565017700195e+01
5.369955992698669434e+01
2.466389584541320801e+01
4.751447081565856934e+01
4.027223658561706543e+01
2.953805303573608398e+01
3.554624271392822266e+01
1.460277223587036133e+01
3.586995697021484375e+01
2.424844717979431152e+01
3.671489858627319336e+01
5.375479984283447266e+01
5.801011085510253906e+01
1.348221588134765625e+01
3.048973798751831055e+01
1.861404371261596680e+01
3.174049925804138184e+01
3.829996323585510254e+01
1.778413224220275879e+01
2.392401480674743652e+01
5.639337563514709473e+01
5.311258053779602051e+01
6.620097613334655762e+01
2.909043383598327637e+01
3.836672997474670410e+01
1.662429428100585938e+01
1.806417965888977051e+01
3.638190340995788574e+01
2.640461993217468262e+01
2.336872959136962891e+01
5.880076718330383301e+01
6.950822663307189941e+01
4.802008199691772461e+01
3.192606544494628906e+01
2.600344133377075195e+01
1.600269675254821777e+01
2.991254806518554688e+01
1.697911167144775391e+01
4.564777922630310059e+01
3.246305704116821289e+01
1.725844430923461914e+01
2.800540399551391602e+01
2.220304512977600098e+01
4.174781441688537598e+01
7.121135520935058594e+01
2.410984086990356445e+01
2.020462250709533691e+01
2.205173587799072266e+01
1.660899996757507324e+01
4.244970607757568359e+01
4.739740109443664551e+01
1.946395683288574219e+01
2.513574624061584473e+01
6.524677419662475586e+01
4.035788249969482422e+01
3.956574869155883789e+01
3.272427392005920410e+01
3.189415311813354492e+01
5.689031839370727539e+01
2.766495537757873535e+01
3.509661841392517090e+01
3.534884905815124512e+01
5.347083520889282227e+01
5.894971966743469238e+01
3.187277483940124512e+01
4.528115081787109375e+01
6.845449376106262207e+01
4.113293242454528809e+01
6.854264569282531738e+01
3.839531731605529785e+01
3.183485603332519531e+01
5.032977008819580078e+01
4.273747825622558594e+01
2.748165059089660645e+01
3.864266085624694824e+01
3.557471680641174316e+01
2.554975962638854980e+01
2.750314593315124512e+01
2.226500129699707031e+01
2.912232303619384766e+01
2.683390760421752930e+01
3.841308045387268066e+01
3.897526526451110840e+01
6.820923376083374023e+01
3.462645554542541504e+01
5.075910162925720215e+01
5.471401381492614746e+01
4.690928554534912109e+01
4.635206961631774902e+01
8.527528929710388184e+01
2.392904257774353027e+01
2.438219404220581055e+01
6.727330040931701660e+01
2.326750254631042480e+01
2.648752498626708984e+01
4.695356702804565430e+01
7.021743488311767578e+01
3.958066678047180176e+01
3.506245326995849609e+01
2.504290008544921875e+01
4.140612649917602539e+01
4.037134504318237305e+01
3.980365014076232910e+01
4.254894757270812988e+01
7.890922880172729492e+01
2.409081625938415527e+01
3.354334616661071777e+01
2.650591707229614258e+01
2.253199076652526855e+01
6.364044308662414551e+01
4.015364623069763184e+01
1.707131695747375488e+01
2.489250612258911133e+01
5.677531266212463379e+01
2.623280405998229980e+01
3.981849837303161621e+01
2.328303956985473633e+01
6.286894392967224121e+01
3.144942760467529297e+01
5.033582401275634766e+01
5.265573501586914062e+01
8.436890840530395508e+00
4.778066563606262207e+01
6.979623007774353027e+01
1.539747881889343262e+01
2.617743134498596191e+01
6.443215799331665039e+01
4.062344241142272949e+01
4.735149741172790527e+01
3.842852139472961426e+01
1.437977671623229980e+01
3.749962043762207031e+01
2.155073642730712891e+01
4.415870523452758789e+01
8.893081498146057129e+01
4.254379773139953613e+01
2.150830674171447754e+01
4.610898518562316895e+01
6.808052539825439453e+01
3.842313671112060547e+01
1.269090485572814941e+01
3.794920563697814941e+01
2.830003476142883301e+01
4.308403968811035156e+01
3.595339393615722656e+01
3.610119485855102539e+01
4.235727429389953613e+01
1.786915087699890137e+01
2.975120377540588379e+01
4.330213475227355957e+01
2.632840299606323242e+01
2.154949927330017090e+01
4.321474385261535645e+01
5.462373709678649902e+01
2.344549465179443359e+01
3.995032668113708496e+01
3.132568860054016113e+01
2.105000805854797363e+01
4.368839740753173828e+01
1.635949015617370605e+01
6.895490694046020508e+01
3.682100415229797363e+01
3.897078800201416016e+01
1.029838013648986816e+01
2.693537425994873047e+01
2.268111610412597656e+01
5.903952312469482422e+01
3.292801880836486816e+01
3.026610231399536133e+01
6.660997295379638672e+01
2.144255113601684570e+01
5.128485655784606934e+01
2.084595131874084473e+01
3.989359641075134277e+01
2.695471453666687012e+01
4.908230257034301758e+01
2.314576745033264160e+01
5.239032411575317383e+01
4.316639089584350586e+01
3.793212246894836426e+01
3.455560874938964844e+01
3.169924235343933105e+01
3.702696228027343750e+01
2.404838776588439941e+01
1.397814941406250000e+01
2.661076951026916504e+01
2.115378546714782715e+01
4.806829333305358887e+01
4.982682490348815918e+01
2.403564643859863281e+01
3.767929363250732422e+01
5.277242374420166016e+01
3.685852408409118652e+01
2.900607681274414062e+01
2.138142752647399902e+01
4.235093688964843750e+01
3.379040694236755371e+01
1.326200914382934570e+01
6.650749874114990234e+01
4.154073190689086914e+01
3.491965508460998535e+01
2.315081954002380371e+01
3.928981852531433105e+01
2.092469716072082520e+01
2.949119114875793457e+01
5.472996878623962402e+01
3.391377902030944824e+01
3.323533463478088379e+01
3.434751176834106445e+01
1.766949939727783203e+01
6.983671021461486816e+01
2.072150182723999023e+01
5.892343878746032715e+01
3.798635315895080566e+01
4.923093867301940918e+01
4.086674594879150391e+01
3.305286765098571777e+01
1.878662395477294922e+01
2.879334950447082520e+01
2.318958806991577148e+01
6.057868385314941406e+01
4.005820226669311523e+01
9.402921199798583984e+00
4.048907947540283203e+01
5.274851584434509277e+01
2.030814194679260254e+01
2.030896258354187012e+01
3.048359298706054688e+01
4.831564617156982422e+01
1.332133126258850098e+01
2.250073432922363281e+01
5.230801725387573242e+01
8.495291709899902344e+00
4.996673154830932617e+01
4.700002002716064453e+01
1.131148004531860352e+01
5.500048375129699707e+01
7.064427566528320312e+01
5.839965701103210449e+01
5.465992331504821777e+01
5.823119544982910156e+01
3.117322230339050293e+01
3.631303572654724121e+01
4.208672976493835449e+01
4.107867932319641113e+01
3.402770209312438965e+01
3.234119486808776855e+01
2.742311120033264160e+01
4.482955360412597656e+01
3.415224814414978027e+01
2.101019620895385742e+01
3.179316496849060059e+01
2.730215358734130859e+01
4.684361171722412109e+01
2.679201173782348633e+01
2.339071893692016602e+01
6.556416296958923340e+01
4.307452797889709473e+01
2.904550027847290039e+01
3.764468455314636230e+01
4.602284955978393555e+01
1.952999830245971680e+01
6.346891713142395020e+01
1.874532365798950195e+01
1.916913223266601562e+01
2.527169466018676758e+01
5.050630474090576172e+01
4.788283014297485352e+01
3.193728947639465332e+01
4.635359525680541992e+01
3.699965238571166992e+01
2.155030417442321777e+01
1.462368273735046387e+01
6.939665722846984863e+01
2.692545771598815918e+01
2.529945421218872070e+01
3.691281747817993164e+01
1.617384958267211914e+01
9.388004779815673828e+00
4.448245549201965332e+01
3.220322942733764648e+01
3.250699377059936523e+01
4.495575714111328125e+01
4.833023262023925781e+01
2.250176692008972168e+01
1.531944155693054199e+01
3.782202506065368652e+01
2.973124599456787109e+01
4.893693733215332031e+01
3.368244743347167969e+01
2.100639009475708008e+01
5.497353768348693848e+01
7.215181922912597656e+01
2.930831027030944824e+01
2.988693094253540039e+01
3.376292037963867188e+01
2.036199045181274414e+01
5.056831550598144531e+01
2.869590187072753906e+01
2.597494101524353027e+01
2.479739904403686523e+01
2.022342419624328613e+01
5.124441337585449219e+01
5.593391370773315430e+01
2.523428010940551758e+01
2.538153648376464844e+01
3.771361160278320312e+01
1.366779923439025879e+01
5.264564514160156250e+01
5.048759388923645020e+01
5.164719271659851074e+01
6.561320114135742188e+01
4.550181007385253906e+01
2.772177243232727051e+01
2.309581470489501953e+01
5.667536234855651855e+01
3.232027816772460938e+01
2.920136475563049316e+01
5.220669102668762207e+01
3.796644234657287598e+01
3.985233831405639648e+01
3.084895730018615723e+01
2.481378483772277832e+01
2.164192318916320801e+01
1.959089064598083496e+01
1.927451419830322266e+01
1.963025975227355957e+01
2.177347421646118164e+01
1.831033253669738770e+01
4.812335848808288574e+01
2.529857945442199707e+01
4.709740090370178223e+01
3.968203282356262207e+01
1.480168604850769043e+01
1.930184960365295410e+01
4.288046169281005859e+01
1.787128257751464844e+01
6.793294382095336914e+01
3.751244783401489258e+01
2.046410179138183594e+01
2.782838916778564453e+01
3.438923430442810059e+01
3.480573248863220215e+01
3.459303903579711914e+01
4.305150794982910156e+01
5.256869268417358398e+01
1.416783237457275391e+01
4.130845785140991211e+01
2.934258699417114258e+01
4.087580847740173340e+01
2.442314529418945312e+01
4.484332633018493652e+01
3.923366665840148926e+01
5.738687062263488770e+01
2.690435838699340820e+01
5.204251670837402344e+01
1.430079054832458496e+01
4.853107547760009766e+01
7.254288601875305176e+01
2.981722593307495117e+01
3.734233188629150391e+01
3.028150701522827148e+01
1.859585285186767578e+01
2.859166908264160156e+01
3.276630163192749023e+01
4.405592370033264160e+01
2.801106357574462891e+01
2.198070430755615234e+01
1.856213283538818359e+01
3.574718308448791504e+01
2.820674896240234375e+01
3.089501094818115234e+01
3.832327747344970703e+01
3.067965865135192871e+01
5.311763453483581543e+01
4.934288358688354492e+01
4.598902750015258789e+01
1.474928069114685059e+01
4.685191535949707031e+01
1.982898020744323730e+01
2.076477622985839844e+01
4.725033760070800781e+01
4.965263462066650391e+01
2.480690860748291016e+01
3.695389819145202637e+01
1.820421719551086426e+01
3.847373485565185547e+01
1.906807947158813477e+01
5.475967645645141602e+01
3.080660629272460938e+01
2.017997169494628906e+01
3.387421774864196777e+01
2.383809852600097656e+01
3.752715134620666504e+01
3.078975081443786621e+01
2.516408729553222656e+01
2.696001863479614258e+01
2.863716483116149902e+01
4.210216069221496582e+01
3.341146588325500488e+01
4.895113492012023926e+01
2.222868895530700684e+01
3.139965391159057617e+01
4.006594920158386230e+01
3.590221762657165527e+01
3.160978031158447266e+01
2.454361248016357422e+01
4.519066190719604492e+01
4.520868182182312012e+01
4.184546542167663574e+01
2.625318741798400879e+01
3.326991319656372070e+01
4.639456915855407715e+01
4.114231324195861816e+01
3.037018322944641113e+01
5.085733962059020996e+01
1.933915948867797852e+01
1.553428578376770020e+01
3.786218404769897461e+01
2.716684865951538086e+01
4.231229758262634277e+01
4.484505081176757812e+01
4.816649532318115234e+01
3.225778102874755859e+01
3.092124843597412109e+01
1.543384170532226562e+01
2.180583286285400391e+01
2.669034028053283691e+01
3.986999011039733887e+01
1.715916705131530762e+01
3.518741869926452637e+01
4.271764969825744629e+01
2.997211098670959473e+01
1.330277919769287109e+01
3.680757045745849609e+01
3.169912934303283691e+01
4.155206322669982910e+01
3.216333985328674316e+01
5.826841568946838379e+01
4.058647894859313965e+01
2.623141860961914062e+01
2.662288808822631836e+01
5.183927273750305176e+01
3.386200475692749023e+01
3.372314548492431641e+01
1.865154743194580078e+01
3.580193495750427246e+01
9.184459257125854492e+01
6.528603029251098633e+01
3.192631077766418457e+01
2.671392869949340820e+01
4.797600054740905762e+01
4.591398143768310547e+01
6.132265377044677734e+01
2.453053736686706543e+01
2.813963818550109863e+01
2.221521210670471191e+01
3.071891117095947266e+01
3.224696803092956543e+01
1.001668953895568848e+01
1.898323941230773926e+01
4.640769934654235840e+01
2.451878476142883301e+01
4.339915013313293457e+01
1.879317259788513184e+01
3.696160125732421875e+01
5.553290009498596191e+01
4.365175986289978027e+01
2.160597610473632812e+01
4.411775660514831543e+01
3.026453995704650879e+01
5.087097835540771484e+01
3.037762379646301270e+01
2.269754457473754883e+01
4.185010337829589844e+01
5.395541524887084961e+01
4.230526804924011230e+01
6.517506957054138184e+01
2.837817192077636719e+01
2.015718245506286621e+01
7.085719323158264160e+01
3.161705803871154785e+01
3.335795235633850098e+01
4.845678400993347168e+01
3.420842957496643066e+01
4.267784810066223145e+01
5.552068567276000977e+01
4.288411736488342285e+01
1.729567623138427734e+01
2.514115810394287109e+01
3.995873451232910156e+01
2.184842228889465332e+01
1.968467998504638672e+01
2.302066922187805176e+01
6.805098366737365723e+01
1.424898195266723633e+01
2.141556334495544434e+01
4.944328618049621582e+01
3.293652796745300293e+01
1.912112927436828613e+01
4.254487729072570801e+01
3.462984085083007812e+01
3.703929328918457031e+01
1.962267613410949707e+01
3.595485162734985352e+01
2.683580064773559570e+01
3.688389945030212402e+01
4.067250990867614746e+01
5.035841584205627441e+01
5.570242881774902344e+01
2.708719038963317871e+01
4.345758485794067383e+01
2.624751472473144531e+01
5.907220649719238281e+01
5.631242656707763672e+01
2.111411166191101074e+01
1.793441271781921387e+01
2.612906312942504883e+01
2.514031815528869629e+01
2.610624623298645020e+01
4.825022077560424805e+01
5.302518081665039062e+01
3.884570837020874023e+01
3.614522814750671387e+01
3.464850378036499023e+01
5.844391107559204102e+01
4.623700737953186035e+01
2.482172870635986328e+01
2.711394548416137695e+01
8.074093103408813477e+01
5.619809842109680176e+01
1.780561089515686035e+01
4.378020501136779785e+01
2.918008422851562500e+01
5.414476656913757324e+01
1.919812607765197754e+01
2.336503863334655762e+01
6.604273438453674316e+01
3.912783169746398926e+01
4.402840781211853027e+01
2.757450318336486816e+01
2.416593217849731445e+01
4.953567981719970703e+01
1.925719022750854492e+01
2.506647896766662598e+01
2.488034939765930176e+01
2.248934602737426758e+01
1.817215943336486816e+01
2.029030418395996094e+01
4.474813342094421387e+01
3.165332078933715820e+01
3.034583401679992676e+01
3.545484375953674316e+01
2.262015604972839355e+01
2.187894034385681152e+01
3.423416709899902344e+01
3.114462971687316895e+01
1.660716176033020020e+01
3.256015682220458984e+01
3.065265560150146484e+01
3.225428080558776855e+01
1.692445182800292969e+01
2.148017263412475586e+01
3.160052037239074707e+01
1.051206278800964355e+01
3.612697172164916992e+01
2.914198946952819824e+01
3.304236531257629395e+01
2.997184824943542480e+01
3.428600120544433594e+01
4.163060784339904785e+01
2.160028266906738281e+01
1.222967386245727539e+01
1.662173104286193848e+01
1.424276113510131836e+01
4.176666426658630371e+01
4.864433026313781738e+01
2.675398826599121094e+01
2.259325599670410156e+01
3.245590591430664062e+01
1.620510292053222656e+01
3.575297236442565918e+01
2.668150758743286133e+01
5.918694043159484863e+01
2.161116051673889160e+01
1.232012248039245605e+01
4.394621610641479492e+01
3.723937225341796875e+01
1.384479951858520508e+01
2.175461125373840332e+01
3.443104434013366699e+01
2.405723381042480469e+01
1.576576495170593262e+01
3.233064270019531250e+01
1.765475463867187500e+01
1.717916536331176758e+01
1.840455245971679688e+01
2.407923412322998047e+01
2.238954949378967285e+01
3.691454458236694336e+01
4.085566997528076172e+01
3.550194001197814941e+01
1.823937463760375977e+01
6.474327182769775391e+01
4.416854023933410645e+01
2.368846583366394043e+01
6.786454200744628906e+01
7.219139575958251953e+01
2.182925033569335938e+01
6.165400147438049316e+01
3.487717819213867188e+01
1.247284793853759766e+01
1.493866038322448730e+01
1.276680588722229004e+01
4.758482909202575684e+01
9.646757602691650391e+00
4.694241523742675781e+01
1.987447643280029297e+01
1.832400226593017578e+01
3.799255347251892090e+01
6.504548764228820801e+01
1.571503162384033203e+01
1.761303520202636719e+01
1.803629255294799805e+01
2.898084378242492676e+01
2.403501558303833008e+01
2.537021899223327637e+01
1.775887918472290039e+01
2.703829622268676758e+01
1.112110137939453125e+01
2.032875156402587891e+01
2.091014838218688965e+01
1.043936610221862793e+01
3.246770477294921875e+01
1.866494750976562500e+01
1.956898355484008789e+01
1.923260116577148438e+01
3.809318566322326660e+01
1.929286122322082520e+01
1.825988459587097168e+01
5.280738902091979980e+01
1.545983386039733887e+01
2.301221084594726562e+01
4.031470966339111328e+01
2.992073392868041992e+01
1.969372749328613281e+01
1.895540356636047363e+01
1.092416310310363770e+01
9.368472504615783691e+01
7.419579029083251953e+00
4.607295012474060059e+01
5.986812067031860352e+01
2.377090764045715332e+01
7.769086050987243652e+01
7.451771259307861328e+01
4.364576029777526855e+01
2.632840228080749512e+01
6.628878951072692871e+01
2.436372351646423340e+01
8.359012460708618164e+01
2.541460084915161133e+01
5.759155178070068359e+01
1.189234743118286133e+02
1.863025951385498047e+01
2.018014073371887207e+01
4.556847739219665527e+01
2.439176416397094727e+01
3.212589955329895020e+01
2.514724063873291016e+01
2.997602081298828125e+01
1.830121135711669922e+01
2.035059475898742676e+01
2.429329252243041992e+01
2.098433709144592285e+01
4.302146005630493164e+01
3.759754133224487305e+01
3.346964335441589355e+01
3.281861639022827148e+01
1.979268932342529297e+01
3.578676700592041016e+01
2.325034451484680176e+01
4.220587539672851562e+01
3.956679582595825195e+01
3.864071297645568848e+01
2.746056509017944336e+01
2.253891038894653320e+01
2.024013257026672363e+01
2.280247688293457031e+01
2.507588124275207520e+01
2.361522126197814941e+01
5.604383397102355957e+01
3.089229869842529297e+01
2.351781749725341797e+01
3.662220287322998047e+01
2.385347437858581543e+01
2.177909755706787109e+01
2.812653732299804688e+01
2.348871994018554688e+01
2.432238864898681641e+01
3.795097160339355469e+01
3.778434681892395020e+01
2.190219354629516602e+01
2.809773063659667969e+01
3.094660186767578125e+01
5.936284041404724121e+01
4.782080507278442383e+01
3.097569942474365234e+01
4.017222166061401367e+01
2.849582982063293457e+01
2.480971360206604004e+01
2.418830728530883789e+01
2.404711961746215820e+01
2.935517024993896484e+01
3.185665559768676758e+01
2.835787367820739746e+01
2.594230508804321289e+01
2.363731312751770020e+01
3.238719820976257324e+01
4.860847902297973633e+01
5.768277740478515625e+01
4.268641996383666992e+01
2.012664246559143066e+01
5.086480927467346191e+01
1.945783519744873047e+01
5.172507691383361816e+01
2.440740323066711426e+01
2.776134061813354492e+01
2.851761317253112793e+01
4.797735190391540527e+01
2.894915437698364258e+01
2.537219858169555664e+01
3.056938076019287109e+01
3.536626672744750977e+01
2.522442817687988281e+01
3.861133909225463867e+01
2.459577608108520508e+01
3.247818493843078613e+01
2.748644113540649414e+01
2.551708102226257324e+01
2.629162335395812988e+01
2.852468800544738770e+01
4.357444214820861816e+01
4.379880785942077637e+01
5.945850110054016113e+01
3.816435170173645020e+01
4.812238407135009766e+01
2.807674884796142578e+01
3.359527087211608887e+01
4.501395392417907715e+01
5.104127764701843262e+01
3.042436170578002930e+01
4.026469135284423828e+01
3.030636858940124512e+01
2.784510040283203125e+01
3.526336908340454102e+01
4.413425874710083008e+01
2.950363850593566895e+01
3.412685394287109375e+01
2.841828632354736328e+01
2.970542812347412109e+01
2.629836750030517578e+01
3.983361363410949707e+01
2.447318339347839355e+01
5.141082334518432617e+01
3.563164663314819336e+01
4.810837388038635254e+01
3.300360965728759766e+01
2.872917556762695312e+01
2.809284257888793945e+01
7.353944206237792969e+01
3.957056093215942383e+01
3.287869119644165039e+01
3.617362260818481445e+01
3.600884866714477539e+01
3.715501046180725098e+01
1.498471951484680176e+01
3.252834582328796387e+01
3.438066124916076660e+01
2.388336348533630371e+01
1.560986065864562988e+01
3.155961060523986816e+01
3.214695978164672852e+01
1.583752417564392090e+01
4.624651622772216797e+01
3.470577216148376465e+01
3.213580727577209473e+01
3.532127380371093750e+01
4.468866467475891113e+01
1.668622875213623047e+01
1.788391757011413574e+01
1.452491188049316406e+01
3.047774577140808105e+01
3.170873928070068359e+01
1.002389144897460938e+01
8.404542684555053711e+00
1.178360748291015625e+01
2.956417322158813477e+01
1.725110197067260742e+01
2.146719288825988770e+01
1.770348548889160156e+01
5.120237970352172852e+01
1.872322702407836914e+01
1.363264250755310059e+01
3.486348032951354980e+01
1.502004885673522949e+01
1.548621773719787598e+01
1.841727876663208008e+01
1.596326088905334473e+01
1.831997728347778320e+01
9.681608438491821289e+00
4.787129211425781250e+01
2.923507571220397949e+01
1.412962007522583008e+01
1.514390945434570312e+01
3.470813226699829102e+01
3.299535417556762695e+01
6.109929585456848145e+01
6.169603157043457031e+01
1.588357210159301758e+01
5.802734231948852539e+01
2.019796586036682129e+01
3.809029603004455566e+01
5.282300090789794922e+01
1.704510569572448730e+01
3.908772373199462891e+01
2.042962193489074707e+01
2.431741452217102051e+01
7.886679649353027344e+00
2.970600652694702148e+01
1.140331149101257324e+01
1.753123974800109863e+01
3.848477745056152344e+01
1.736943531036376953e+01
3.738527584075927734e+01
2.036177635192871094e+01
4.365759134292602539e+01
3.914706635475158691e+01
1.682784724235534668e+01
2.301645684242248535e+01
1.313623261451721191e+01
1.623816490173339844e+01
3.915162205696105957e+01
2.351731872558593750e+01
1.848769116401672363e+01
2.085050749778747559e+01
1.764255237579345703e+01
1.296738767623901367e+01
7.400615930557250977e+00
1.403905463218688965e+01
4.819113302230834961e+01
1.852018594741821289e+01
1.674865984916687012e+01
1.366745162010192871e+01
1.800016760826110840e+01
1.899682283401489258e+01
3.896076011657714844e+01
3.975083255767822266e+01
4.372339582443237305e+01
1.973424720764160156e+01
5.239091324806213379e+01
2.577587866783142090e+01
1.940820288658142090e+01
4.120782732963562012e+01
3.484443831443786621e+01
2.640399932861328125e+01
2.419739103317260742e+01
1.884880256652832031e+01
6.679357767105102539e+00
3.673124814033508301e+01
2.893616390228271484e+01
1.852112770080566406e+01
3.749032425880432129e+01
4.176807951927185059e+01
4.215630149841308594e+01
2.968701720237731934e+01
2.049688529968261719e+01
1.760341596603393555e+01
1.946051645278930664e+01
2.501117348670959473e+01
1.655489873886108398e+01
2.609513974189758301e+01
4.911203980445861816e+01
5.143235373497009277e+01
4.559823536872863770e+01
2.167033576965332031e+01
5.083909678459167480e+01
3.185147261619567871e+01
1.893909716606140137e+01
2.488900971412658691e+01
2.715659618377685547e+01
1.366748023033142090e+01
1.503733181953430176e+01
3.307859778404235840e+01
2.098867106437683105e+01
2.239050149917602539e+01
2.449493145942687988e+01
5.079522490501403809e+01
5.027889490127563477e+01
1.542426013946533203e+01
1.216263318061828613e+01
1.434533572196960449e+01
2.644942069053649902e+01
3.520706653594970703e+01
2.614864325523376465e+01
2.370917892456054688e+01
9.444297075271606445e+00
1.365851163864135742e+01
1.715989089012145996e+01
2.088134694099426270e+01
1.435737657546997070e+01
2.524511885643005371e+01
1.753695821762084961e+01
1.737058758735656738e+01
2.967731833457946777e+01
4.078398227691650391e+01
2.254542064666748047e+01
2.389460635185241699e+01
2.600566887855529785e+01
2.687631607055664062e+01
1.545119690895080566e+01
3.251592564582824707e+01
2.264273691177368164e+01
2.575462651252746582e+01
2.161163687705993652e+01
4.218277263641357422e+01
2.088581156730651855e+01
6.435700082778930664e+01
3.637872624397277832e+01
2.806663584709167480e+01
2.633214998245239258e+01
4.342273092269897461e+01
2.614288187026977539e+01
2.103179216384887695e+01
2.328879308700561523e+01
3.170665168762207031e+01
3.132558155059814453e+01
2.138063812255859375e+01
2.661929726600646973e+01
4.311161923408508301e+01
4.081974411010742188e+01
2.707384395599365234e+01
4.102609038352966309e+01
3.876158475875854492e+01
4.778036952018737793e+01
1.688157176971435547e+01
3.048802852630615234e+01
2.717778444290161133e+01
1.753969240188598633e+01
2.551487302780151367e+01
2.755294895172119141e+01
3.085163640975952148e+01
3.220663952827453613e+01
4.526304030418395996e+01
2.171975398063659668e+01
2.034759712219238281e+01
2.231715130805969238e+01
2.825918793678283691e+01
3.096366953849792480e+01
2.109648323059082031e+01
3.060759449005126953e+01
4.389110088348388672e+01
3.908953666687011719e+01
2.138281345367431641e+01
3.134199738502502441e+01
4.749483036994934082e+01
4.184360504150390625e+01
2.879295539855957031e+01
3.559501361846923828e+01
3.582917881011962891e+01
1.645677113533020020e+01
2.277045464515686035e+01
3.888480663299560547e+01
3.160674262046813965e+01
2.837677526473999023e+01
3.727097010612487793e+01
3.015838384628295898e+01
7.689454174041748047e+01
5.281104087829589844e+01
1.996824121475219727e+01
2.525116419792175293e+01
3.487449502944946289e+01
2.633579850196838379e+01
2.351275920867919922e+01
3.757483124732971191e+01
3.877991342544555664e+01
3.653172588348388672e+01
1.633357119560241699e+01
3.103722763061523438e+01
3.571089100837707520e+01
3.141842889785766602e+01
3.790374445915222168e+01
2.495126104354858398e+01
4.078782701492309570e+01
2.787139725685119629e+01
3.349862337112426758e+01
2.351352953910827637e+01
3.945112037658691406e+01
3.643083357810974121e+01
4.205867433547973633e+01
1.068935966491699219e+01
3.919758582115173340e+01
3.760883641242980957e+01
5.973452162742614746e+01
4.148043799400329590e+01
1.060208988189697266e+01
1.099760818481445312e+01
2.574355387687683105e+01
3.819846343994140625e+01
3.846151590347290039e+01
2.324194240570068359e+01
1.372105312347412109e+01
1.902151870727539062e+01
9.776003837585449219e+00
9.935134410858154297e+00
1.189327883720397949e+01
1.750349974632263184e+01
3.047861909866333008e+01
2.104735851287841797e+01
3.133203959465026855e+01
2.271750450134277344e+01
2.946517872810363770e+01
1.379119753837585449e+01
7.563998699188232422e+00
2.451140022277832031e+01
1.600380349159240723e+01
2.541050338745117188e+01
3.143246006965637207e+01
1.457861495018005371e+01
4.175143909454345703e+01
1.001084899902343750e+01
3.297108483314514160e+01
2.489257216453552246e+01
1.411008143424987793e+01
7.481676101684570312e+00
8.619064092636108398e+00
4.392751932144165039e+01
8.245546102523803711e+00
1.766197896003723145e+01
1.068884229660034180e+01
2.746870183944702148e+01
2.779623460769653320e+01
1.177833914756774902e+01
2.715113639831542969e+01
1.960183715820312500e+01
3.700229501724243164e+01
2.651274514198303223e+01
1.321711707115173340e+01
8.931462287902832031e+00
8.412950277328491211e+00
1.168498826026916504e+01
4.493290853500366211e+01
1.950318980216979980e+01
9.986266851425170898e+00
2.080182886123657227e+01
1.132557535171508789e+01
1.197391963005065918e+01
1.205577778816223145e+01
3.118617773056030273e+01
1.528464412689208984e+01
2.066020655632019043e+01
1.963611078262329102e+01
2.049826359748840332e+01
1.574875378608703613e+01
1.387935066223144531e+01
1.005293059349060059e+01
3.787755060195922852e+01
1.134393095970153809e+01
2.120103073120117188e+01
9.702906608581542969e+00
2.427413773536682129e+01
1.503236031532287598e+01
1.337990498542785645e+01
3.193415331840515137e+01
1.992736744880676270e+01
1.564247775077819824e+01
2.297554254531860352e+01
1.414589262008666992e+01
2.316549301147460938e+01
2.213148164749145508e+01
3.185372757911682129e+01
1.010397505760192871e+01
2.253646397590637207e+01
1.683533215522766113e+01
2.478852367401123047e+01
2.749156665802001953e+01
3.824691367149353027e+01
2.288392734527587891e+01
4.155247497558593750e+01
1.764011907577514648e+01
2.710026860237121582e+01
2.406316137313842773e+01
2.284803843498229980e+01
2.385763072967529297e+01
2.368274164199829102e+01
2.958322358131408691e+01
2.671327614784240723e+01
1.828374600410461426e+01
1.913396286964416504e+01
3.305317664146423340e+01
1.389346575736999512e+01
1.890489959716796875e+01
2.874817514419555664e+01
3.495112586021423340e+01
2.094982600212097168e+01
1.902784657478332520e+01
1.829099345207214355e+01
1.823285031318664551e+01
3.045056796073913574e+01
2.443470048904418945e+01
1.886640810966491699e+01
2.687041878700256348e+01
1.832754158973693848e+01
4.480488562583923340e+01
1.027690958976745605e+01
3.036095881462097168e+01
2.666606664657592773e+01
1.898158025741577148e+01
2.436925888061523438e+01
2.221200108528137207e+01
3.485944819450378418e+01
1.954916191101074219e+01
1.888939118385314941e+01
2.521192336082458496e+01
2.594514107704162598e+01
1.859946155548095703e+01
2.233375334739685059e+01
2.966600680351257324e+01
3.236855578422546387e+01
2.004033732414245605e+01
2.025217890739440918e+01
1.896543431282043457e+01
2.172576713562011719e+01
2.760743021965026855e+01
2.743259787559509277e+01
4.353489589691162109e+01
1.322673177719116211e+01
2.191761422157287598e+01
3.417033004760742188e+01
2.390839433670043945e+01
3.427553772926330566e+01
2.399985861778259277e+01
3.650269865989685059e+01
2.488849663734436035e+01
2.976230454444885254e+01
3.664041018486022949e+01
2.885311675071716309e+01
1.682695198059082031e+01
4.376369667053222656e+01
1.474017477035522461e+01
1.968933296203613281e+01
2.645832109451293945e+01
1.475973200798034668e+01
3.383344078063964844e+01
2.635688257217407227e+01
1.212483382225036621e+01
3.967085957527160645e+01
3.519530272483825684e+01
2.555596065521240234e+01
3.812074065208435059e+01
3.581773138046264648e+01
2.340770816802978516e+01
1.942947006225585938e+01
2.360882186889648438e+01
1.936124801635742188e+01
3.712666702270507812e+01
2.728855204582214355e+01
1.959990668296813965e+01
2.828137779235839844e+01
2.269820809364318848e+01
2.838931012153625488e+01
3.937496781349182129e+01
2.586908555030822754e+01
2.067243647575378418e+01
3.066814994812011719e+01
2.859393572807312012e+01
2.620177817344665527e+01
4.448970794677734375e+01
1.374431800842285156e+01
1.779646420478820801e+01
2.463943481445312500e+01
4.277815723419189453e+01
4.311204624176025391e+01
3.994850850105285645e+01
1.361339426040649414e+01
2.420670437812805176e+01
2.241090989112854004e+01
2.640619826316833496e+01
2.457048916816711426e+01
3.063815236091613770e+01
3.058790349960327148e+01
1.207774806022644043e+01
1.730045199394226074e+01
1.838763475418090820e+01
3.681513237953186035e+01
2.299661135673522949e+01
3.073701739311218262e+01
6.604569911956787109e+00
2.493695640563964844e+01
1.250778341293334961e+01
3.439885306358337402e+01
1.029346871376037598e+01
2.197443437576293945e+01
1.396790313720703125e+01
3.317877483367919922e+01
2.123151731491088867e+01
9.567709445953369141e+00
2.676746559143066406e+01
2.558619332313537598e+01
2.375873017311096191e+01
9.010973930358886719e+00
3.423515510559082031e+01
2.556381511688232422e+01
2.420750427246093750e+01
1.237059903144836426e+01
1.418235898017883301e+01
6.483541011810302734e+00
9.761176347732543945e+00
1.726409125328063965e+01
1.303244042396545410e+01
1.131797242164611816e+01
1.456820368766784668e+01
3.508755993843078613e+01
5.130586791038513184e+01
2.808397650718688965e+01
1.726478958129882812e+01
1.001836156845092773e+01
1.351562523841857910e+01
2.101481175422668457e+01
3.654861569404602051e+01
2.075312328338623047e+01
1.453287148475646973e+01
1.569131612777709961e+01
2.565423965454101562e+01
1.953741359710693359e+01
2.036789894104003906e+01
2.278516197204589844e+01
1.880476117134094238e+01
2.281760573387145996e+01
2.831212854385375977e+01
1.387815499305725098e+01
2.331394791603088379e+01
2.289413332939147949e+01
2.618299460411071777e+01
2.966849446296691895e+01
2.156294345855712891e+01
2.647863507270812988e+01
1.734527921676635742e+01
2.274378538131713867e+01
2.736828017234802246e+01
3.179695582389831543e+01
1.296605134010314941e+01
1.272665286064147949e+01
1.187983202934265137e+01
2.244091939926147461e+01
2.173101234436035156e+01
2.370906639099121094e+01
2.528157567977905273e+01
2.099976134300231934e+01
2.765030360221862793e+01
2.169261980056762695e+01
2.353740739822387695e+01
2.256524825096130371e+01
3.199176049232482910e+01
2.847356486320495605e+01
1.307103824615478516e+01
2.692006134986877441e+01
1.958770775794982910e+01
3.150901365280151367e+01
1.319073891639709473e+01
1.642122220993041992e+01
1.048917198181152344e+01
3.164108347892761230e+01
1.169502758979797363e+01
1.671796178817749023e+01
1.777759838104248047e+01
1.638672924041748047e+01
1.254113960266113281e+01
2.512501263618469238e+01
2.128486347198486328e+01
3.014944052696228027e+01
3.031277084350585938e+01
1.339496254920959473e+01
1.894995260238647461e+01
1.531679296493530273e+01
1.776292586326599121e+01
1.111365914344787598e+01
1.965130448341369629e+01
5.480420827865600586e+00
2.090457010269165039e+01
1.842070960998535156e+01
2.024677729606628418e+01
1.955441427230834961e+01
2.349882555007934570e+01
9.273322343826293945e+00
1.327590155601501465e+01
2.639252853393554688e+01
1.267189335823059082e+01
1.913121056556701660e+01
2.559598755836486816e+01
3.011563563346862793e+01
3.034101438522338867e+01
1.483313131332397461e+01
1.429602050781250000e+01
2.536438083648681641e+01
2.635651636123657227e+01
1.809919095039367676e+01
2.147800350189208984e+01
2.006914448738098145e+01
1.583877015113830566e+01
2.590928125381469727e+01
1.761110687255859375e+01
1.866146254539489746e+01
2.742629146575927734e+01
1.340921330451965332e+01
1.199060153961181641e+01
2.073671102523803711e+01
2.040458226203918457e+01
2.491727209091186523e+01
1.327625679969787598e+01
1.837528467178344727e+01
2.896389770507812500e+01
3.529469084739685059e+01
2.233078908920288086e+01
1.711887097358703613e+01
2.543120932579040527e+01
3.074066329002380371e+01
2.192106080055236816e+01
3.525543594360351562e+01
2.125666141510009766e+01
2.379188370704650879e+01
3.847605609893798828e+01
2.205805230140686035e+01
1.583593082427978516e+01
2.298800635337829590e+01
3.964972639083862305e+01
2.733895182609558105e+01
1.786206316947937012e+01
2.515955233573913574e+01
2.250617933273315430e+01
1.782414364814758301e+01
4.430909800529479980e+01
3.439579606056213379e+01
2.502450633049011230e+01
4.565850830078125000e+01
2.111162948608398438e+01
2.816522526741027832e+01
2.149531579017639160e+01
1.149669122695922852e+01
2.057522344589233398e+01
2.525036883354187012e+01
4.724871873855590820e+00
3.882848429679870605e+01
3.103510403633117676e+01
1.465463066101074219e+01
2.408622002601623535e+01
3.924495935440063477e+01
1.248260235786437988e+01
2.876020526885986328e+01
3.366500210762023926e+01
1.280848145484924316e+01
2.890035128593444824e+01
1.568264269828796387e+01
3.299081397056579590e+01
3.613617992401123047e+01
3.017496585845947266e+01
1.409583497047424316e+01
1.070427632331848145e+01
2.445390033721923828e+01
2.116014719009399414e+01
3.606754636764526367e+01
2.539977312088012695e+01
2.471687293052673340e+01
2.140827012062072754e+01
1.562176179885864258e+01
1.181747317314147949e+01
3.287179851531982422e+01
3.068081808090209961e+01
2.743610239028930664e+01
1.380319523811340332e+01
3.964014315605163574e+01
1.187735700607299805e+01
1.975266218185424805e+01
1.377403688430786133e+01
1.824204540252685547e+01
2.151672029495239258e+01
2.831984472274780273e+01
2.193246436119079590e+01
2.786625909805297852e+01
3.464316129684448242e+01
2.101308846473693848e+01
3.439247322082519531e+01
1.910783505439758301e+01
2.611499619483947754e+01
1.760632252693176270e+01
4.211647582054138184e+01
9.549004077911376953e+00
1.705979418754577637e+01
2.704373168945312500e+01
8.807683229446411133e+00
3.628278541564941406e+01
2.242416596412658691e+01
2.878294539451599121e+01
1.941887784004211426e+01
2.601350522041320801e+01
3.683702373504638672e+01
4.538125801086425781e+01
3.655102205276489258e+01
2.744581675529479980e+01
1.866365909576416016e+01
4.767721104621887207e+01
4.082636427879333496e+01
3.559440350532531738e+01
3.126336908340454102e+01
1.510422158241271973e+01
2.227170395851135254e+01
2.357256484031677246e+01
2.054348778724670410e+01
1.716133594512939453e+01
4.220606565475463867e+00
1.788071703910827637e+01
2.974841690063476562e+01
3.898293423652648926e+01
1.788546919822692871e+01
2.703031539916992188e+01
1.692059874534606934e+01
2.045295596122741699e+01
1.001622581481933594e+01
2.380496978759765625e+01
1.084099030494689941e+01
2.548127961158752441e+01
2.586078667640686035e+01
5.100815534591674805e+01
1.673228311538696289e+01
1.032747554779052734e+01
2.188950848579406738e+01
1.385946631431579590e+01
2.190820741653442383e+01
1.391182446479797363e+01
2.657283282279968262e+01
3.671862769126892090e+01
1.758687019348144531e+01
2.806606149673461914e+01
2.338425469398498535e+01
5.268298554420471191e+01
1.674057126045227051e+01
1.983250498771667480e+01
5.343312907218933105e+01
1.553589105606079102e+01
3.829907631874084473e+01
2.192450070381164551e+01
2.464246487617492676e+01
3.880204653739929199e+01
2.856385111808776855e+01
3.190936803817749023e+01
3.181983923912048340e+01
2.149901461601257324e+01
1.877711868286132812e+01
3.075738501548767090e+01
2.661930871009826660e+01
1.673037862777709961e+01
5.321752476692199707e+01
8.564875841140747070e+00
1.894601559638977051e+01
3.177674484252929688e+01
2.300571966171264648e+01
2.098216104507446289e+01
3.288308501243591309e+01
3.248152351379394531e+01
1.512612915039062500e+01
6.441973686218261719e+00
1.685224294662475586e+01
2.013728952407836914e+01
1.256973505020141602e+01
4.146217989921569824e+01
2.310652804374694824e+01
3.089265346527099609e+01
1.665983939170837402e+01
2.332641458511352539e+01
8.333246707916259766e+00
2.696098423004150391e+01
4.637757158279418945e+01
1.576031804084777832e+01
1.214231038093566895e+01
2.028097701072692871e+01
3.551369166374206543e+01
4.276201725006103516e+01
1.952037930488586426e+01
4.596472954750061035e+01
1.749140810966491699e+01
2.721741533279418945e+01
2.101691651344299316e+01
1.740047264099121094e+01
2.321615791320800781e+01
3.124944114685058594e+01
1.963217568397521973e+01
2.352687406539916992e+01
3.596221661567687988e+01
2.608944320678710938e+01
1.298823380470275879e+01
2.572157621383666992e+01
1.177559447288513184e+01
