9.094694614410400391e+00
1.043095421791076660e+01
9.838711977005004883e+00
9.068397998809814453e+00
1.108204436302185059e+01
1.352027106285095215e+01
7.455610275268554688e+00
1.078439998626708984e+01
1.192507553100585938e+01
1.126719093322753906e+01
1.050561642646789551e+01
1.898032593727111816e+01
1.327474308013916016e+01
1.549747776985168457e+01
1.945444273948669434e+01
8.784962415695190430e+00
8.080322742462158203e+00
2.039669966697692871e+01
1.164213132858276367e+01
1.270159697532653809e+01
1.585096859931945801e+01
1.419017314910888672e+01
1.727250838279724121e+01
1.739350223541259766e+01
2.353152680397033691e+01
6.243186712265014648e+00
1.925515103340148926e+01
2.087607359886169434e+01
1.910001754760742188e+01
1.344290542602539062e+01
1.113003253936767578e+01
9.914280652999877930e+00
1.832457160949707031e+01
1.066310024261474609e+01
1.388705158233642578e+01
1.610917830467224121e+01
1.838866138458251953e+01
1.090872335433959961e+01
1.724799132347106934e+01
1.988995480537414551e+01
2.293636274337768555e+01
1.399109196662902832e+01
1.921180129051208496e+01
1.872797489166259766e+01
1.483748698234558105e+01
7.380615234375000000e+00
3.384158372879028320e+00
1.341692328453063965e+01
1.675290179252624512e+01
2.299447369575500488e+01
1.843389797210693359e+01
2.169679474830627441e+01
3.201023221015930176e+01
1.426431679725646973e+01
1.196386837959289551e+01
1.384745240211486816e+01
2.208391690254211426e+01
1.365398216247558594e+01
1.152965879440307617e+01
2.115292811393737793e+01
1.931399512290954590e+01
1.672775268554687500e+01
8.437614440917968750e+00
1.033140444755554199e+01
1.145768380165100098e+01
2.468714880943298340e+01
2.332091116905212402e+01
8.911931037902832031e+00
2.130809187889099121e+01
1.897248315811157227e+01
6.977714300155639648e+00
1.459224009513854980e+01
1.318557238578796387e+01
5.084834575653076172e+00
6.972222328186035156e+00
1.117749547958374023e+01
1.202938961982727051e+01
3.268852758407592773e+01
9.557931184768676758e+00
2.359679317474365234e+01
1.289958167076110840e+01
1.989964079856872559e+01
1.886554765701293945e+01
1.870618987083435059e+01
1.882327008247375488e+01
1.392044854164123535e+01
1.858821129798889160e+01
2.715808463096618652e+01
1.491138219833374023e+01
1.357739686965942383e+01
1.827189207077026367e+01
1.534577059745788574e+01
2.845369100570678711e+01
1.349295830726623535e+01
2.252201604843139648e+01
1.617827630043029785e+01
1.059041476249694824e+01
1.657516574859619141e+01
1.692466330528259277e+01
1.494508242607116699e+01
1.252300524711608887e+01
1.123568010330200195e+01
1.267564940452575684e+01
1.518253254890441895e+01
2.069422483444213867e+01
1.176444482803344727e+01
2.578435873985290527e+01
1.294718217849731445e+01
9.236919403076171875e+00
1.199944877624511719e+01
1.490991568565368652e+01
1.024648833274841309e+01
7.333828926086425781e+00
1.615041661262512207e+01
9.502970457077026367e+00
1.730914378166198730e+01
8.520133256912231445e+00
7.247055292129516602e+00
1.143435907363891602e+01
9.484777212142944336e+00
6.169868469238281250e+00
2.049200654029846191e+01
6.947365045547485352e+00
1.405985283851623535e+01
2.585547685623168945e+01
6.361228942871093750e+00
1.623243093490600586e+01
1.495337367057800293e+01
4.277090787887573242e+00
7.811862230300903320e+00
1.997445988655090332e+01
1.365234804153442383e+01
2.096023988723754883e+01
3.368047308921813965e+01
1.773955774307250977e+01
9.014247417449951172e+00
1.756711935997009277e+01
1.002724003791809082e+01
1.876759290695190430e+01
1.630087018013000488e+01
9.912784337997436523e+00
1.315764951705932617e+01
1.620239424705505371e+01
9.784370660781860352e+00
1.166455721855163574e+01
1.177743530273437500e+01
1.527768421173095703e+01
2.171427750587463379e+01
7.501487493515014648e+00
1.264764904975891113e+01
2.234739065170288086e+01
8.420222043991088867e+00
8.831261157989501953e+00
2.591948723793029785e+01
1.468796777725219727e+01
5.812734603881835938e+00
2.445070695877075195e+01
7.759817600250244141e+00
2.382541370391845703e+01
1.303618693351745605e+01
1.658755588531494141e+01
7.807007789611816406e+00
7.577017068862915039e+00
5.644551515579223633e+00
1.240540790557861328e+01
1.064916110038757324e+01
2.879508495330810547e+01
2.197281861305236816e+01
1.216328072547912598e+01
2.544928145408630371e+01
1.149351930618286133e+01
3.159049272537231445e+01
1.862431240081787109e+01
9.711420536041259766e+00
1.865273928642272949e+01
2.479560112953186035e+01
1.336191248893737793e+01
1.969129776954650879e+01
1.640164637565612793e+01
1.907087922096252441e+01
1.136135840415954590e+01
1.383220696449279785e+01
1.403649997711181641e+01
2.724429059028625488e+01
9.806867837905883789e+00
1.285574936866760254e+01
2.331174159049987793e+01
2.046814155578613281e+01
1.072329545021057129e+01
1.210137414932250977e+01
1.885907149314880371e+01
1.156643819808959961e+01
1.677633309364318848e+01
1.479080820083618164e+01
9.627363920211791992e+00
9.133077859878540039e+00
1.178263449668884277e+01
1.793216323852539062e+01
1.984281730651855469e+01
9.112731456756591797e+00
1.304562306404113770e+01
1.316168665885925293e+01
1.783135557174682617e+01
9.830870628356933594e+00
1.834723520278930664e+01
1.961370229721069336e+01
1.930094289779663086e+01
1.734641027450561523e+01
9.518500328063964844e+00
1.355350160598754883e+01
2.535829710960388184e+01
2.271254014968872070e+01
2.063713741302490234e+01
1.291409659385681152e+01
1.740447568893432617e+01
1.525036144256591797e+01
1.784051370620727539e+01
2.011253285408020020e+01
8.131145715713500977e+00
1.212062311172485352e+01
1.525863742828369141e+01
1.230202651023864746e+01
1.150570273399353027e+01
1.218031120300292969e+01
1.579356694221496582e+01
1.290644621849060059e+01
1.229124474525451660e+01
2.244724249839782715e+01
1.609123945236206055e+01
1.695771884918212891e+01
2.103596735000610352e+01
2.222068738937377930e+01
1.059037780761718750e+01
1.591102552413940430e+01
1.595829319953918457e+01
1.685220456123352051e+01
1.433910918235778809e+01
1.800286221504211426e+01
6.898868560791015625e+00
7.592848777770996094e+00
1.412401270866394043e+01
2.350754594802856445e+01
2.190344071388244629e+01
2.026783609390258789e+01
1.467804336547851562e+01
1.669147944450378418e+01
1.458271813392639160e+01
2.132039570808410645e+01
2.203925371170043945e+01
2.180095314979553223e+01
2.442465972900390625e+01
2.308367156982421875e+01
1.396405005455017090e+01
1.392004346847534180e+01
2.782662606239318848e+01
2.278248834609985352e+01
9.585560560226440430e+00
2.545181751251220703e+01
1.574899435043334961e+01
2.466238141059875488e+01
1.671135282516479492e+01
2.023173236846923828e+01
1.766289782524108887e+01
1.710894203186035156e+01
2.063422250747680664e+01
5.964768886566162109e+00
2.427969408035278320e+01
9.053605079650878906e+00
2.279403471946716309e+01
2.755481290817260742e+01
1.387998700141906738e+01
2.037252020835876465e+01
3.346976685523986816e+01
2.035245227813720703e+01
1.982433176040649414e+01
2.195880651473999023e+01
9.787220001220703125e+00
2.107084107398986816e+01
1.862612628936767578e+01
2.103476762771606445e+01
1.709013247489929199e+01
1.905878353118896484e+01
3.221734571456909180e+01
3.097949695587158203e+01
1.964393711090087891e+01
2.513449025154113770e+01
2.441387653350830078e+01
3.198517942428588867e+01
3.398223090171813965e+01
2.465051388740539551e+01
1.998646712303161621e+01
7.528964996337890625e+00
2.086807441711425781e+01
1.942529201507568359e+01
1.452734422683715820e+01
9.079376459121704102e+00
1.494848680496215820e+01
2.909456610679626465e+01
2.048798871040344238e+01
2.165981268882751465e+01
1.437739515304565430e+01
2.115236496925354004e+01
1.457809925079345703e+01
5.324816942214965820e+00
1.886619997024536133e+01
1.812511038780212402e+01
4.205460977554321289e+01
3.918155670166015625e+00
1.283450317382812500e+01
2.936838316917419434e+01
2.519004654884338379e+01
1.483265995979309082e+01
1.234361529350280762e+01
1.005971527099609375e+01
1.467638897895812988e+01
3.250370550155639648e+01
2.040777969360351562e+01
2.634495735168457031e+01
1.612089657783508301e+01
2.474989223480224609e+01
2.041664314270019531e+01
1.200381827354431152e+01
2.332459044456481934e+01
8.562114715576171875e+00
2.437951016426086426e+01
1.760359525680541992e+01
8.247616767883300781e+00
2.614276266098022461e+01
1.429909396171569824e+01
7.206099748611450195e+00
9.814032316207885742e+00
8.392599821090698242e+00
2.031708669662475586e+01
1.218235564231872559e+01
2.156387114524841309e+01
1.682042598724365234e+01
7.955292701721191406e+00
1.585455226898193359e+01
2.378368186950683594e+01
7.495884656906127930e+00
1.654831337928771973e+01
1.096516776084899902e+01
2.770660448074340820e+01
1.506987690925598145e+01
9.798285722732543945e+00
1.640759754180908203e+01
9.911603927612304688e+00
1.924365592002868652e+01
1.909091472625732422e+01
9.443711996078491211e+00
1.183666777610778809e+01
1.260393381118774414e+01
1.844563722610473633e+01
1.873538827896118164e+01
2.013982963562011719e+01
1.234108376502990723e+01
9.479962825775146484e+00
1.025544023513793945e+01
8.040354013442993164e+00
7.324393033981323242e+00
2.988656449317932129e+01
1.372330784797668457e+01
1.196964311599731445e+01
3.500540089607238770e+01
1.021808457374572754e+01
1.450168371200561523e+01
7.247247695922851562e+00
1.253510522842407227e+01
1.110356712341308594e+01
3.083852601051330566e+01
1.767865157127380371e+01
1.067906212806701660e+01
1.116977024078369141e+01
1.340356373786926270e+01
2.269685411453247070e+01
1.232051301002502441e+01
1.300031161308288574e+01
2.794818592071533203e+01
2.131396245956420898e+01
1.272169733047485352e+01
1.603815722465515137e+01
2.055562925338745117e+01
1.053984975814819336e+01
1.224439358711242676e+01
1.101764941215515137e+01
1.501254034042358398e+01
2.202084517478942871e+01
3.474787735939025879e+01
1.305523014068603516e+01
2.399152231216430664e+01
1.805553102493286133e+01
1.942748093605041504e+01
2.150289273262023926e+01
2.193095040321350098e+01
1.733247733116149902e+01
1.591800141334533691e+01
3.925044918060302734e+01
1.381765317916870117e+01
3.302208018302917480e+01
1.551205325126647949e+01
1.045089602470397949e+01
2.903373003005981445e+01
1.237887191772460938e+01
2.328954148292541504e+01
1.800203299522399902e+01
1.463873600959777832e+01
1.586917018890380859e+01
1.619998836517333984e+01
1.942741799354553223e+01
1.615225267410278320e+01
1.273758053779602051e+01
1.708215808868408203e+01
1.401734066009521484e+01
1.656031227111816406e+01
1.582839512825012207e+01
1.780522656440734863e+01
1.568349289894104004e+01
1.041935658454895020e+01
1.023862648010253906e+01
3.087127780914306641e+01
1.880036187171936035e+01
3.086065196990966797e+01
1.625673842430114746e+01
2.525333189964294434e+01
2.433990931510925293e+01
2.105004572868347168e+01
1.230656123161315918e+01
1.769390201568603516e+01
1.713068008422851562e+01
2.002296161651611328e+01
7.849861145019531250e+00
1.594806313514709473e+01
2.359587311744689941e+01
2.500518655776977539e+01
2.213686704635620117e+01
2.177434587478637695e+01
1.213665843009948730e+01
1.734981465339660645e+01
1.717912554740905762e+01
2.462351346015930176e+01
1.571551036834716797e+01
1.656181478500366211e+01
1.288324737548828125e+01
9.463616847991943359e+00
1.667423939704895020e+01
6.740964412689208984e+00
2.008976006507873535e+01
2.105395030975341797e+01
2.246425151824951172e+01
1.887255859375000000e+01
1.685494089126586914e+01
1.692920541763305664e+01
2.578588223457336426e+01
2.429975414276123047e+01
1.674234104156494141e+01
2.622529482841491699e+01
2.470220685005187988e+01
7.935256958007812500e+00
1.576579999923706055e+01
3.789720678329467773e+01
1.930813765525817871e+01
1.655715990066528320e+01
3.705888223648071289e+01
1.952701497077941895e+01
2.799531698226928711e+01
2.467364764213562012e+01
1.714944624900817871e+01
2.415430927276611328e+01
1.851637053489685059e+01
3.341930055618286133e+01
1.393399882316589355e+01
2.440025591850280762e+01
2.720282244682312012e+01
2.284816074371337891e+01
3.060175418853759766e+01
2.595668435096740723e+01
1.358987879753112793e+01
2.407432556152343750e+01
1.119832181930541992e+01
1.855070233345031738e+01
2.261836409568786621e+01
1.224794745445251465e+01
1.658858871459960938e+01
2.151684761047363281e+01
2.148463416099548340e+01
1.666376566886901855e+01
1.445368218421936035e+01
2.071624922752380371e+01
2.017435264587402344e+01
2.955874872207641602e+01
2.211557793617248535e+01
1.843978381156921387e+01
2.361757493019104004e+01
1.725223565101623535e+01
1.245710158348083496e+01
2.695398020744323730e+01
1.226017284393310547e+01
2.333774638175964355e+01
1.965938425064086914e+01
2.251809477806091309e+01
1.862526297569274902e+01
1.366378831863403320e+01
3.053313827514648438e+01
2.685279512405395508e+01
1.540936017036437988e+01
8.389377355575561523e+00
2.076675605773925781e+01
1.173666167259216309e+01
3.024300217628479004e+01
3.263799238204956055e+01
2.494338202476501465e+01
3.155246329307556152e+01
2.852328443527221680e+01
2.645601725578308105e+01
2.682858419418334961e+01
2.909236788749694824e+01
1.693954682350158691e+01
1.905797147750854492e+01
2.215681982040405273e+01
1.193224287033081055e+01
2.881715083122253418e+01
1.838839554786682129e+01
1.502464580535888672e+01
2.988753652572631836e+01
1.329500937461853027e+01
2.632179379463195801e+01
1.148771381378173828e+01
2.252990102767944336e+01
2.220216560363769531e+01
2.369113755226135254e+01
2.016102099418640137e+01
1.391785717010498047e+01
2.181282401084899902e+01
1.582079672813415527e+01
1.305381560325622559e+01
1.250359630584716797e+01
8.723574638366699219e+00
2.409114217758178711e+01
3.198399949073791504e+01
1.688162922859191895e+01
1.580699229240417480e+01
1.648856067657470703e+01
2.655544114112854004e+01
2.695894694328308105e+01
3.522251105308532715e+01
2.695907640457153320e+01
2.751596164703369141e+01
2.729369616508483887e+01
2.640063881874084473e+01
1.684486508369445801e+01
2.132502579689025879e+01
2.718445467948913574e+01
1.939085769653320312e+01
2.438742065429687500e+01
3.250361824035644531e+01
2.007698869705200195e+01
1.951778316497802734e+01
2.883975005149841309e+01
1.424017429351806641e+01
3.017166328430175781e+01
2.049888992309570312e+01
2.966842627525329590e+01
2.338409447669982910e+01
2.081406903266906738e+01
1.877210211753845215e+01
1.392752027511596680e+01
1.064971923828125000e+01
1.334684252738952637e+01
2.110371637344360352e+01
1.994154095649719238e+01
2.002825403213500977e+01
2.219446229934692383e+01
7.826144456863403320e+00
2.421659278869628906e+01
2.443853282928466797e+01
1.610604095458984375e+01
2.193034410476684570e+01
1.464804697036743164e+01
1.612401032447814941e+01
1.774536800384521484e+01
1.425666999816894531e+01
3.962807273864746094e+01
1.920102262496948242e+01
2.386644983291625977e+01
2.202032232284545898e+01
1.670343708992004395e+01
3.808740234375000000e+01
2.229404902458190918e+01
1.847233796119689941e+01
3.440922474861145020e+01
7.616691589355468750e+00
2.418737816810607910e+01
1.727213859558105469e+01
7.274338722229003906e+00
4.121162104606628418e+01
1.082762813568115234e+01
6.205281019210815430e+00
3.915825104713439941e+01
2.016176772117614746e+01
8.816857099533081055e+00
1.051488828659057617e+01
8.769045591354370117e+00
1.567065000534057617e+01
1.509146475791931152e+01
1.602788996696472168e+01
2.312299919128417969e+01
3.350955176353454590e+01
1.702888274192810059e+01
1.508830404281616211e+01
1.890255928039550781e+01
1.825454759597778320e+01
9.058060884475708008e+00
7.322077274322509766e+00
1.530974936485290527e+01
1.842339277267456055e+01
2.263792920112609863e+01
1.752584910392761230e+01
1.948939466476440430e+01
2.680234241485595703e+01
3.407217621803283691e+01
1.863009881973266602e+01
1.418978762626647949e+01
2.530563545227050781e+01
3.416809129714965820e+01
1.075591778755187988e+01
2.176654624938964844e+01
7.248029708862304688e+00
3.543193435668945312e+01
1.023073697090148926e+01
2.154779839515686035e+01
1.813992881774902344e+01
1.402569556236267090e+01
1.836216282844543457e+01
9.410804986953735352e+00
1.625680828094482422e+01
2.007942986488342285e+01
4.278144645690917969e+01
1.097751927375793457e+01
1.766516351699829102e+01
1.596419095993041992e+01
2.078221392631530762e+01
3.457567739486694336e+01
1.363689732551574707e+01
5.840652704238891602e+00
1.665760326385498047e+01
1.037388753890991211e+01
9.965039491653442383e+00
2.617862677574157715e+01
9.842408418655395508e+00
2.170749425888061523e+01
1.192731666564941406e+01
5.963411569595336914e+00
3.538241696357727051e+01
1.300994300842285156e+01
1.341198635101318359e+01
1.483582925796508789e+01
1.130024671554565430e+01
2.892138290405273438e+01
3.021782088279724121e+01
6.346816778182983398e+00
2.190106177330017090e+01
2.281824302673339844e+01
2.742280483245849609e+01
2.462736010551452637e+01
3.837978196144104004e+01
1.604823398590087891e+01
2.110899281501770020e+01
1.549515128135681152e+01
8.818360805511474609e+00
3.864952659606933594e+01
3.195746994018554688e+01
1.427175569534301758e+01
1.629130983352661133e+01
2.325622439384460449e+01
8.125874042510986328e+00
7.156044960021972656e+00
1.839305710792541504e+01
2.241597056388854980e+01
6.577780723571777344e+00
1.128598260879516602e+01
1.245754003524780273e+01
2.208360290527343750e+01
6.661651849746704102e+00
2.471987104415893555e+01
1.371533846855163574e+01
2.538495993614196777e+01
1.433993291854858398e+01
2.297979211807250977e+01
1.592823743820190430e+01
3.901890039443969727e+00
2.957081103324890137e+01
1.349217605590820312e+01
1.823704457283020020e+01
7.975758790969848633e+00
1.227849841117858887e+01
8.024617195129394531e+00
1.468133163452148438e+01
8.217951059341430664e+00
1.993186140060424805e+01
1.719778490066528320e+01
1.132540607452392578e+01
1.430164361000061035e+01
1.524257683753967285e+01
3.147043800354003906e+01
1.092304778099060059e+01
1.434099936485290527e+01
1.565184283256530762e+01
1.421476173400878906e+01
1.401497817039489746e+01
1.362906789779663086e+01
1.719031000137329102e+01
2.847896909713745117e+01
2.518853306770324707e+01
8.904353857040405273e+00
1.229139184951782227e+01
1.049349594116210938e+01
2.372418022155761719e+01
1.565705227851867676e+01
2.180710697174072266e+01
1.439728355407714844e+01
1.412292027473449707e+01
1.242112660408020020e+01
3.094174742698669434e+01
2.140403819084167480e+01
1.630995440483093262e+01
2.077270841598510742e+01
1.655564332008361816e+01
2.466323661804199219e+01
1.642582106590270996e+01
1.934201526641845703e+01
3.151019287109375000e+01
1.386239695549011230e+01
2.063620758056640625e+01
1.596376323699951172e+01
1.624888515472412109e+01
2.157511425018310547e+01
1.422785615921020508e+01
1.926682710647583008e+01
1.866038990020751953e+01
9.659247159957885742e+00
1.469803333282470703e+01
1.897809886932373047e+01
1.690216708183288574e+01
1.299156022071838379e+01
2.302210497856140137e+01
2.136895990371704102e+01
1.624357104301452637e+01
2.465390539169311523e+01
1.725684213638305664e+01
2.076441717147827148e+01
1.976616263389587402e+01
2.370048832893371582e+01
1.667696547508239746e+01
1.701391243934631348e+01
1.625112509727478027e+01
2.905301952362060547e+01
1.757795357704162598e+01
1.485165238380432129e+01
1.630835247039794922e+01
2.136247849464416504e+01
2.955753111839294434e+01
1.456225109100341797e+01
1.571729183197021484e+01
1.501332068443298340e+01
2.185034942626953125e+01
2.310558724403381348e+01
1.429053997993469238e+01
2.048999142646789551e+01
2.981589126586914062e+01
2.047359967231750488e+01
1.495644164085388184e+01
1.776510238647460938e+01
2.031851220130920410e+01
1.863898015022277832e+01
1.591632318496704102e+01
1.802983403205871582e+01
1.738678216934204102e+01
2.623913264274597168e+01
2.408616709709167480e+01
2.301903986930847168e+01
1.914591240882873535e+01
1.956093358993530273e+01
2.125883936882019043e+01
1.724024820327758789e+01
1.759956383705139160e+01
2.795179367065429688e+01
1.642299365997314453e+01
1.878473949432373047e+01
1.732113218307495117e+01
2.330616927146911621e+01
1.675902962684631348e+01
2.236020302772521973e+01
1.482818365097045898e+01
2.664628839492797852e+01
1.888532805442810059e+01
1.850350451469421387e+01
1.879899168014526367e+01
2.747672080993652344e+01
2.184647321701049805e+01
1.577552771568298340e+01
1.876574015617370605e+01
9.929956436157226562e+00
1.906017518043518066e+01
2.499224758148193359e+01
2.096367430686950684e+01
6.630442619323730469e+00
4.096318030357360840e+01
2.309829664230346680e+01
2.687534761428833008e+01
1.907774186134338379e+01
2.263589954376220703e+01
1.961043119430541992e+01
1.435174298286437988e+01
2.319656491279602051e+01
2.320392632484436035e+01
2.138609743118286133e+01
1.061210513114929199e+01
1.038242077827453613e+01
2.148867630958557129e+01
8.854067564010620117e+00
1.335688495635986328e+01
1.561064171791076660e+01
1.571463131904602051e+01
1.472175645828247070e+01
2.081127238273620605e+01
9.361328363418579102e+00
9.791885375976562500e+00
2.502615165710449219e+01
2.858932614326477051e+01
1.088511657714843750e+01
2.744269609451293945e+00
2.096505355834960938e+01
2.511738109588623047e+01
2.191312479972839355e+01
2.186469292640686035e+01
2.644359183311462402e+01
1.567605209350585938e+01
1.145697689056396484e+01
3.254669499397277832e+01
3.072519421577453613e+01
1.779857325553894043e+01
1.812213730812072754e+01
1.899153685569763184e+01
4.434605550765991211e+01
1.973134589195251465e+01
2.567345261573791504e+01
1.863816237449645996e+01
2.728214097023010254e+01
2.571180844306945801e+01
1.708582234382629395e+01
1.298364877700805664e+01
3.386717534065246582e+01
3.428353881835937500e+01
1.565752959251403809e+01
8.072034597396850586e+00
2.229162812232971191e+01
1.321377825736999512e+01
2.347162485122680664e+01
2.730414867401123047e+01
3.217060351371765137e+01
1.297210097312927246e+01
2.345566415786743164e+01
2.891752028465270996e+01
2.506999802589416504e+01
1.992261028289794922e+01
1.387855410575866699e+01
9.887855529785156250e+00
2.406105637550354004e+01
2.633613181114196777e+01
2.520849132537841797e+01
2.890561461448669434e+01
1.714784669876098633e+01
2.471449089050292969e+01
3.046954894065856934e+01
3.086571526527404785e+01
2.812954139709472656e+01
1.421931099891662598e+01
1.825581312179565430e+01
1.964419555664062500e+01
1.568312501907348633e+01
3.077551245689392090e+01
1.619306850433349609e+01
1.002125144004821777e+01
2.226960206031799316e+01
1.483428454399108887e+01
1.351072645187377930e+01
2.815804648399353027e+01
2.337906932830810547e+01
1.481308984756469727e+01
1.291922712326049805e+01
1.151015520095825195e+01
1.306772398948669434e+01
1.759788560867309570e+01
9.237520217895507812e+00
1.432516622543334961e+01
9.078845262527465820e+00
3.072069382667541504e+01
2.019821858406066895e+01
1.261846852302551270e+01
2.509487032890319824e+01
1.279889655113220215e+01
1.732030367851257324e+01
3.418603372573852539e+01
1.584007072448730469e+01
1.152734112739562988e+01
2.960794162750244141e+01
1.071458315849304199e+01
1.890925741195678711e+01
1.983940696716308594e+01
2.731548237800598145e+01
7.558195590972900391e+00
2.087379693984985352e+01
1.979602193832397461e+01
1.891788792610168457e+01
1.867969083786010742e+01
1.690104770660400391e+01
3.246106624603271484e+01
1.052045989036560059e+01
2.564607620239257812e+01
1.446361541748046875e+01
7.523076534271240234e+00
1.584470319747924805e+01
6.975805282592773438e+00
1.792719769477844238e+01
3.090845799446105957e+01
3.253424954414367676e+01
6.904987812042236328e+00
1.237160110473632812e+01
1.138414502143859863e+01
1.557628107070922852e+01
3.587390828132629395e+01
2.008177137374877930e+01
1.953466057777404785e+01
1.055353736877441406e+01
2.186261868476867676e+01
1.524347639083862305e+01
1.718226575851440430e+01
1.510142660140991211e+01
3.244441080093383789e+01
1.727021694183349609e+01
1.869484019279479980e+01
2.138365578651428223e+01
1.737120485305786133e+01
1.968218398094177246e+01
2.481207346916198730e+01
2.131753349304199219e+01
1.991499090194702148e+01
2.106093931198120117e+01
3.135539531707763672e+01
2.319642376899719238e+01
1.346412229537963867e+01
1.767868804931640625e+01
1.510088205337524414e+01
2.170207929611206055e+01
1.504215955734252930e+01
2.871573376655578613e+01
1.570056152343750000e+01
3.135334062576293945e+01
1.878776788711547852e+01
3.486456394195556641e+01
2.830463695526123047e+01
1.374197340011596680e+01
1.876701712608337402e+01
2.940478229522705078e+01
9.657806158065795898e+00
1.654211473464965820e+01
2.211465048789978027e+01
1.533824920654296875e+01
1.027689456939697266e+01
3.400609731674194336e+01
2.632679057121276855e+01
1.197466301918029785e+01
1.528592705726623535e+01
1.477391266822814941e+01
1.757965660095214844e+01
1.023543214797973633e+01
1.701056981086730957e+01
1.411140799522399902e+01
3.664652299880981445e+01
1.936676549911499023e+01
1.513383936882019043e+01
2.606288647651672363e+01
2.105438160896301270e+01
2.132858109474182129e+01
2.312290525436401367e+01
2.029148101806640625e+01
4.407679605484008789e+01
3.608122515678405762e+01
1.243001937866210938e+01
2.041056752204895020e+01
1.917820096015930176e+01
8.209876775741577148e+00
8.715185165405273438e+00
1.268506145477294922e+01
1.296035289764404297e+01
3.573591446876525879e+01
3.679368090629577637e+01
2.454358696937561035e+01
1.914082574844360352e+01
2.005454039573669434e+01
2.193295192718505859e+01
1.287292742729187012e+01
2.050476098060607910e+01
2.340480184555053711e+01
1.487116384506225586e+01
1.765434861183166504e+01
1.098355388641357422e+01
1.252924847602844238e+01
2.739387297630310059e+01
1.336422896385192871e+01
2.270761013031005859e+01
2.076300024986267090e+01
2.664479351043701172e+01
1.817515850067138672e+01
1.985357880592346191e+01
1.809473204612731934e+01
1.941108298301696777e+01
1.885505127906799316e+01
1.780394363403320312e+01
1.903797292709350586e+01
1.297788643836975098e+01
3.726525998115539551e+01
2.677196669578552246e+01
1.958947277069091797e+01
1.195760488510131836e+01
2.300020289421081543e+01
4.235209369659423828e+01
1.667651867866516113e+01
1.832296729087829590e+01
2.396622323989868164e+01
1.222962427139282227e+01
2.449044871330261230e+01
2.532995843887329102e+01
1.026127529144287109e+01
2.059263801574707031e+01
1.111948895454406738e+01
3.084029054641723633e+01
2.045050358772277832e+01
2.563549590110778809e+01
2.623063516616821289e+01
1.214626550674438477e+01
1.625132918357849121e+01
1.716835331916809082e+01
2.557684159278869629e+01
3.322133684158325195e+01
1.283388066291809082e+01
3.007879137992858887e+01
1.803608942031860352e+01
1.555491304397583008e+01
1.870961141586303711e+01
2.503748130798339844e+01
1.680653595924377441e+01
1.876134014129638672e+01
1.734178996086120605e+01
1.777236366271972656e+01
1.332756471633911133e+01
1.775190496444702148e+01
2.070259261131286621e+01
1.797410368919372559e+01
2.895214223861694336e+01
1.709089016914367676e+01
2.931874036788940430e+01
2.780350732803344727e+01
1.767421245574951172e+01
1.949916434288024902e+01
2.931002187728881836e+01
2.623500561714172363e+01
1.920620489120483398e+01
2.887498688697814941e+01
1.805872273445129395e+01
2.508001661300659180e+01
1.842229557037353516e+01
3.479855227470397949e+01
2.653889751434326172e+01
1.988351726531982422e+01
2.636679410934448242e+01
1.814409971237182617e+01
1.913828468322753906e+01
1.799476146697998047e+01
2.929318833351135254e+01
2.181253147125244141e+01
1.834159779548645020e+01
2.671913743019104004e+01
1.909925699234008789e+01
2.139609766006469727e+01
2.867983794212341309e+01
1.531171321868896484e+01
1.548190975189208984e+01
4.346408438682556152e+01
2.034964776039123535e+01
2.620971322059631348e+01
1.952006125450134277e+01
1.216116762161254883e+01
2.008820962905883789e+01
2.541178774833679199e+01
1.792009186744689941e+01
1.778528451919555664e+01
2.715723562240600586e+01
1.762884640693664551e+01
2.251592755317687988e+01
2.218780136108398438e+01
1.617246174812316895e+01
1.248378753662109375e+01
2.225900793075561523e+01
1.655752468109130859e+01
2.057363104820251465e+01
3.156297898292541504e+01
2.308163785934448242e+01
2.158403825759887695e+01
3.760415005683898926e+01
3.280657219886779785e+01
2.434035539627075195e+01
2.299517869949340820e+01
2.318512535095214844e+01
1.810162210464477539e+01
2.724862647056579590e+01
2.225465059280395508e+01
2.438169693946838379e+01
2.064573931694030762e+01
2.908995842933654785e+01
2.516267657279968262e+01
3.820625972747802734e+01
2.412958788871765137e+01
2.217086100578308105e+01
2.019754815101623535e+01
1.662723922729492188e+01
3.174164819717407227e+01
1.278417563438415527e+01
2.313125181198120117e+01
2.331416869163513184e+01
2.232040071487426758e+01
2.378827714920043945e+01
1.669653940200805664e+01
2.282833671569824219e+01
2.227849054336547852e+01
2.088922333717346191e+01
1.646632671356201172e+01
1.964474463462829590e+01
1.043272280693054199e+01
8.769289493560791016e+00
2.486970353126525879e+01
2.352708745002746582e+01
5.499297857284545898e+00
2.491617727279663086e+01
2.522572493553161621e+01
2.463519120216369629e+01
1.345760750770568848e+01
2.957676577568054199e+01
1.536818242073059082e+01
1.568601965904235840e+01
2.253865909576416016e+01
2.537495589256286621e+01
1.484587216377258301e+01
2.548758745193481445e+01
1.371207356452941895e+01
2.469027066230773926e+01
1.719725608825683594e+01
2.899964857101440430e+01
2.349922704696655273e+01
2.480047297477722168e+01
1.949153399467468262e+01
1.392937135696411133e+01
2.607844805717468262e+01
2.699192357063293457e+01
2.564621257781982422e+01
2.524760723114013672e+01
2.269204568862915039e+01
1.609472846984863281e+01
1.458656263351440430e+01
2.670347213745117188e+01
6.861020803451538086e+00
2.104689550399780273e+01
1.180070543289184570e+01
2.856064295768737793e+01
2.021207809448242188e+01
3.757724118232727051e+01
2.804743838310241699e+01
2.371835613250732422e+01
1.540282058715820312e+01
1.066301012039184570e+01
2.947997665405273438e+01
9.401918649673461914e+00
1.577798938751220703e+01
2.742130303382873535e+01
3.061095857620239258e+01
1.008761620521545410e+01
3.009528732299804688e+01
5.928207015991210938e+01
2.718637800216674805e+01
1.276415872573852539e+01
2.850736093521118164e+01
1.438239932060241699e+01
2.493228864669799805e+01
2.984660935401916504e+01
1.855774331092834473e+01
2.632380795478820801e+01
2.320894026756286621e+01
2.025994253158569336e+01
3.173438382148742676e+01
1.831053638458251953e+01
2.188418841361999512e+01
2.652442908287048340e+01
9.401247978210449219e+00
3.077193641662597656e+01
3.918980264663696289e+01
1.165120887756347656e+01
1.736853718757629395e+01
2.756194925308227539e+01
2.071297740936279297e+01
2.005609321594238281e+01
1.992653155326843262e+01
6.884521245956420898e+00
3.124820160865783691e+01
1.686101436614990234e+01
2.283689498901367188e+01
2.227057337760925293e+01
3.197022199630737305e+01
1.315250444412231445e+01
1.861595797538757324e+01
3.644292068481445312e+01
2.289481496810913086e+01
2.130711150169372559e+01
2.258133673667907715e+01
1.717873311042785645e+01
2.883808517456054688e+01
2.654015231132507324e+01
2.349874401092529297e+01
2.055543613433837891e+01
1.486920022964477539e+01
2.391401648521423340e+01
1.647217631340026855e+01
3.589673113822937012e+01
1.674516320228576660e+01
4.644497156143188477e+01
1.714044737815856934e+01
2.339982271194458008e+01
3.095103907585144043e+01
2.536327624320983887e+01
2.180656361579895020e+01
1.262388777732849121e+01
2.268517112731933594e+01
1.139852833747863770e+01
3.256046247482299805e+01
3.690525150299072266e+01
1.080205869674682617e+01
1.772593140602111816e+01
2.568721699714660645e+01
2.230868935585021973e+01
1.201510763168334961e+01
2.924380803108215332e+01
1.162438941001892090e+01
2.259439110755920410e+01
3.173643827438354492e+01
1.926650094985961914e+01
3.823601341247558594e+01
1.690046119689941406e+01
2.226927685737609863e+01
2.034536194801330566e+01
1.654012227058410645e+01
1.303868293762207031e+01
2.189765763282775879e+01
2.057197928428649902e+01
1.599356079101562500e+01
3.972166466712951660e+01
1.096567177772521973e+01
2.249454379081726074e+01
2.415374970436096191e+01
2.817274665832519531e+01
1.144882988929748535e+01
2.026590323448181152e+01
1.910755920410156250e+01
2.024649024009704590e+01
2.196970343589782715e+01
3.546053671836853027e+01
1.438792490959167480e+01
1.621539044380187988e+01
1.818629121780395508e+01
2.095554590225219727e+01
1.071753573417663574e+01
2.781159138679504395e+01
2.981577849388122559e+01
2.095809793472290039e+01
1.813995790481567383e+01
2.223528051376342773e+01
3.949709296226501465e+01
2.160061359405517578e+01
1.203479218482971191e+01
2.218275761604309082e+01
2.238805866241455078e+01
1.623966717720031738e+01
2.177177476882934570e+01
1.837163472175598145e+01
3.345621442794799805e+01
3.751637721061706543e+01
2.087646079063415527e+01
2.134021711349487305e+01
1.144563627243041992e+01
9.788053989410400391e+00
2.155846285820007324e+01
2.153581809997558594e+01
1.200839591026306152e+01
2.890734243392944336e+01
2.565502834320068359e+01
2.970943427085876465e+01
2.380294489860534668e+01
1.916857933998107910e+01
2.412014341354370117e+01
1.159775805473327637e+01
2.329820609092712402e+01
2.997328114509582520e+01
2.617726612091064453e+01
1.582415795326232910e+01
1.519463992118835449e+01
2.682288646697998047e+01
2.274723768234252930e+01
2.438080263137817383e+01
2.062385606765747070e+01
2.305118155479431152e+01
1.807941555976867676e+01
1.679533076286315918e+01
3.049285650253295898e+01
2.290977787971496582e+01
2.148423242568969727e+01
2.036869835853576660e+01
2.326359272003173828e+01
2.344404959678649902e+01
2.360012722015380859e+01
1.931471538543701172e+01
1.567794466018676758e+01
1.242344880104064941e+01
2.037011861801147461e+01
1.936722636222839355e+01
2.681778550148010254e+01
3.241763234138488770e+01
1.647124123573303223e+01
1.943249940872192383e+01
9.977015733718872070e+00
2.669893407821655273e+01
3.828231763839721680e+01
2.559112811088562012e+01
1.278108859062194824e+01
3.318456721305847168e+01
1.368158459663391113e+01
3.344002342224121094e+01
1.102389311790466309e+01
2.274763250350952148e+01
1.071294999122619629e+01
1.228056311607360840e+01
1.635749650001525879e+01
2.420419883728027344e+01
1.965255427360534668e+01
1.039235568046569824e+01
2.078276920318603516e+01
1.407600855827331543e+01
2.471597075462341309e+01
1.977628898620605469e+01
1.738030290603637695e+01
1.552019643783569336e+01
2.192356061935424805e+01
1.892603969573974609e+01
7.876815319061279297e+00
2.008301305770874023e+01
1.468355751037597656e+01
1.788188290596008301e+01
2.930769348144531250e+01
2.630195546150207520e+01
2.133196187019348145e+01
1.225298309326171875e+01
2.600831270217895508e+01
2.039652919769287109e+01
2.256128120422363281e+01
1.396441721916198730e+01
8.720348596572875977e+00
8.695467472076416016e+00
2.702107167243957520e+01
2.038529610633850098e+01
2.366559171676635742e+01
2.391299033164978027e+01
1.877041983604431152e+01
4.641025233268737793e+01
2.528187680244445801e+01
1.965097165107727051e+01
2.404653143882751465e+01
2.985647034645080566e+01
2.351633596420288086e+01
1.403302669525146484e+01
1.752270436286926270e+01
3.547973608970642090e+01
1.076960134506225586e+01
2.355961585044860840e+01
2.541447877883911133e+01
2.843062639236450195e+01
1.491399312019348145e+01
2.314867162704467773e+01
2.109173655509948730e+01
2.236407399177551270e+01
1.280585002899169922e+01
1.288275909423828125e+01
2.562683868408203125e+01
1.641550230979919434e+01
2.682434225082397461e+01
1.779283428192138672e+01
1.025951004028320312e+01
2.168724846839904785e+01
1.341278219223022461e+01
1.291231274604797363e+01
1.186136746406555176e+01
3.189361095428466797e+01
1.873300313949584961e+01
1.643713951110839844e+01
2.727273297309875488e+01
4.003898763656616211e+01
1.529421377182006836e+01
3.900903415679931641e+01
1.450387287139892578e+01
6.390708446502685547e+00
2.450212478637695312e+01
2.594309139251708984e+01
1.658282852172851562e+01
1.292783188819885254e+01
2.258922219276428223e+01
1.960664200782775879e+01
1.528306889533996582e+01
1.632255625724792480e+01
2.052014708518981934e+01
2.395950913429260254e+01
1.737464380264282227e+01
2.645309233665466309e+01
2.481940293312072754e+01
2.220821690559387207e+01
2.174712848663330078e+01
1.471819591522216797e+01
1.095002746582031250e+01
1.707663846015930176e+01
1.730284786224365234e+01
1.327070164680480957e+01
1.547757744789123535e+01
3.300379133224487305e+01
1.789810276031494141e+01
2.109423279762268066e+01
2.646150851249694824e+01
2.329339957237243652e+01
1.330677485466003418e+01
2.372992992401123047e+01
1.654418778419494629e+01
1.486400938034057617e+01
1.326695537567138672e+01
2.188122606277465820e+01
6.442987680435180664e+00
2.216851449012756348e+01
3.391137242317199707e+01
1.281297326087951660e+01
1.565868449211120605e+01
2.149494242668151855e+01
1.176967263221740723e+01
1.372651815414428711e+01
1.734499502182006836e+01
1.983988690376281738e+01
2.559631276130676270e+01
2.173802161216735840e+01
1.257637453079223633e+01
1.406631684303283691e+01
1.469475269317626953e+01
6.177079916000366211e+00
1.649239706993103027e+01
2.328200101852416992e+01
2.324724078178405762e+01
2.586185193061828613e+01
1.298592853546142578e+01
1.768909001350402832e+01
1.137268328666687012e+01
1.334862852096557617e+01
1.937573742866516113e+01
1.049148583412170410e+01
1.246097373962402344e+01
1.599924373626708984e+01
1.681116461753845215e+01
1.410783839225769043e+01
1.356966900825500488e+01
2.550175356864929199e+01
1.593525791168212891e+01
7.331815719604492188e+00
1.530273962020874023e+01
9.475498199462890625e+00
1.720493030548095703e+01
3.697780942916870117e+01
9.613392114639282227e+00
2.500989580154418945e+01
2.575441765785217285e+01
2.244276571273803711e+01
1.759543704986572266e+01
2.200189352035522461e+01
1.446570611000061035e+01
1.878929185867309570e+01
8.886030435562133789e+00
1.600230002403259277e+01
1.810614776611328125e+01
3.136072087287902832e+01
2.296432852745056152e+01
1.103653359413146973e+01
1.659713363647460938e+01
2.109168171882629395e+01
1.610468959808349609e+01
2.963111495971679688e+01
1.663433504104614258e+01
2.521112966537475586e+01
2.816477537155151367e+01
1.826173162460327148e+01
1.543278241157531738e+01
1.949935650825500488e+01
1.290202021598815918e+01
1.870277047157287598e+01
1.004820013046264648e+01
3.256027793884277344e+01
2.650288152694702148e+01
2.027882361412048340e+01
1.728960251808166504e+01
1.201755905151367188e+01
1.058694863319396973e+01
7.989693403244018555e+00
2.685090422630310059e+01
2.822970581054687500e+01
1.956895303726196289e+01
1.499000644683837891e+01
1.252766609191894531e+01
1.779630208015441895e+01
1.750149917602539062e+01
2.148903036117553711e+01
8.536730766296386719e+00
2.123333978652954102e+01
1.875956630706787109e+01
1.358867287635803223e+01
2.808381175994873047e+01
1.576023650169372559e+01
1.828241348266601562e+01
1.694224977493286133e+01
1.820328021049499512e+01
8.971628427505493164e+00
1.981961703300476074e+01
1.743694186210632324e+01
1.099494981765747070e+01
1.918621373176574707e+01
3.083971786499023438e+01
1.967711901664733887e+01
9.484055519104003906e+00
8.318243980407714844e+00
1.829790806770324707e+01
2.012310147285461426e+01
2.122998332977294922e+01
1.036048698425292969e+01
3.150101590156555176e+01
1.053644847869873047e+01
1.333301281929016113e+01
1.327736973762512207e+01
1.477867364883422852e+01
1.382767152786254883e+01
2.156195688247680664e+01
7.705822467803955078e+00
2.637554597854614258e+01
7.754281282424926758e+00
2.316157102584838867e+01
1.624487495422363281e+01
2.617034339904785156e+01
2.634703683853149414e+01
1.560248851776123047e+01
1.507570886611938477e+01
1.045164203643798828e+01
3.476877450942993164e+01
1.100166821479797363e+01
2.056610226631164551e+01
1.327068805694580078e+01
1.904542875289916992e+01
1.004020476341247559e+01
2.017163014411926270e+01
2.273915886878967285e+01
2.141847872734069824e+01
1.423456549644470215e+01
2.080432891845703125e+01
1.147566604614257812e+01
1.716898274421691895e+01
2.858999156951904297e+01
3.913688325881958008e+01
2.232262229919433594e+01
1.095969510078430176e+01
2.333299398422241211e+01
1.640016555786132812e+01
3.717816352844238281e+01
1.140119004249572754e+01
3.192332577705383301e+01
1.112005019187927246e+01
1.605469679832458496e+01
1.170501875877380371e+01
2.186632466316223145e+01
9.138509750366210938e+00
8.871077060699462891e+00
1.291157722473144531e+01
7.182375907897949219e+00
6.161051988601684570e+00
1.322373819351196289e+01
1.996776056289672852e+01
2.132300519943237305e+01
1.156184625625610352e+01
2.653016161918640137e+01
1.446279001235961914e+01
1.660375213623046875e+01
2.281727480888366699e+01
2.364321708679199219e+01
2.733923935890197754e+01
1.322215557098388672e+01
8.713460445404052734e+00
1.243961048126220703e+01
1.312241220474243164e+01
1.343286943435668945e+01
1.864316749572753906e+01
2.058285498619079590e+01
8.194190740585327148e+00
2.099447154998779297e+01
1.648115348815917969e+01
1.066382956504821777e+01
2.618206048011779785e+01
2.662692379951477051e+01
1.730059957504272461e+01
2.404858994483947754e+01
1.436100220680236816e+01
2.174919438362121582e+01
1.830626964569091797e+01
1.419664168357849121e+01
1.567798686027526855e+01
1.433022069931030273e+01
1.661033058166503906e+01
2.038846492767333984e+01
1.572159957885742188e+01
1.944783759117126465e+01
1.306193232536315918e+01
2.088387656211853027e+01
1.336257052421569824e+01
1.306759762763977051e+01
2.311236619949340820e+01
2.577824449539184570e+01
1.212170553207397461e+01
1.201370000839233398e+01
2.327900147438049316e+01
2.019681262969970703e+01
1.630766797065734863e+01
8.964440822601318359e+00
3.794230723381042480e+01
1.296533656120300293e+01
1.622438716888427734e+01
2.338795280456542969e+01
1.523872399330139160e+01
1.515593886375427246e+01
1.785406017303466797e+01
1.246858024597167969e+01
2.857633638381958008e+01
1.450109148025512695e+01
2.056052637100219727e+01
1.220375990867614746e+01
1.391729331016540527e+01
2.119422602653503418e+01
1.608267402648925781e+01
1.834673929214477539e+01
2.180524659156799316e+01
9.640574216842651367e+00
1.616737723350524902e+01
2.425565314292907715e+01
1.260071825981140137e+01
1.855474114418029785e+01
1.136539745330810547e+01
2.792850923538208008e+01
1.692332482337951660e+01
1.362431621551513672e+01
2.308675265312194824e+01
2.063778567314147949e+01
1.682782578468322754e+01
2.001809382438659668e+01
1.560025477409362793e+01
1.919173812866210938e+01
3.113514018058776855e+01
1.920521807670593262e+01
2.480838131904602051e+01
1.665123391151428223e+01
1.166788363456726074e+01
2.107901835441589355e+01
1.941594171524047852e+01
1.723409199714660645e+01
1.274453449249267578e+01
1.193633437156677246e+01
1.243761801719665527e+01
1.725096607208251953e+01
2.019490385055541992e+01
1.253178024291992188e+01
2.073459219932556152e+01
3.355756139755249023e+01
3.245623779296875000e+01
1.854878044128417969e+01
3.749340653419494629e+01
2.082054495811462402e+01
3.069199991226196289e+01
1.947885227203369141e+01
1.760014724731445312e+01
1.859886574745178223e+01
1.897394824028015137e+01
1.240825438499450684e+01
1.503823590278625488e+01
1.609509110450744629e+01
1.149878740310668945e+01
3.195941400527954102e+01
1.155860447883605957e+01
2.813263773918151855e+01
1.838183403015136719e+01
1.931659984588623047e+01
2.145362997055053711e+01
3.460068845748901367e+01
1.679203796386718750e+01
2.071864366531372070e+01
1.266858267784118652e+01
1.738046741485595703e+01
1.371828031539916992e+01
1.139298629760742188e+01
1.757109117507934570e+01
1.533150959014892578e+01
1.868819499015808105e+01
1.603708887100219727e+01
2.766999578475952148e+01
1.770618653297424316e+01
1.363792419433593750e+01
2.314519286155700684e+01
1.733358025550842285e+01
1.359864425659179688e+01
1.972377562522888184e+01
9.449822425842285156e+00
1.653791403770446777e+01
2.629617357254028320e+01
1.977209568023681641e+01
1.407130384445190430e+01
2.126316094398498535e+01
1.107148075103759766e+01
1.421251845359802246e+01
1.912262535095214844e+01
1.950813865661621094e+01
1.313613390922546387e+01
1.263294839859008789e+01
1.718901872634887695e+01
1.656186461448669434e+01
1.279918074607849121e+01
1.894704580307006836e+01
1.877356457710266113e+01
1.775882148742675781e+01
1.539264845848083496e+01
1.664065146446228027e+01
1.958339262008666992e+01
1.778746366500854492e+01
1.842432880401611328e+01
3.367360568046569824e+01
2.592489194869995117e+01
1.983515644073486328e+01
1.827909445762634277e+01
2.080685091018676758e+01
1.433269095420837402e+01
2.382986187934875488e+01
1.289103126525878906e+01
3.027386260032653809e+01
2.176426458358764648e+01
1.809994912147521973e+01
1.769133853912353516e+01
2.225396728515625000e+01
3.384521341323852539e+01
2.006129288673400879e+01
1.805240201950073242e+01
1.888718914985656738e+01
2.517183041572570801e+01
2.265171313285827637e+01
1.270220685005187988e+01
1.672437524795532227e+01
2.276463508605957031e+01
1.040885925292968750e+01
1.874783611297607422e+01
1.957312846183776855e+01
2.243102407455444336e+01
1.767221617698669434e+01
1.212623906135559082e+01
2.831146216392517090e+01
2.207810640335083008e+01
1.864132666587829590e+01
1.045121479034423828e+01
2.037033534049987793e+01
1.610819792747497559e+01
1.684589791297912598e+01
1.604703807830810547e+01
2.326301360130310059e+01
1.568987154960632324e+01
1.936717128753662109e+01
2.099510717391967773e+01
2.139370846748352051e+01
2.354863309860229492e+01
2.455621695518493652e+01
1.976101350784301758e+01
3.153291678428649902e+01
3.082104468345642090e+01
2.271022415161132812e+01
2.457049226760864258e+01
2.002770876884460449e+01
1.975490283966064453e+01
1.664428544044494629e+01
1.664898562431335449e+01
1.920032238960266113e+01
1.687338232994079590e+01
2.666545796394348145e+01
2.472197389602661133e+01
1.637529087066650391e+01
2.383295416831970215e+01
3.020834755897521973e+01
1.767277765274047852e+01
7.017398357391357422e+00
2.552312731742858887e+01
2.703709793090820312e+01
1.524522638320922852e+01
3.411620926856994629e+01
1.934996676445007324e+01
3.227732658386230469e+01
1.691974425315856934e+01
1.768058800697326660e+01
1.526202011108398438e+01
2.644154024124145508e+01
1.909285807609558105e+01
1.858226084709167480e+01
2.352988338470458984e+01
2.093073558807373047e+01
4.476589679718017578e+01
1.517109179496765137e+01
2.668234729766845703e+01
1.103951668739318848e+01
1.962577772140502930e+01
1.917489361763000488e+01
1.341141891479492188e+01
1.463271522521972656e+01
2.188484239578247070e+01
1.327902793884277344e+01
1.951263523101806641e+01
2.443474459648132324e+01
8.784482717514038086e+00
2.053226327896118164e+01
1.465666007995605469e+01
2.532679891586303711e+01
1.924532699584960938e+01
1.331941533088684082e+01
2.149932718276977539e+01
1.661434793472290039e+01
2.008475160598754883e+01
2.321416139602661133e+01
1.328868794441223145e+01
2.730276298522949219e+01
3.211910176277160645e+01
2.876082277297973633e+01
1.374795317649841309e+01
4.172885012626647949e+01
3.226968479156494141e+01
1.737129259109497070e+01
2.429990077018737793e+01
2.436613202095031738e+01
1.120566654205322266e+01
2.087551426887512207e+01
3.232800936698913574e+01
2.853891372680664062e+01
2.719046545028686523e+01
1.328736567497253418e+01
1.857760572433471680e+01
1.951365971565246582e+01
2.061591911315917969e+01
1.831246900558471680e+01
3.109843802452087402e+01
1.794786310195922852e+01
2.371882796287536621e+01
3.077274346351623535e+01
2.238407993316650391e+01
1.547763824462890625e+01
2.328852248191833496e+01
2.164805531501770020e+01
1.714129185676574707e+01
2.391085815429687500e+01
2.917621135711669922e+01
2.641693568229675293e+01
2.105007028579711914e+01
2.426602220535278320e+01
2.137587690353393555e+01
1.925859785079956055e+01
2.746917033195495605e+01
1.946085000038146973e+01
2.039433646202087402e+01
2.632218742370605469e+01
1.771931815147399902e+01
1.840679335594177246e+01
2.139332437515258789e+01
1.948026823997497559e+01
1.886305499076843262e+01
1.683087491989135742e+01
1.739592862129211426e+01
1.813294506072998047e+01
1.529206037521362305e+01
2.646024322509765625e+01
2.033178234100341797e+01
2.842289853096008301e+01
2.061844754219055176e+01
1.807733535766601562e+01
2.178027153015136719e+01
2.546459865570068359e+01
3.049841928482055664e+01
1.354476690292358398e+01
1.935869693756103516e+01
2.836593937873840332e+01
2.626725149154663086e+01
2.734052133560180664e+01
2.895969128608703613e+01
2.410267114639282227e+01
2.296229863166809082e+01
1.465590929985046387e+01
2.258608937263488770e+01
1.625057768821716309e+01
2.364706182479858398e+01
2.934653377532958984e+01
1.838705086708068848e+01
2.355091381072998047e+01
2.691174888610839844e+01
3.303085446357727051e+01
3.442054104804992676e+01
2.399709463119506836e+01
2.791261506080627441e+01
1.500881576538085938e+01
2.188877606391906738e+01
3.187100338935852051e+01
1.955220127105712891e+01
1.183951616287231445e+01
3.538023257255554199e+01
2.455126047134399414e+01
3.367417597770690918e+01
1.203537011146545410e+01
2.516985964775085449e+01
2.638665390014648438e+01
1.213781785964965820e+01
2.159500241279602051e+01
1.296265935897827148e+01
2.989189743995666504e+01
1.594582271575927734e+01
2.377828574180603027e+01
2.596216416358947754e+01
1.732131052017211914e+01
2.467781472206115723e+01
2.013907122611999512e+01
2.677293705940246582e+01
1.388298487663269043e+01
2.470316696166992188e+01
1.863820695877075195e+01
3.821923232078552246e+01
2.822892904281616211e+01
2.838381409645080566e+01
3.591089487075805664e+01
2.377192139625549316e+01
2.341909003257751465e+01
1.719475483894348145e+01
1.685165214538574219e+01
3.463536810874938965e+01
9.441296815872192383e+00
1.718998122215270996e+01
3.106205439567565918e+01
1.564923834800720215e+01
2.148298430442810059e+01
2.385840344429016113e+01
2.151113915443420410e+01
2.104150581359863281e+01
2.485002350807189941e+01
1.633631610870361328e+01
1.430751609802246094e+01
1.267858624458312988e+01
1.656385445594787598e+01
1.878651547431945801e+01
2.612194275856018066e+01
2.068863153457641602e+01
3.216030263900756836e+01
2.120393705368041992e+01
1.912589049339294434e+01
3.884679031372070312e+01
1.632038497924804688e+01
1.955683732032775879e+01
1.651576948165893555e+01
2.734666085243225098e+01
1.541866540908813477e+01
2.216408038139343262e+01
1.802199506759643555e+01
2.632601952552795410e+01
1.492151570320129395e+01
1.668952226638793945e+01
2.570983576774597168e+01
1.047516298294067383e+01
2.192847466468811035e+01
2.344352149963378906e+01
1.829467391967773438e+01
2.355608630180358887e+01
2.739593386650085449e+01
3.126178622245788574e+01
2.075308895111083984e+01
1.128185272216796875e+01
2.958777785301208496e+01
3.843126344680786133e+01
1.915667128562927246e+01
1.033949255943298340e+01
2.775906729698181152e+01
2.095699191093444824e+01
2.194636178016662598e+01
2.491546559333801270e+01
2.496096658706665039e+01
1.910869359970092773e+01
2.514965200424194336e+01
3.559240078926086426e+01
1.960161232948303223e+01
2.127409648895263672e+01
8.393023490905761719e+00
1.633069372177124023e+01
1.220302867889404297e+01
8.528693675994873047e+00
1.898717045783996582e+01
1.583251404762268066e+01
3.265695261955261230e+01
1.290268850326538086e+01
1.922526049613952637e+01
1.794494318962097168e+01
2.025763940811157227e+01
2.312655520439147949e+01
3.120438170433044434e+01
3.045248699188232422e+01
2.283808970451354980e+01
2.417610788345336914e+01
2.636762690544128418e+01
1.907911324501037598e+01
2.106722259521484375e+01
1.579104876518249512e+01
8.381178379058837891e+00
2.565391469001770020e+01
3.803855538368225098e+01
2.598971199989318848e+01
3.058736562728881836e+01
1.914963006973266602e+01
3.242205429077148438e+01
3.084249234199523926e+01
2.754134035110473633e+01
2.262991547584533691e+01
3.111013221740722656e+01
3.797256684303283691e+01
2.283893656730651855e+01
2.669833946228027344e+01
2.794322156906127930e+01
1.899404478073120117e+01
2.709961342811584473e+01
2.274688196182250977e+01
2.373316860198974609e+01
2.003312754631042480e+01
1.125466084480285645e+01
2.055859255790710449e+01
2.758700823783874512e+01
1.256413269042968750e+01
2.314586544036865234e+01
1.101923227310180664e+01
2.097289347648620605e+01
2.334632802009582520e+01
2.199699306488037109e+01
1.005096769332885742e+01
8.044258117675781250e+00
3.238728356361389160e+01
2.611687350273132324e+01
2.099082326889038086e+01
2.154547524452209473e+01
1.107678270339965820e+01
1.187861371040344238e+01
3.013965725898742676e+01
1.527633070945739746e+01
2.667336320877075195e+01
2.016387796401977539e+01
2.260434269905090332e+01
9.282543420791625977e+00
1.143359303474426270e+01
2.241664958000183105e+01
1.682992863655090332e+01
1.253164792060852051e+01
2.160386872291564941e+01
2.396583747863769531e+01
2.558828783035278320e+01
2.243797945976257324e+01
1.336142611503601074e+01
1.340933060646057129e+01
1.405378389358520508e+01
2.481526160240173340e+01
1.441740298271179199e+01
1.969291234016418457e+01
3.238064193725585938e+01
2.158555626869201660e+01
2.254354286193847656e+01
4.452280521392822266e+00
2.326144695281982422e+01
2.692258882522583008e+01
1.466015601158142090e+01
2.346640872955322266e+01
1.471684145927429199e+01
3.078877568244934082e+01
2.041443037986755371e+01
2.828397369384765625e+01
2.740196585655212402e+01
1.371483469009399414e+01
2.718094348907470703e+01
2.672222828865051270e+01
2.586443161964416504e+01
1.280406403541564941e+01
1.372498989105224609e+01
1.502229189872741699e+01
1.368176579475402832e+01
2.425509190559387207e+01
2.259243202209472656e+01
1.265106225013732910e+01
1.500322127342224121e+01
3.342170763015747070e+01
4.633384847640991211e+01
2.172169494628906250e+01
1.990865778923034668e+01
1.804802489280700684e+01
1.505808234214782715e+01
1.571350336074829102e+01
2.645384144783020020e+01
1.021083378791809082e+01
1.530231046676635742e+01
1.792867779731750488e+01
2.589265036582946777e+01
1.532880377769470215e+01
3.983993220329284668e+01
2.365409469604492188e+01
1.718665218353271484e+01
3.979467034339904785e+01
1.348754167556762695e+01
1.938680672645568848e+01
3.607224798202514648e+01
1.747370433807373047e+01
3.132646203041076660e+01
3.642189288139343262e+01
3.852464795112609863e+01
2.193783187866210938e+01
2.598477125167846680e+01
1.103878164291381836e+01
2.748620295524597168e+01
1.924517273902893066e+01
3.016347146034240723e+01
1.163136887550354004e+01
1.593362545967102051e+01
1.152187418937683105e+01
2.578184413909912109e+01
1.974365806579589844e+01
1.970139694213867188e+01
1.561220002174377441e+01
2.282357525825500488e+01
1.802823162078857422e+01
1.916679215431213379e+01
1.869297075271606445e+01
1.743484544754028320e+01
2.122998785972595215e+01
2.320793581008911133e+01
2.988100337982177734e+01
3.188092970848083496e+01
1.712120604515075684e+01
3.030315613746643066e+01
9.623655080795288086e+00
1.762611031532287598e+01
1.286732864379882812e+01
1.749956512451171875e+01
1.759658694267272949e+01
1.750295948982238770e+01
1.241845726966857910e+01
2.806125068664550781e+01
2.124595403671264648e+01
1.812678480148315430e+01
1.270675396919250488e+01
2.055208134651184082e+01
1.667207956314086914e+01
1.657885813713073730e+01
1.460676193237304688e+01
3.234416103363037109e+01
3.162537693977355957e+01
8.322198152542114258e+00
1.283785223960876465e+01
1.588316941261291504e+01
1.808411526679992676e+01
1.167197203636169434e+01
2.251405835151672363e+01
2.679654216766357422e+01
1.113269805908203125e+01
3.734626388549804688e+01
3.172027254104614258e+01
2.239673662185668945e+01
1.979433369636535645e+01
1.809403038024902344e+01
3.125448989868164062e+01
1.850862693786621094e+01
1.424920940399169922e+01
8.083452463150024414e+00
3.056161093711853027e+01
2.546163058280944824e+01
1.248300695419311523e+01
2.240095758438110352e+01
2.258947968482971191e+01
2.091827416419982910e+01
7.846705913543701172e+00
1.951540446281433105e+01
1.752941417694091797e+01
2.385805225372314453e+01
2.258147001266479492e+01
1.818656563758850098e+01
1.448237633705139160e+01
1.183104658126831055e+01
2.009045219421386719e+01
2.463945913314819336e+01
5.063291072845458984e+00
5.184244155883789062e+00
1.748058176040649414e+01
3.365924000740051270e+01
1.827138304710388184e+01
1.445859837532043457e+01
2.513976144790649414e+01
1.848172402381896973e+01
2.208501791954040527e+01
1.427018785476684570e+01
2.073059248924255371e+01
2.509205818176269531e+01
1.758672380447387695e+01
2.368811273574829102e+01
3.394988036155700684e+01
2.402769255638122559e+01
4.091400623321533203e+00
1.301217341423034668e+01
2.202234148979187012e+01
2.015237855911254883e+01
2.049884581565856934e+01
2.169469380378723145e+01
2.145370745658874512e+01
1.799116182327270508e+01
2.712132692337036133e+01
1.957953596115112305e+01
3.699492549896240234e+01
2.242033076286315918e+01
1.120324707031250000e+01
2.524197745323181152e+01
2.297725248336791992e+01
2.674699044227600098e+01
1.002905321121215820e+01
1.409490680694580078e+01
2.622046899795532227e+01
2.152078342437744141e+01
2.261791944503784180e+01
2.228146433830261230e+01
1.785758733749389648e+01
2.030734801292419434e+01
4.513253402709960938e+01
1.614189910888671875e+01
1.401445579528808594e+01
2.464936733245849609e+01
1.531015515327453613e+01
1.489788222312927246e+01
2.177789783477783203e+01
1.912440705299377441e+01
2.651315832138061523e+01
2.937696385383605957e+01
1.831195378303527832e+01
2.379698109626770020e+01
2.604842448234558105e+01
1.512239742279052734e+01
1.735868716239929199e+01
2.027679395675659180e+01
2.057808160781860352e+01
1.702720046043395996e+01
3.910069656372070312e+01
2.096538949012756348e+01
6.520369291305541992e+00
1.904267144203186035e+01
1.273515701293945312e+01
2.020004415512084961e+01
2.960030746459960938e+01
2.180207395553588867e+01
9.582149267196655273e+00
1.711902213096618652e+01
9.698417663574218750e+00
2.466370892524719238e+01
1.287694692611694336e+01
1.810672879219055176e+01
2.125011801719665527e+01
4.394228148460388184e+01
1.169098854064941406e+01
4.206673407554626465e+01
1.927882003784179688e+01
3.983960366249084473e+01
2.890261840820312500e+01
1.217566180229187012e+01
1.415967345237731934e+01
1.577543139457702637e+01
2.272751998901367188e+01
2.127534985542297363e+01
1.940816569328308105e+01
1.932107520103454590e+01
2.394977617263793945e+01
1.240810799598693848e+01
2.166157746315002441e+01
2.126490545272827148e+01
1.592940402030944824e+01
1.984549283981323242e+01
1.155088806152343750e+01
2.021831536293029785e+01
2.160330104827880859e+01
1.954101753234863281e+01
2.066489362716674805e+01
1.865468311309814453e+01
9.497491598129272461e+00
3.022937250137329102e+01
2.209012174606323242e+01
3.309947085380554199e+01
1.711221289634704590e+01
2.161350464820861816e+01
1.328071856498718262e+01
2.477894949913024902e+01
2.279269933700561523e+01
1.479914665222167969e+01
1.400388169288635254e+01
1.738271570205688477e+01
3.279009103775024414e+01
1.342506122589111328e+01
2.254995942115783691e+01
2.910603213310241699e+01
1.617271828651428223e+01
1.818170189857482910e+01
1.826142692565917969e+01
1.801092410087585449e+01
2.235074567794799805e+01
1.548518133163452148e+01
2.881293964385986328e+01
9.932516336441040039e+00
2.080192780494689941e+01
3.513529658317565918e+01
2.434184074401855469e+01
2.665592932701110840e+01
2.087200665473937988e+01
5.026877903938293457e+01
2.046154451370239258e+01
1.701535177230834961e+01
1.751704931259155273e+01
1.811513018608093262e+01
1.035394930839538574e+01
1.092022347450256348e+01
2.763391757011413574e+01
1.353209805488586426e+01
2.378669285774230957e+01
1.230303812026977539e+01
1.894450139999389648e+01
2.397333240509033203e+01
1.755764460563659668e+01
1.510882306098937988e+01
1.633413767814636230e+01
2.761452770233154297e+01
1.517987012863159180e+01
1.399214100837707520e+01
1.490978837013244629e+01
2.244365262985229492e+01
7.997659683227539062e+00
2.650137853622436523e+01
9.692951202392578125e+00
1.564894390106201172e+01
1.204233312606811523e+01
8.997840404510498047e+00
2.263555526733398438e+01
1.511338114738464355e+01
1.256310296058654785e+01
1.638468194007873535e+01
1.418688106536865234e+01
1.391215896606445312e+01
8.718849897384643555e+00
9.913090944290161133e+00
1.168484258651733398e+01
1.624083805084228516e+01
1.698048377037048340e+01
2.870860385894775391e+01
5.304125070571899414e+00
3.097951817512512207e+01
9.599667549133300781e+00
2.490436720848083496e+01
3.318354749679565430e+01
1.599405050277709961e+01
1.757949852943420410e+01
1.828199672698974609e+01
1.790239262580871582e+01
1.644011783599853516e+01
1.791148447990417480e+01
3.073653411865234375e+01
2.193855786323547363e+01
1.592972755432128906e+01
1.201744723320007324e+01
2.903445363044738770e+01
2.704934024810791016e+01
3.950109410285949707e+01
1.204612517356872559e+01
1.990803360939025879e+01
2.684075760841369629e+01
1.311402821540832520e+01
1.890823507308959961e+01
1.605681824684143066e+01
3.119359993934631348e+01
2.089141392707824707e+01
1.205538964271545410e+01
2.060523724555969238e+01
1.746982216835021973e+01
2.196945738792419434e+01
2.118606328964233398e+01
2.146416258811950684e+01
3.189591836929321289e+01
2.205320119857788086e+01
1.701708793640136719e+01
2.386677813529968262e+01
1.148541879653930664e+01
2.382557153701782227e+01
1.460054063796997070e+01
2.145098114013671875e+01
2.178018569946289062e+01
1.323055386543273926e+01
2.664962315559387207e+01
2.346831488609313965e+01
1.528488159179687500e+01
2.345434308052062988e+01
1.891382765769958496e+01
2.270837402343750000e+01
2.536601519584655762e+01
1.454822707176208496e+01
1.655527019500732422e+01
1.984563708305358887e+01
1.686007070541381836e+01
3.684220647811889648e+01
2.167537641525268555e+01
2.440217995643615723e+01
2.590655040740966797e+01
2.343731236457824707e+01
1.234514832496643066e+01
1.796220159530639648e+01
1.233076977729797363e+01
2.064555263519287109e+01
1.789530658721923828e+01
2.853330016136169434e+01
2.485822248458862305e+01
1.701252746582031250e+01
2.467988371849060059e+01
2.276406717300415039e+01
2.272658133506774902e+01
1.522645592689514160e+01
2.374012088775634766e+01
3.435789275169372559e+01
1.577026057243347168e+01
2.000113821029663086e+01
1.449312305450439453e+01
1.253511857986450195e+01
1.429588389396667480e+01
2.860345196723937988e+01
1.898325657844543457e+01
1.899634838104248047e+01
1.990294599533081055e+01
1.417093420028686523e+01
1.240846824645996094e+01
2.364934372901916504e+01
2.986604428291320801e+01
2.595844197273254395e+01
1.708940577507019043e+01
1.585261058807373047e+01
2.795207715034484863e+01
1.759523272514343262e+01
1.540058898925781250e+01
1.674687027931213379e+01
2.516889214515686035e+01
1.722950315475463867e+01
8.352293014526367188e+00
1.456100916862487793e+01
1.675345206260681152e+01
2.507614493370056152e+01
1.712278532981872559e+01
3.126238417625427246e+01
2.193823456764221191e+01
2.039641642570495605e+01
1.576779794692993164e+01
2.419721722602844238e+01
3.908453273773193359e+01
1.449917197227478027e+01
2.130137348175048828e+01
1.529697155952453613e+01
1.731150174140930176e+01
3.208176875114440918e+01
1.933714652061462402e+01
7.462676763534545898e+00
1.933699297904968262e+01
2.741695332527160645e+01
2.216054534912109375e+01
2.170604062080383301e+01
2.203919219970703125e+01
7.619418382644653320e+00
1.696021127700805664e+01
1.489944720268249512e+01
2.021245741844177246e+01
3.786021876335144043e+01
2.411669015884399414e+01
1.376449728012084961e+01
3.188717818260192871e+01
3.375405192375183105e+01
2.454611611366271973e+01
1.701862859725952148e+01
3.070261144638061523e+01
3.985753250122070312e+01
2.318347978591918945e+01
3.164765286445617676e+01
1.689252114295959473e+01
2.238219356536865234e+01
1.497627568244934082e+01
7.086610078811645508e+00
2.151403093338012695e+01
1.609769892692565918e+01
1.093532800674438477e+01
1.822255229949951172e+01
1.891350650787353516e+01
3.352922391891479492e+01
1.377366352081298828e+01
2.957263088226318359e+01
1.676412367820739746e+01
1.926660346984863281e+01
1.290182161331176758e+01
1.683254265785217285e+01
1.915700960159301758e+01
1.431964039802551270e+01
1.788697171211242676e+01
7.127600431442260742e+00
1.878416395187377930e+01
1.861390638351440430e+01
1.993705868721008301e+01
1.688537716865539551e+01
1.354376363754272461e+01
2.037895894050598145e+01
1.614769649505615234e+01
2.689978528022766113e+01
2.127332043647766113e+01
6.494106292724609375e+00
3.112811541557312012e+01
1.972199130058288574e+01
1.936817145347595215e+01
2.107698011398315430e+01
3.681146097183227539e+01
2.260029244422912598e+01
2.429564046859741211e+01
2.272869324684143066e+01
9.078675270080566406e+00
1.587662458419799805e+01
2.284782099723815918e+01
3.349412369728088379e+01
2.507422590255737305e+01
3.684062290191650391e+01
7.096744775772094727e+00
2.322807168960571289e+01
2.593302226066589355e+01
1.528838706016540527e+01
1.868152022361755371e+01
2.094403052330017090e+01
2.362306070327758789e+01
2.535000991821289062e+01
2.016694045066833496e+01
2.320580220222473145e+01
1.797135281562805176e+01
2.407221984863281250e+01
2.220721554756164551e+01
2.186939263343811035e+01
2.113984012603759766e+01
1.088653111457824707e+01
1.038558936119079590e+01
2.426005339622497559e+01
1.788018989562988281e+01
1.276852798461914062e+01
2.504676938056945801e+01
2.313874077796936035e+01
2.446172547340393066e+01
1.587713623046875000e+01
2.115764260292053223e+01
1.085376048088073730e+01
1.055793738365173340e+01
2.188925790786743164e+01
1.636361598968505859e+01
1.354894256591796875e+01
2.519574213027954102e+01
1.997685074806213379e+01
2.479217076301574707e+01
2.076965188980102539e+01
1.314792323112487793e+01
2.741503643989562988e+01
1.779059815406799316e+01
2.495205283164978027e+01
1.336914014816284180e+01
1.535361051559448242e+01
2.407878327369689941e+01
3.130308794975280762e+01
2.918885159492492676e+01
2.450880050659179688e+01
1.386764907836914062e+01
1.476761102676391602e+01
1.509417724609375000e+01
2.197594904899597168e+01
1.483649396896362305e+01
2.764102292060852051e+01
3.120862078666687012e+01
1.474785590171813965e+01
1.374453520774841309e+01
2.754554605484008789e+01
1.552059864997863770e+01
2.099086046218872070e+01
5.330965518951416016e+00
1.777838277816772461e+01
2.559089612960815430e+01
2.129670596122741699e+01
1.270879435539245605e+01
1.665579438209533691e+01
1.643728041648864746e+01
2.425549364089965820e+01
1.602557063102722168e+01
2.339405441284179688e+01
1.479755568504333496e+01
2.496069955825805664e+01
2.939686536788940430e+01
2.666242671012878418e+01
1.011427116394042969e+01
2.721426820755004883e+01
2.008886289596557617e+01
2.407415533065795898e+01
6.849966049194335938e+00
1.810303092002868652e+01
2.239664936065673828e+01
2.695454311370849609e+01
1.706369113922119141e+01
1.045987272262573242e+01
1.365741729736328125e+01
1.456167554855346680e+01
1.583991265296936035e+01
9.560156822204589844e+00
1.767911648750305176e+01
9.226153612136840820e+00
2.603650379180908203e+01
5.209242820739746094e+00
1.876224446296691895e+01
2.095580196380615234e+01
2.690311121940612793e+01
2.122146868705749512e+01
1.871332073211669922e+01
3.048008251190185547e+01
1.474213910102844238e+01
1.634515738487243652e+01
1.513583302497863770e+01
3.277969598770141602e+01
1.947063565254211426e+01
3.092491888999938965e+01
2.426767706871032715e+01
1.467534160614013672e+01
2.027213144302368164e+01
1.922032856941223145e+01
3.269292807579040527e+01
3.233942055702209473e+01
3.145306348800659180e+01
3.075014829635620117e+01
2.173140835762023926e+01
2.071880722045898438e+01
2.052653884887695312e+01
1.397677087783813477e+01
1.922802877426147461e+01
1.683943223953247070e+01
1.909889793395996094e+01
9.310007572174072266e+00
2.225149798393249512e+01
1.846853685379028320e+01
2.838114666938781738e+01
1.410818433761596680e+01
1.093644165992736816e+01
2.827559399604797363e+01
1.887268543243408203e+01
2.297203230857849121e+01
9.321035623550415039e+00
1.742046785354614258e+01
1.788867330551147461e+01
2.187206387519836426e+01
3.518961024284362793e+01
1.194716930389404297e+01
2.108904361724853516e+01
1.419189643859863281e+01
1.135386490821838379e+01
2.043057632446289062e+01
2.235238027572631836e+01
1.970709586143493652e+01
1.382373261451721191e+01
2.046292448043823242e+01
2.268471384048461914e+01
2.510248422622680664e+01
1.520066261291503906e+01
2.024872255325317383e+01
2.109333801269531250e+01
1.453208994865417480e+01
2.057179880142211914e+01
2.336835885047912598e+01
2.493230867385864258e+01
1.024456119537353516e+01
2.903717637062072754e+01
2.146685934066772461e+01
3.192445898056030273e+01
2.957233762741088867e+01
2.881136989593505859e+01
2.259976291656494141e+01
2.272748470306396484e+01
2.709340500831604004e+01
1.402264547348022461e+01
2.958924198150634766e+01
1.410462021827697754e+01
2.301351070404052734e+01
2.871443271636962891e+01
2.474395847320556641e+01
1.692020726203918457e+01
1.737972569465637207e+01
4.064071941375732422e+01
1.736528730392456055e+01
1.996233224868774414e+01
1.702834868431091309e+01
2.252491760253906250e+01
2.736027598381042480e+01
2.917927980422973633e+01
1.632463502883911133e+01
1.949835824966430664e+01
2.648380541801452637e+01
2.443372535705566406e+01
1.014179563522338867e+01
2.760876798629760742e+01
2.393630743026733398e+01
2.446911835670471191e+01
1.967758035659790039e+01
2.075182175636291504e+01
2.478692483901977539e+01
1.498889088630676270e+01
1.781213331222534180e+01
1.567895746231079102e+01
1.769479918479919434e+01
1.771130728721618652e+01
1.502966022491455078e+01
1.937287807464599609e+01
2.606835341453552246e+01
1.644587087631225586e+01
4.512227296829223633e+00
2.376811432838439941e+01
2.186043906211853027e+01
2.665958309173583984e+01
2.834372162818908691e+01
1.924458312988281250e+01
2.483581066131591797e+01
1.711187887191772461e+01
2.495920681953430176e+01
2.721890711784362793e+01
3.201316618919372559e+01
1.800321269035339355e+01
1.249866294860839844e+01
1.998499584197998047e+01
6.217772483825683594e+00
2.733593106269836426e+01
2.188982105255126953e+01
2.601917052268981934e+01
2.284957909584045410e+01
1.192690277099609375e+01
1.046528148651123047e+01
1.501478695869445801e+01
2.470681548118591309e+01
1.973079133033752441e+01
2.049160647392272949e+01
8.108224630355834961e+00
2.333609247207641602e+01
2.496316099166870117e+01
2.871059799194335938e+01
1.291224908828735352e+01
1.781487631797790527e+01
2.128580045700073242e+01
2.121401524543762207e+01
1.319849514961242676e+01
1.129289150238037109e+01
9.022353887557983398e+00
1.706026506423950195e+01
1.287678742408752441e+01
9.939539432525634766e+00
1.733221602439880371e+01
2.692968487739562988e+01
1.953341436386108398e+01
2.348907494544982910e+01
9.152308940887451172e+00
1.575150585174560547e+01
2.646555018424987793e+01
1.816196465492248535e+01
1.845233798027038574e+01
9.928668022155761719e+00
9.109517812728881836e+00
2.835720872879028320e+01
9.768787384033203125e+00
1.570768904685974121e+01
5.395456552505493164e+00
1.021005105972290039e+01
7.262943983078002930e+00
2.282870578765869141e+01
3.010222911834716797e+01
1.347289109230041504e+01
2.015493535995483398e+01
1.114857506752014160e+01
1.059051346778869629e+01
1.808318662643432617e+01
2.498714280128479004e+01
5.728738069534301758e+00
2.459348964691162109e+01
3.881514310836791992e+00
1.138601136207580566e+01
1.731331920623779297e+01
2.613521504402160645e+01
2.910468935966491699e+01
2.207608008384704590e+01
2.884992313385009766e+01
6.510725975036621094e+00
2.747645616531372070e+01
8.878406286239624023e+00
9.462237596511840820e+00
8.170345067977905273e+00
9.191065549850463867e+00
2.529933667182922363e+01
2.186936330795288086e+01
2.245961046218872070e+01
2.244018268585205078e+01
9.042139291763305664e+00
5.909722566604614258e+00
1.624492645263671875e+01
1.105867099761962891e+01
2.030100750923156738e+01
3.317316389083862305e+01
2.206661653518676758e+01
1.926495099067687988e+01
1.666507363319396973e+01
1.953432679176330566e+01
2.355414199829101562e+01
5.983723163604736328e+00
2.276460838317871094e+01
1.022309327125549316e+01
1.418483757972717285e+01
2.372559213638305664e+01
1.946154832839965820e+01
3.080440545082092285e+01
1.021021270751953125e+01
1.033040928840637207e+01
1.241023492813110352e+01
2.251670765876770020e+01
2.336570215225219727e+01
1.167458176612854004e+01
3.301536393165588379e+01
2.034532809257507324e+01
9.637768507003784180e+00
1.216956186294555664e+01
7.599383831024169922e+00
8.168076753616333008e+00
4.080008101463317871e+01
1.087669968605041504e+01
2.684582972526550293e+01
1.421276497840881348e+01
9.777867555618286133e+00
2.361701536178588867e+01
3.027129435539245605e+01
1.699108266830444336e+01
3.266818809509277344e+01
2.677536177635192871e+01
2.520522356033325195e+01
1.264715337753295898e+01
1.061144018173217773e+01
1.981505012512207031e+01
1.768491101264953613e+01
1.639169931411743164e+01
1.336136746406555176e+01
1.264710903167724609e+01
1.701316118240356445e+01
1.279340767860412598e+01
9.214861869812011719e+00
2.963473176956176758e+01
1.196696400642395020e+01
1.268177247047424316e+01
1.438137817382812500e+01
2.007934260368347168e+01
1.164917135238647461e+01
1.873512268066406250e+01
1.046348762512207031e+01
1.396948337554931641e+01
9.590521812438964844e+00
1.281907701492309570e+01
1.323137569427490234e+01
1.105350160598754883e+01
1.319212174415588379e+01
1.561449694633483887e+01
9.376751899719238281e+00
9.347440242767333984e+00
9.981832504272460938e+00
1.100195264816284180e+01
1.646274018287658691e+01
8.592826843261718750e+00
1.160666894912719727e+01
1.670541048049926758e+01
1.565642023086547852e+01
1.159496164321899414e+01
1.391595578193664551e+01
1.507010483741760254e+01
1.928738975524902344e+01
1.218360686302185059e+01
1.684809684753417969e+01
3.220426273345947266e+01
1.408731794357299805e+01
1.115149784088134766e+01
3.079533100128173828e+01
1.616631770133972168e+01
2.049655890464782715e+01
3.677666878700256348e+01
2.810290765762329102e+01
1.263614487648010254e+01
2.168596482276916504e+01
1.530154633522033691e+01
8.929876089096069336e+00
9.890269041061401367e+00
3.589448857307434082e+01
8.613578557968139648e+00
1.789348387718200684e+01
2.231820321083068848e+01
1.606648707389831543e+01
3.097611403465270996e+01
9.192056894302368164e+00
4.026586174964904785e+01
2.536015963554382324e+01
1.478595972061157227e+01
2.313185310363769531e+01
1.672782754898071289e+01
1.132944083213806152e+01
1.310097408294677734e+01
1.845553231239318848e+01
1.395777273178100586e+01
1.722449278831481934e+01
1.008413171768188477e+01
1.998685169219970703e+01
1.670496082305908203e+01
1.895392298698425293e+01
1.912698531150817871e+01
9.246270179748535156e+00
2.218090677261352539e+01
1.645027351379394531e+01
1.791932916641235352e+01
1.737254858016967773e+01
2.087728190422058105e+01
1.491396069526672363e+01
2.484941864013671875e+01
8.827812671661376953e+00
2.075682544708251953e+01
2.732429027557373047e+01
1.506320142745971680e+01
2.069066333770751953e+01
9.112997531890869141e+00
1.473403167724609375e+01
1.522911787033081055e+01
3.847243213653564453e+01
1.820097708702087402e+01
1.734203577041625977e+01
1.720326733589172363e+01
2.279106736183166504e+01
1.617204236984252930e+01
1.421243000030517578e+01
1.924541306495666504e+01
1.887428760528564453e+01
1.638223671913146973e+01
1.947814035415649414e+01
2.469337868690490723e+01
2.045689153671264648e+01
2.147533106803894043e+01
2.722133779525756836e+01
1.955963850021362305e+01
1.639601874351501465e+01
2.699596023559570312e+01
2.495342636108398438e+01
1.957990479469299316e+01
1.745610213279724121e+01
2.921726369857788086e+01
1.829034113883972168e+01
1.990406084060668945e+01
2.011199688911437988e+01
9.735760927200317383e+00
1.545814228057861328e+01
9.352122783660888672e+00
1.555361485481262207e+01
1.385642099380493164e+01
1.145123863220214844e+01
1.642894411087036133e+01
1.560690402984619141e+01
1.500323462486267090e+01
1.982458114624023438e+01
1.505286645889282227e+01
1.872596812248229980e+01
2.171138334274291992e+01
7.241702079772949219e+00
1.048222875595092773e+01
1.931310582160949707e+01
2.032741451263427734e+01
1.110002899169921875e+01
1.835457038879394531e+01
2.142881608009338379e+01
7.376441955566406250e+00
1.954480433464050293e+01
1.903755974769592285e+01
2.044519448280334473e+01
1.977880716323852539e+01
1.217802643775939941e+01
7.762287855148315430e+00
8.002542495727539062e+00
2.143344974517822266e+01
1.039857316017150879e+01
2.160100364685058594e+01
1.090676331520080566e+01
1.288116431236267090e+01
1.110465478897094727e+01
1.598709845542907715e+01
6.421070814132690430e+00
1.827773594856262207e+01
2.641354799270629883e+01
1.943985509872436523e+01
2.187800264358520508e+01
1.640775394439697266e+01
6.985020399093627930e+00
2.140940833091735840e+01
2.162115406990051270e+01
1.825974202156066895e+01
2.460531926155090332e+01
1.993461799621582031e+01
1.909391951560974121e+01
2.466556382179260254e+01
1.967002129554748535e+01
1.857602810859680176e+01
2.002326369285583496e+01
5.690904140472412109e+00
1.840320515632629395e+01
2.594350862503051758e+01
1.229274845123291016e+01
1.262609481811523438e+01
1.036055517196655273e+01
2.021390032768249512e+01
2.529159402847290039e+01
1.191232776641845703e+01
2.723479795455932617e+01
1.156720495223999023e+01
1.223586630821228027e+01
2.026144957542419434e+01
2.209621500968933105e+01
1.862049794197082520e+01
1.894853401184082031e+01
1.264349532127380371e+01
1.363474655151367188e+01
2.459771513938903809e+01
1.192584156990051270e+01
1.857393980026245117e+01
1.330076813697814941e+01
1.368796873092651367e+01
2.026219201087951660e+01
2.291576457023620605e+01
1.467899632453918457e+01
8.775078296661376953e+00
2.881438684463500977e+01
2.358278346061706543e+01
2.003304767608642578e+01
1.375886464118957520e+01
1.570717334747314453e+01
1.189366126060485840e+01
2.888085389137268066e+01
1.104395484924316406e+01
2.337564897537231445e+01
1.836003684997558594e+01
2.075750064849853516e+01
1.869613099098205566e+01
2.858885908126831055e+01
8.969344139099121094e+00
2.259549379348754883e+01
9.406457662582397461e+00
1.666876363754272461e+01
1.511111640930175781e+01
3.081239295005798340e+01
1.518486857414245605e+01
9.283668279647827148e+00
6.404999256134033203e+00
1.255123925209045410e+01
2.278253316879272461e+01
9.408864736557006836e+00
5.203440189361572266e+00
3.256880736351013184e+01
1.176831412315368652e+01
2.484738087654113770e+01
1.010874390602111816e+01
1.010923933982849121e+01
1.806873965263366699e+01
2.587963438034057617e+01
1.916848111152648926e+01
1.890256309509277344e+01
1.272392296791076660e+01
2.672054886817932129e+01
1.182964324951171875e+01
1.579237461090087891e+01
1.790935158729553223e+01
6.957583665847778320e+00
1.987161517143249512e+01
1.852333641052246094e+01
2.803233695030212402e+01
1.231864476203918457e+01
1.232523488998413086e+01
1.938974189758300781e+01
2.939254760742187500e+01
2.297433686256408691e+01
1.836929726600646973e+01
9.927234172821044922e+00
2.753432202339172363e+01
1.463809657096862793e+01
1.919073343276977539e+01
2.040757536888122559e+01
1.681435394287109375e+01
2.131201791763305664e+01
1.444804835319519043e+01
1.114638590812683105e+01
1.496011424064636230e+01
1.395909237861633301e+01
1.303009223937988281e+01
2.902241063117980957e+01
2.947612309455871582e+01
2.221418666839599609e+01
1.142769479751586914e+01
7.320824861526489258e+00
9.042952299118041992e+00
1.702476096153259277e+01
6.858703613281250000e+00
3.082041645050048828e+01
1.682710027694702148e+01
1.790370106697082520e+01
2.348108744621276855e+01
3.446224164962768555e+01
2.008289909362792969e+01
1.205635738372802734e+01
1.556195521354675293e+01
1.187130784988403320e+01
1.423714709281921387e+01
1.210171318054199219e+01
2.594152021408081055e+01
2.122128963470458984e+01
1.476160645484924316e+01
2.091151666641235352e+01
1.462212133407592773e+01
2.696385025978088379e+01
1.765837860107421875e+01
2.046061396598815918e+01
1.628999519348144531e+01
1.690219902992248535e+01
1.688493847846984863e+01
1.254013276100158691e+01
1.495791673660278320e+01
1.903584599494934082e+01
1.477537083625793457e+01
1.146192312240600586e+01
2.279265642166137695e+01
1.905732631683349609e+01
2.197660994529724121e+01
1.958604502677917480e+01
1.213482260704040527e+01
1.420697259902954102e+01
1.648274230957031250e+01
1.120242142677307129e+01
1.689780497550964355e+01
2.146828532218933105e+01
1.108793210983276367e+01
1.129815053939819336e+01
1.377889227867126465e+01
1.277900338172912598e+01
2.174671196937561035e+01
2.931933879852294922e+01
2.052697300910949707e+01
1.702335667610168457e+01
2.289566540718078613e+01
9.894745111465454102e+00
1.592065596580505371e+01
1.730016303062438965e+01
1.524186062812805176e+01
1.455615663528442383e+01
3.132767796516418457e+01
2.335920357704162598e+01
2.109729099273681641e+01
1.460391998291015625e+01
1.272477126121520996e+01
3.346714854240417480e+01
1.918618893623352051e+01
2.490720152854919434e+01
2.472957468032836914e+01
1.048077607154846191e+01
1.331079483032226562e+01
1.732839584350585938e+01
1.454490447044372559e+01
1.863859987258911133e+01
9.047397375106811523e+00
1.387795162200927734e+01
1.843602848052978516e+01
2.594378995895385742e+01
2.649382138252258301e+01
1.496372008323669434e+01
8.482817649841308594e+00
1.958570456504821777e+01
2.108863711357116699e+01
2.099167084693908691e+01
2.718148350715637207e+01
1.070431590080261230e+01
1.538978886604309082e+01
2.125252127647399902e+01
1.890961527824401855e+01
1.963207411766052246e+01
2.325362181663513184e+01
1.577775835990905762e+01
2.035971069335937500e+01
1.695573449134826660e+01
1.629587125778198242e+01
1.087115311622619629e+01
2.912838792800903320e+01
1.790104222297668457e+01
1.939477276802062988e+01
2.306560182571411133e+01
2.275764751434326172e+01
2.088171362876892090e+01
1.548574829101562500e+01
2.107845425605773926e+01
1.208139514923095703e+01
3.135018444061279297e+01
2.054870605468750000e+01
1.389708280563354492e+01
2.908372306823730469e+01
1.180347061157226562e+01
1.232350826263427734e+01
2.016663622856140137e+01
1.441511511802673340e+01
1.444533276557922363e+01
1.920002174377441406e+01
2.106274890899658203e+01
2.717689490318298340e+01
1.599107694625854492e+01
9.469875574111938477e+00
1.609853458404541016e+01
1.927692317962646484e+01
9.078803539276123047e+00
2.277090883255004883e+01
1.157860851287841797e+01
2.382009267807006836e+01
1.362078356742858887e+01
1.691042709350585938e+01
5.737235546112060547e+00
2.253354763984680176e+01
2.033796834945678711e+01
1.631805181503295898e+01
7.961463451385498047e+00
1.300241613388061523e+01
1.103041625022888184e+01
3.458024287223815918e+01
1.310027956962585449e+01
1.667295050621032715e+01
9.343513965606689453e+00
1.487618398666381836e+01
9.434391021728515625e+00
1.174537849426269531e+01
5.058666467666625977e+00
2.619185495376586914e+01
1.426285171508789062e+01
9.242701292037963867e+00
1.121200704574584961e+01
2.040213394165039062e+01
1.620731067657470703e+01
1.548439168930053711e+01
6.837134122848510742e+00
2.008424162864685059e+01
1.809692311286926270e+01
1.690666985511779785e+01
1.833964347839355469e+01
1.131487393379211426e+01
3.042031002044677734e+01
1.654575443267822266e+01
1.096075177192687988e+01
8.202550888061523438e+00
1.854935431480407715e+01
2.856507396697998047e+01
9.658478736877441406e+00
1.379499721527099609e+01
2.671504068374633789e+01
1.681750535964965820e+01
8.581732034683227539e+00
6.915470600128173828e+00
2.033866405487060547e+01
1.946027469635009766e+01
2.253936123847961426e+01
1.321742939949035645e+01
1.176662683486938477e+01
1.591855478286743164e+01
1.428243517875671387e+01
8.100861072540283203e+00
1.164579105377197266e+01
6.798027753829956055e+00
1.653735136985778809e+01
6.755284070968627930e+00
1.514427351951599121e+01
1.715350699424743652e+01
1.043868470191955566e+01
1.817555832862854004e+01
1.138307523727416992e+01
8.541835546493530273e+00
2.245231890678405762e+01
1.077028989791870117e+01
1.769803905487060547e+01
1.702501082420349121e+01
7.136135339736938477e+00
2.524010372161865234e+01
9.851016759872436523e+00
8.097958803176879883e+00
3.304059243202209473e+01
1.354207634925842285e+01
1.064084172248840332e+01
3.746604275703430176e+01
1.180780696868896484e+01
8.195099830627441406e+00
2.225447535514831543e+01
1.649809122085571289e+01
2.958933949470520020e+01
2.029457068443298340e+01
1.228647422790527344e+01
1.435393595695495605e+01
1.464349722862243652e+01
1.943307900428771973e+01
1.745089507102966309e+01
1.471275711059570312e+01
1.335759377479553223e+01
1.037855434417724609e+01
1.351880717277526855e+01
2.599825596809387207e+01
8.483230113983154297e+00
1.127562808990478516e+01
1.022300267219543457e+01
1.165243935585021973e+01
4.322470855712890625e+01
1.267864513397216797e+01
1.155997705459594727e+01
2.314997792243957520e+01
2.229945611953735352e+01
2.814125084877014160e+01
1.831060552597045898e+01
1.481895565986633301e+01
1.217350387573242188e+01
1.400256562232971191e+01
2.543874335289001465e+01
9.532043695449829102e+00
1.016248011589050293e+01
1.936153841018676758e+01
1.522822618484497070e+01
2.915971016883850098e+01
1.378986525535583496e+01
1.954606127738952637e+01
1.494172334671020508e+01
1.740946364402770996e+01
2.144935441017150879e+01
1.984396386146545410e+01
1.634013390541076660e+01
1.637611985206604004e+01
2.052203440666198730e+01
1.737391400337219238e+01
1.844788050651550293e+01
1.450017237663269043e+01
2.496379947662353516e+01
1.527718925476074219e+01
1.557812118530273438e+01
2.444697213172912598e+01
1.145420384407043457e+01
2.067463350296020508e+01
1.073636198043823242e+01
1.084401178359985352e+01
1.938093686103820801e+01
1.631526017189025879e+01
1.377000427246093750e+01
1.533071565628051758e+01
1.432822203636169434e+01
2.679829454421997070e+01
1.774757480621337891e+01
1.901338911056518555e+01
9.139890193939208984e+00
3.138573265075683594e+01
1.830780124664306641e+01
2.616002845764160156e+01
2.137365984916687012e+01
1.945806193351745605e+01
2.324479603767395020e+01
1.188017725944519043e+01
9.850099325180053711e+00
1.653518724441528320e+01
1.439542055130004883e+01
2.196508860588073730e+01
1.881396675109863281e+01
1.458584904670715332e+01
1.337315273284912109e+01
1.673444175720214844e+01
1.459138107299804688e+01
1.672983860969543457e+01
1.451120233535766602e+01
1.417584228515625000e+01
1.287526512145996094e+01
2.685648059844970703e+01
1.429072427749633789e+01
1.580773186683654785e+01
1.347547173500061035e+01
1.834889054298400879e+01
1.560266041755676270e+01
2.936827945709228516e+01
2.121807479858398438e+01
2.431404161453247070e+01
1.608737874031066895e+01
1.101682567596435547e+01
2.394936156272888184e+01
8.759732723236083984e+00
1.646734309196472168e+01
3.050774288177490234e+01
1.410305166244506836e+01
2.696768784523010254e+01
2.098462677001953125e+01
1.710854983329772949e+01
2.916247320175170898e+01
4.133744478225708008e+00
1.277907705307006836e+01
1.629129767417907715e+01
1.222635173797607422e+01
1.617727065086364746e+01
1.051785993576049805e+01
2.033129429817199707e+01
2.340284681320190430e+01
2.393828916549682617e+01
1.554052305221557617e+01
1.382499980926513672e+01
1.475500845909118652e+01
2.243752193450927734e+01
2.022303366661071777e+01
2.027475023269653320e+01
1.537105703353881836e+01
2.387725353240966797e+01
1.291967868804931641e+01
7.093530178070068359e+00
1.786331129074096680e+01
1.781816840171813965e+01
1.214637756347656250e+00
1.568207073211669922e+01
2.109773778915405273e+01
1.702662873268127441e+01
1.078874969482421875e+01
8.384826421737670898e+00
1.302620887756347656e+01
1.763678336143493652e+01
1.011962461471557617e+01
1.176660084724426270e+01
8.535170078277587891e+00
3.535430407524108887e+01
2.259877514839172363e+01
7.738702535629272461e+00
1.126963996887207031e+01
2.165873336791992188e+01
1.718675661087036133e+01
1.880384421348571777e+01
2.277730226516723633e+01
9.742550134658813477e+00
1.565710663795471191e+01
2.211035847663879395e+01
2.750709176063537598e+01
1.615891265869140625e+01
1.140426945686340332e+01
1.419036746025085449e+01
1.204665946960449219e+01
5.947293519973754883e+00
8.221169948577880859e+00
1.158393692970275879e+01
1.900385189056396484e+01
2.456629586219787598e+01
5.701636314392089844e+00
1.609492850303649902e+01
1.446044325828552246e+01
1.364886760711669922e+01
1.641366219520568848e+01
1.933460617065429688e+01
2.055652284622192383e+01
1.824168324470520020e+01
2.031423091888427734e+01
1.747306466102600098e+01
1.267783570289611816e+01
1.624918198585510254e+01
1.450939154624938965e+01
1.454214239120483398e+01
1.585637116432189941e+01
1.571249508857727051e+01
1.111316061019897461e+01
7.958525657653808594e+00
2.002616238594055176e+01
1.406904053688049316e+01
1.780274224281311035e+01
1.120616269111633301e+01
7.716897964477539062e+00
2.179368972778320312e+01
1.395536684989929199e+01
8.631082534790039062e+00
1.304330039024353027e+01
1.310761499404907227e+01
7.956082344055175781e+00
2.222260785102844238e+01
1.272374391555786133e+01
1.581277751922607422e+01
3.882554554939270020e+01
2.736431193351745605e+01
1.226627445220947266e+01
1.665739154815673828e+01
2.282211709022521973e+01
1.638403248786926270e+01
2.104751944541931152e+01
1.868903946876525879e+01
1.491808891296386719e+01
3.961608552932739258e+01
2.461548876762390137e+01
2.632286715507507324e+01
1.848995304107666016e+01
1.795014262199401855e+01
1.867088389396667480e+01
1.407559633255004883e+01
1.216264843940734863e+01
1.390742778778076172e+01
8.123072385787963867e+00
1.770208930969238281e+01
2.474810218811035156e+01
1.814064216613769531e+01
7.591804981231689453e+00
1.665327596664428711e+01
2.179063558578491211e+01
1.635730838775634766e+01
2.199977183341979980e+01
2.330288481712341309e+01
2.511555409431457520e+01
7.131008386611938477e+00
6.734275579452514648e+00
1.658857989311218262e+01
1.032791209220886230e+01
1.890624737739562988e+01
1.715438508987426758e+01
1.997375392913818359e+01
9.601448774337768555e+00
1.827459001541137695e+01
2.830492663383483887e+01
1.632211256027221680e+01
1.497175168991088867e+01
1.673079514503479004e+01
1.396121430397033691e+01
1.388778567314147949e+01
2.337095618247985840e+01
1.874418449401855469e+01
1.428295063972473145e+01
2.378742289543151855e+01
1.173592877388000488e+01
2.412277889251708984e+01
1.803507995605468750e+01
2.164170575141906738e+01
1.921030426025390625e+01
1.676631569862365723e+01
1.633941149711608887e+01
1.770587420463562012e+01
1.521308827400207520e+01
1.183084535598754883e+01
1.738295245170593262e+01
2.286462426185607910e+01
1.713981366157531738e+01
2.493420457839965820e+01
2.250137090682983398e+01
2.236296844482421875e+01
2.675605463981628418e+01
2.341570353507995605e+01
2.068188285827636719e+01
2.428736495971679688e+01
1.338567352294921875e+01
1.712872505187988281e+01
2.107984900474548340e+01
2.496621537208557129e+01
1.945493745803833008e+01
7.316283226013183594e+00
1.850557303428649902e+01
1.561982560157775879e+01
2.150328898429870605e+01
1.926065683364868164e+01
2.154888701438903809e+01
2.468426823616027832e+01
8.486694812774658203e+00
1.554004597663879395e+01
2.262673211097717285e+01
1.772578692436218262e+01
1.495118784904479980e+01
2.430607748031616211e+01
1.519216370582580566e+01
2.837347412109375000e+01
1.675610995292663574e+01
1.627069544792175293e+01
9.851666212081909180e+00
2.692736196517944336e+01
8.472686052322387695e+00
6.283048152923583984e+00
1.883360338211059570e+01
2.275773334503173828e+01
1.493554496765136719e+01
2.006210398674011230e+01
2.676222133636474609e+01
9.927892684936523438e+00
1.854137206077575684e+01
1.647869467735290527e+01
1.302754497528076172e+01
1.036406850814819336e+01
3.032097554206848145e+01
1.229391908645629883e+01
3.195917105674743652e+01
1.820196914672851562e+01
2.603647637367248535e+01
2.152305150032043457e+01
1.690987753868103027e+01
2.150117993354797363e+01
1.388408780097961426e+01
1.006602668762207031e+01
2.087629342079162598e+01
1.392542243003845215e+01
9.141875982284545898e+00
2.235359001159667969e+01
2.642776298522949219e+01
3.240643572807312012e+01
2.467632031440734863e+01
3.480862164497375488e+01
1.633130836486816406e+01
2.335108184814453125e+01
1.695520162582397461e+01
1.589806199073791504e+01
1.557126069068908691e+01
1.014488029479980469e+01
1.890110731124877930e+01
1.206538510322570801e+01
1.150275969505310059e+01
1.322151350975036621e+01
1.931465768814086914e+01
2.147459912300109863e+01
1.570609855651855469e+01
1.438319635391235352e+01
3.071615552902221680e+01
2.222033143043518066e+01
2.187675261497497559e+01
1.388693213462829590e+01
1.028232812881469727e+01
1.483667111396789551e+01
2.213363766670227051e+01
1.418339109420776367e+01
1.656091022491455078e+01
1.031295824050903320e+01
2.423844480514526367e+01
2.125902199745178223e+01
1.930474948883056641e+01
1.908318948745727539e+01
2.168355870246887207e+01
1.515376210212707520e+01
1.055742383003234863e+01
1.666406059265136719e+01
2.229801368713378906e+01
1.929023313522338867e+01
2.897712945938110352e+01
3.400429821014404297e+01
1.462739729881286621e+01
1.007385921478271484e+01
2.057802033424377441e+01
1.811168146133422852e+01
2.397126483917236328e+01
2.530129361152648926e+01
2.653749275207519531e+01
8.774187564849853516e+00
1.982214045524597168e+01
2.366849374771118164e+01
1.541672134399414062e+01
1.232470035552978516e+01
9.030214786529541016e+00
1.591619563102722168e+01
9.444405078887939453e+00
1.307334160804748535e+01
1.260924339294433594e+01
1.514248442649841309e+01
6.648330688476562500e+00
1.469277143478393555e+01
1.485228109359741211e+01
2.191259527206420898e+01
1.124112296104431152e+01
1.692334461212158203e+01
2.114711141586303711e+01
1.460099077224731445e+01
2.432343816757202148e+01
1.722998070716857910e+01
1.134005093574523926e+01
2.062577486038208008e+01
1.723113465309143066e+01
2.530155515670776367e+01
2.081950592994689941e+01
1.580823874473571777e+01
2.138909721374511719e+01
1.985244202613830566e+01
9.408263683319091797e+00
2.832261681556701660e+01
1.625087547302246094e+01
2.131742215156555176e+01
1.554178166389465332e+01
1.559113383293151855e+01
1.511714649200439453e+01
9.321432828903198242e+00
3.186273646354675293e+01
1.687916517257690430e+01
1.263657402992248535e+01
2.535856866836547852e+01
1.498346114158630371e+01
6.575203895568847656e+00
1.680191493034362793e+01
1.341164636611938477e+01
2.405033588409423828e+01
1.941157507896423340e+01
1.094263124465942383e+01
1.837142133712768555e+01
2.417307233810424805e+01
1.025826978683471680e+01
3.040046048164367676e+01
1.837396931648254395e+01
1.443317699432373047e+01
1.740213108062744141e+01
1.133059740066528320e+01
2.336377978324890137e+01
1.540239572525024414e+01
2.613222312927246094e+01
2.029666709899902344e+01
4.061475753784179688e+00
1.784271073341369629e+01
2.123570013046264648e+01
1.124640011787414551e+01
2.064639091491699219e+01
1.625967597961425781e+01
1.548298168182373047e+01
2.140535163879394531e+01
1.485578441619873047e+01
2.832528138160705566e+01
1.951311755180358887e+01
1.637353420257568359e+01
2.422904634475708008e+01
1.863632488250732422e+01
3.229955720901489258e+01
2.740329837799072266e+01
2.088253426551818848e+01
1.121241474151611328e+01
1.938430166244506836e+01
2.208779811859130859e+01
1.594225001335144043e+01
1.544977283477783203e+01
2.166912341117858887e+01
1.465572261810302734e+01
1.908277440071105957e+01
2.919014883041381836e+01
2.344804358482360840e+01
2.355952429771423340e+01
1.246291828155517578e+01
1.973600339889526367e+01
1.927003669738769531e+01
2.650003504753112793e+01
1.034076404571533203e+01
7.906939983367919922e+00
9.947351932525634766e+00
1.498705554008483887e+01
1.763803100585937500e+01
1.365293931961059570e+01
1.567945384979248047e+01
2.572186803817749023e+01
1.100041151046752930e+01
1.043358683586120605e+01
5.852395057678222656e+00
4.822786808013916016e+00
6.376009702682495117e+00
1.383316016197204590e+01
3.734800601005554199e+01
1.519098663330078125e+01
1.810089588165283203e+01
2.125272750854492188e+01
1.779254126548767090e+01
2.027933597564697266e+01
1.464918923377990723e+01
2.027458763122558594e+01
9.311352491378784180e+00
2.010708904266357422e+01
9.086604118347167969e+00
1.267067480087280273e+01
1.177688765525817871e+01
2.283430027961730957e+01
1.225290179252624512e+01
2.612696099281311035e+01
2.287029814720153809e+01
1.289937853813171387e+01
2.125803637504577637e+01
8.745010852813720703e+00
1.243898105621337891e+01
2.371347188949584961e+01
1.350245404243469238e+01
1.808687591552734375e+01
2.571701669692993164e+01
2.835394573211669922e+01
2.406114959716796875e+01
1.256930565834045410e+01
2.170325422286987305e+01
1.262502026557922363e+01
2.406771588325500488e+01
2.820864939689636230e+01
1.553576254844665527e+01
1.239808344841003418e+01
2.471598935127258301e+01
2.560874676704406738e+01
3.058393836021423340e+01
2.964946246147155762e+01
2.852971029281616211e+01
1.577801370620727539e+01
2.594626140594482422e+01
8.773389339447021484e+00
1.498588681221008301e+01
2.659197664260864258e+01
3.305957102775573730e+01
2.726177668571472168e+01
1.044481611251831055e+01
1.294186019897460938e+01
1.803520083427429199e+01
2.715623092651367188e+01
1.833266472816467285e+01
1.804049086570739746e+01
1.309573006629943848e+01
1.577696967124938965e+01
3.815950417518615723e+01
1.931809568405151367e+01
8.091393947601318359e+00
1.237690472602844238e+01
1.524995040893554688e+01
2.742671608924865723e+01
2.099898624420166016e+01
1.159083271026611328e+01
6.167264461517333984e+00
9.495496273040771484e+00
2.506690859794616699e+01
2.756876945495605469e+01
1.592370557785034180e+01
3.164136409759521484e+01
7.930695772171020508e+00
1.887166810035705566e+01
1.746439456939697266e+01
1.285208535194396973e+01
3.600103545188903809e+01
1.060020232200622559e+01
2.116201543807983398e+01
1.300080323219299316e+01
1.457431554794311523e+01
1.955794620513916016e+01
2.267862939834594727e+01
7.487440347671508789e+00
1.671116328239440918e+01
2.072688865661621094e+01
9.473803997039794922e+00
1.302179884910583496e+01
9.977299451828002930e+00
1.956987810134887695e+01
1.648951005935668945e+01
2.125464892387390137e+01
5.845195531845092773e+00
1.191345405578613281e+01
1.761359858512878418e+01
1.121944522857666016e+01
2.189781546592712402e+01
1.084970068931579590e+01
9.259946346282958984e+00
2.304289937019348145e+01
1.394678640365600586e+01
2.527044606208801270e+01
1.313187432289123535e+01
1.214000272750854492e+01
1.326832962036132812e+01
2.354532027244567871e+01
1.570943999290466309e+01
9.702193260192871094e+00
2.994814085960388184e+01
1.205778241157531738e+01
3.501298499107360840e+01
1.474344110488891602e+01
6.830242872238159180e+00
9.474534273147583008e+00
1.276747655868530273e+01
1.770288062095642090e+01
