9.164596557617187500e+00
9.069346904754638672e+00
4.605779886245727539e+00
1.400272536277770996e+01
1.509075427055358887e+01
1.386571884155273438e+01
8.764141082763671875e+00
1.034251761436462402e+01
8.626335382461547852e+00
1.794997859001159668e+01
2.308715867996215820e+01
1.080497121810913086e+01
8.307772397994995117e+00
1.944940447807312012e+01
2.287671160697937012e+01
1.381325793266296387e+01
2.680387639999389648e+01
2.108861112594604492e+01
2.060253524780273438e+01
2.031952476501464844e+01
2.625967359542846680e+01
3.121527457237243652e+01
1.832907438278198242e+01
1.643625402450561523e+01
1.546619367599487305e+01
3.187652444839477539e+01
2.372644758224487305e+01
2.183231735229492188e+01
2.150917196273803711e+01
2.535301733016967773e+01
1.853292059898376465e+01
2.674014592170715332e+01
2.930135703086853027e+01
1.659999537467956543e+01
3.294253134727478027e+01
3.783603811264038086e+01
2.763964319229125977e+01
2.629869866371154785e+01
2.060955214500427246e+01
2.168089723587036133e+01
2.588404583930969238e+01
3.784658789634704590e+01
2.765628027915954590e+01
2.001459598541259766e+01
2.393132138252258301e+01
2.697046256065368652e+01
1.848704552650451660e+01
2.006652569770812988e+01
4.009626483917236328e+01
1.384392118453979492e+01
1.539263653755187988e+01
9.591291189193725586e+00
2.507966208457946777e+01
1.707615470886230469e+01
1.006195712089538574e+01
1.914904975891113281e+01
4.719695782661437988e+01
2.527081751823425293e+01
1.640330410003662109e+01
1.563438701629638672e+01
1.906936526298522949e+01
1.039916682243347168e+01
1.562411260604858398e+01
1.935461091995239258e+01
2.648348927497863770e+01
3.486314439773559570e+01
1.445302939414978027e+01
3.730924081802368164e+01
3.740463662147521973e+01
2.082306361198425293e+01
2.676242136955261230e+01
1.433003950119018555e+01
4.242715573310852051e+01
3.339145612716674805e+01
2.365456128120422363e+01
2.041081953048706055e+01
2.573839879035949707e+01
2.457319808006286621e+01
2.016578173637390137e+01
2.976082539558410645e+01
1.376686334609985352e+01
3.177905893325805664e+01
1.857552480697631836e+01
1.785942125320434570e+01
1.169828963279724121e+01
1.083962273597717285e+01
1.092854070663452148e+01
2.868625950813293457e+01
4.029914307594299316e+01
3.469801020622253418e+01
1.101172590255737305e+01
2.532353687286376953e+01
1.315194821357727051e+01
3.075222277641296387e+01
1.888161063194274902e+01
2.170305991172790527e+01
1.429776668548583984e+01
4.572642350196838379e+01
2.686963057518005371e+01
2.028221988677978516e+01
3.730834150314331055e+01
2.743850016593933105e+01
1.730923652648925781e+01
1.963836526870727539e+01
3.751781368255615234e+01
1.385145330429077148e+01
2.572423458099365234e+01
7.567912817001342773e+00
1.861674976348876953e+01
1.491995596885681152e+01
2.320723438262939453e+01
2.112603688240051270e+01
2.407705736160278320e+01
2.121626853942871094e+01
2.793626689910888672e+01
3.621632599830627441e+01
2.792987084388732910e+01
1.622777819633483887e+01
2.326667714118957520e+01
2.428009009361267090e+01
2.111314916610717773e+01
1.719504356384277344e+01
2.403272986412048340e+01
2.103125858306884766e+01
3.614016485214233398e+01
2.651902627944946289e+01
1.995736098289489746e+01
2.344309782981872559e+01
4.085475683212280273e+01
3.043673706054687500e+01
2.021888637542724609e+01
1.818080878257751465e+01
3.354092788696289062e+01
4.029153966903686523e+01
6.925796508789062500e+00
1.359811234474182129e+01
2.073628926277160645e+01
2.417258405685424805e+01
4.155904626846313477e+01
2.507911658287048340e+01
2.249974250793457031e+01
2.120150184631347656e+01
1.006019854545593262e+01
2.011236214637756348e+01
1.228223586082458496e+01
1.517244124412536621e+01
2.286685109138488770e+01
3.591765189170837402e+01
3.226060652732849121e+01
1.953760600090026855e+01
2.875287365913391113e+01
3.283033013343811035e+01
2.423690223693847656e+01
2.465130710601806641e+01
3.594408822059631348e+01
3.039942383766174316e+01
2.171248030662536621e+01
1.678757309913635254e+01
3.001531314849853516e+01
1.748813819885253906e+01
2.811438012123107910e+01
3.738038706779479980e+01
3.830466938018798828e+01
3.494857931137084961e+01
2.782365608215332031e+01
3.384167766571044922e+01
2.599169707298278809e+01
2.458131098747253418e+01
4.832755517959594727e+01
1.888250064849853516e+01
2.564181733131408691e+01
3.947210693359375000e+01
2.419431257247924805e+01
3.416172027587890625e+01
4.287498736381530762e+01
3.666473674774169922e+01
2.730445337295532227e+01
3.672903418540954590e+01
3.026016974449157715e+01
1.900615453720092773e+01
2.140472078323364258e+01
2.060021948814392090e+01
2.306620383262634277e+01
1.840699434280395508e+01
2.232832765579223633e+01
2.265287542343139648e+01
7.273244619369506836e+00
1.755380678176879883e+01
2.427261900901794434e+01
2.217983984947204590e+01
1.382770943641662598e+01
1.808098673820495605e+01
2.379413986206054688e+01
7.033463716506958008e+00
2.746313691139221191e+01
9.237346887588500977e+00
1.453180074691772461e+01
3.395594453811645508e+01
3.655793786048889160e+01
9.420989274978637695e+00
3.265506982803344727e+01
2.335358190536499023e+01
3.062511563301086426e+01
2.386603760719299316e+01
2.641468405723571777e+01
3.640282273292541504e+01
2.066765475273132324e+01
1.130386972427368164e+01
3.134094929695129395e+01
3.265438103675842285e+01
3.446191787719726562e+01
3.126493644714355469e+01
3.496051669120788574e+01
2.716472625732421875e+01
3.013643240928649902e+01
1.112870454788208008e+01
4.952571630477905273e+00
2.157816290855407715e+01
2.180132555961608887e+01
1.306013393402099609e+01
2.131146478652954102e+01
2.979019260406494141e+01
2.920857167243957520e+01
1.929570174217224121e+01
2.451515889167785645e+01
1.999296450614929199e+01
3.044469523429870605e+01
2.560638570785522461e+01
2.520323538780212402e+01
1.604734444618225098e+01
3.001545691490173340e+01
2.620890069007873535e+01
6.266747713088989258e+00
1.473199152946472168e+01
1.268239974975585938e+01
1.986339807510375977e+01
2.598234724998474121e+01
1.356595158576965332e+01
2.756441593170166016e+01
1.588257575035095215e+01
1.734006595611572266e+01
1.833490252494812012e+01
1.918918609619140625e+01
1.678884959220886230e+01
2.114566802978515625e+01
1.610977530479431152e+01
2.271533966064453125e+01
2.385709810256958008e+01
1.951297163963317871e+01
1.171448445320129395e+01
7.061737775802612305e+00
1.279005312919616699e+01
9.970793247222900391e+00
3.130062556266784668e+01
2.717564010620117188e+01
1.286464476585388184e+01
1.282760953903198242e+01
1.266640281677246094e+01
1.049500894546508789e+01
1.017546582221984863e+01
1.942441177368164062e+01
1.277682924270629883e+01
1.929179358482360840e+01
1.195837163925170898e+01
2.867484712600708008e+01
1.384046840667724609e+01
1.319128131866455078e+01
1.412289285659790039e+01
1.363620495796203613e+01
2.216897892951965332e+01
1.947357058525085449e+01
2.562582659721374512e+01
3.548653841018676758e+01
4.471881031990051270e+01
3.656040716171264648e+01
2.156972241401672363e+01
2.121147441864013672e+01
2.150299263000488281e+01
2.278087115287780762e+01
9.174749374389648438e+00
2.053138852119445801e+01
1.733384203910827637e+01
4.041297411918640137e+01
2.680621075630187988e+01
2.584925985336303711e+01
1.492500114440917969e+01
1.343586635589599609e+01
1.975104546546936035e+01
1.951519298553466797e+01
8.856838464736938477e+00
3.567442607879638672e+01
2.122678589820861816e+01
3.979219937324523926e+01
2.573044943809509277e+01
2.496739959716796875e+01
3.405823111534118652e+01
3.135037517547607422e+01
1.996591997146606445e+01
1.223861932754516602e+01
1.536337995529174805e+01
3.253199982643127441e+01
2.921662878990173340e+01
2.729525351524353027e+01
1.437318563461303711e+01
2.623791408538818359e+01
1.474421811103820801e+01
1.676145887374877930e+01
1.662051916122436523e+01
2.893302106857299805e+01
1.802371764183044434e+01
3.501450467109680176e+01
2.112438392639160156e+01
2.435590195655822754e+01
2.123138451576232910e+01
1.779938077926635742e+01
1.411079406738281250e+01
2.922051572799682617e+01
2.318572211265563965e+01
1.599122095108032227e+01
2.308630585670471191e+01
1.344024515151977539e+01
4.858366751670837402e+01
2.777465200424194336e+01
1.710617995262145996e+01
2.334946799278259277e+01
2.423516011238098145e+01
2.489202666282653809e+01
2.802410697937011719e+01
2.736571931838989258e+01
2.139036726951599121e+01
3.537196731567382812e+01
2.980899143218994141e+01
2.108637952804565430e+01
1.062109160423278809e+01
2.512111735343933105e+01
1.267168307304382324e+01
1.641576480865478516e+01
1.696828937530517578e+01
2.114487862586975098e+01
3.603096032142639160e+01
2.781200575828552246e+01
2.024314260482788086e+01
2.519047689437866211e+01
1.430736970901489258e+01
1.430051970481872559e+01
3.469075608253479004e+01
2.295500230789184570e+01
2.896663141250610352e+01
2.418288850784301758e+01
1.738965153694152832e+01
2.353542041778564453e+01
2.332020568847656250e+01
1.097113394737243652e+01
3.548801827430725098e+01
8.907500028610229492e+00
2.172635149955749512e+01
1.114308166503906250e+01
2.679274654388427734e+01
2.389696764945983887e+01
5.624719142913818359e+00
1.704152870178222656e+01
2.588050770759582520e+01
6.581886768341064453e+00
2.235572385787963867e+01
3.295329737663269043e+01
3.215543842315673828e+01
2.161045742034912109e+01
2.186576437950134277e+01
2.454278230667114258e+01
2.034770393371582031e+01
7.282284975051879883e+00
1.529396033287048340e+01
1.823128128051757812e+01
3.626180148124694824e+01
4.058976912498474121e+01
2.767635011672973633e+01
8.209773302078247070e+00
1.543314504623413086e+01
3.246497035026550293e+01
1.633419990539550781e+01
2.564944291114807129e+01
1.882804012298583984e+01
1.352329254150390625e+01
3.113380670547485352e+01
3.164269161224365234e+01
1.631244874000549316e+01
2.884747910499572754e+01
1.580135154724121094e+01
1.624590325355529785e+01
3.374829840660095215e+01
3.469997310638427734e+01
1.802860856056213379e+01
3.916143512725830078e+01
1.504670524597167969e+01
3.231739115715026855e+01
3.344103670120239258e+01
2.188204598426818848e+01
2.065893936157226562e+01
2.165526819229125977e+01
2.510716056823730469e+01
3.396606802940368652e+01
3.678540539741516113e+01
3.678055715560913086e+01
1.828622698783874512e+01
3.394953918457031250e+01
3.357045674324035645e+01
1.686023259162902832e+01
2.160192775726318359e+01
4.225052428245544434e+01
4.931095075607299805e+01
2.290274906158447266e+01
1.056354665756225586e+01
3.346430587768554688e+01
2.280867600440979004e+01
2.456108903884887695e+01
3.689671921730041504e+01
2.575961875915527344e+01
3.588988852500915527e+01
3.052007150650024414e+01
3.267385840415954590e+01
2.132543873786926270e+01
3.269408845901489258e+01
2.204072690010070801e+01
1.680366396903991699e+01
4.127182888984680176e+01
3.917419171333312988e+01
2.238571119308471680e+01
2.594804048538208008e+01
3.427525377273559570e+01
1.813704895973205566e+01
2.783718872070312500e+01
2.759689998626708984e+01
1.281135344505310059e+01
3.718163967132568359e+01
1.890452837944030762e+01
2.797267651557922363e+01
2.565919995307922363e+01
2.287333869934082031e+01
4.075609970092773438e+01
2.182788920402526855e+01
2.546357131004333496e+01
1.764137291908264160e+01
2.461687350273132324e+01
2.746261715888977051e+01
2.773864603042602539e+01
2.255156660079956055e+01
1.976792669296264648e+01
2.649675416946411133e+01
2.133659100532531738e+01
2.342486763000488281e+01
2.929925322532653809e+01
2.838075399398803711e+01
2.604087877273559570e+01
2.723143362998962402e+01
4.416411972045898438e+01
3.570249485969543457e+01
4.271106052398681641e+01
1.268342232704162598e+01
2.234990620613098145e+01
2.516833138465881348e+01
2.446632385253906250e+01
2.873933196067810059e+01
3.992255115509033203e+01
2.616580677032470703e+01
4.084159421920776367e+01
1.659420180320739746e+01
2.406834721565246582e+01
3.032547616958618164e+01
2.910120892524719238e+01
5.364970970153808594e+01
1.724091482162475586e+01
2.648121166229248047e+01
2.908510565757751465e+01
2.274838519096374512e+01
1.484614801406860352e+01
1.909753990173339844e+01
3.025987100601196289e+01
2.916069102287292480e+01
2.726096153259277344e+01
2.929333305358886719e+01
1.192806434631347656e+01
4.455779194831848145e+01
2.837151050567626953e+01
4.434179615974426270e+01
3.125703597068786621e+01
3.205157327651977539e+01
1.825791692733764648e+01
3.380756568908691406e+01
2.767341423034667969e+01
2.769382691383361816e+01
4.353277277946472168e+01
3.789868688583374023e+01
2.895945572853088379e+01
3.117923355102539062e+01
2.395003128051757812e+01
3.225065088272094727e+01
3.462818431854248047e+01
3.486564421653747559e+01
2.180302357673645020e+01
3.516700792312622070e+01
3.482583045959472656e+01
2.141337180137634277e+01
3.094226193428039551e+01
2.549001955986022949e+01
3.356872510910034180e+01
8.810529470443725586e+00
1.392180776596069336e+01
1.406857824325561523e+01
2.862710237503051758e+01
3.112637090682983398e+01
2.857897615432739258e+01
3.704851293563842773e+01
7.238917589187622070e+00
3.415595865249633789e+01
4.610366964340209961e+01
8.124335527420043945e+00
1.846088218688964844e+01
1.249245309829711914e+01
3.179802894592285156e+01
1.140332841873168945e+01
2.860923314094543457e+01
2.072824501991271973e+01
1.267405295372009277e+01
3.363562035560607910e+01
1.506073546409606934e+01
1.309755373001098633e+01
3.345082449913024902e+01
3.688116049766540527e+01
1.134415388107299805e+01
6.845577478408813477e+00
9.222668647766113281e+00
1.230833029747009277e+01
2.333279705047607422e+01
1.572402143478393555e+01
2.048803710937500000e+01
3.418799591064453125e+01
1.622515749931335449e+01
1.195307874679565430e+01
3.194225072860717773e+01
1.184916639328002930e+01
1.582317662239074707e+01
2.035379743576049805e+01
1.273071694374084473e+01
3.637638759613037109e+01
1.706859421730041504e+01
2.284004306793212891e+01
1.417861485481262207e+01
1.289134407043457031e+01
4.191408014297485352e+01
4.082800865173339844e+01
1.570649480819702148e+01
2.959318661689758301e+01
5.765468168258666992e+01
2.317842698097229004e+01
1.677947592735290527e+01
3.896373176574707031e+01
1.396733665466308594e+01
1.413402676582336426e+01
3.975389647483825684e+01
5.252914977073669434e+01
2.361579918861389160e+01
1.643826580047607422e+01
1.528254055976867676e+01
1.339501833915710449e+01
3.714464426040649414e+01
9.260476350784301758e+00
1.679961943626403809e+01
3.856657433509826660e+01
2.390445661544799805e+01
2.586879634857177734e+01
2.110279321670532227e+01
1.685756969451904297e+01
1.990997028350830078e+01
3.674815416336059570e+01
2.186533331871032715e+01
1.742770004272460938e+01
1.374967288970947266e+01
3.062403082847595215e+01
2.180145072937011719e+01
1.942544794082641602e+01
2.122649765014648438e+01
1.537449026107788086e+01
1.691958975791931152e+01
3.311912393569946289e+01
1.833067750930786133e+01
2.488774609565734863e+01
1.732852530479431152e+01
8.842215776443481445e+00
3.805383300781250000e+01
2.168303012847900391e+01
1.886353468894958496e+01
8.985309362411499023e+00
5.084251523017883301e+01
9.800217390060424805e+00
2.675754666328430176e+01
2.512519311904907227e+01
1.437762022018432617e+01
9.759772777557373047e+00
1.276355290412902832e+01
2.059246253967285156e+01
1.440107464790344238e+01
4.288440704345703125e+00
2.970619153976440430e+01
2.518443012237548828e+01
2.320610642433166504e+01
1.307452249526977539e+01
1.241862750053405762e+01
2.150671935081481934e+01
1.965700459480285645e+01
1.451401662826538086e+01
1.696400880813598633e+01
1.799427938461303711e+01
1.527100634574890137e+01
2.296923947334289551e+01
2.759296917915344238e+01
2.283878803253173828e+01
4.628603005409240723e+01
2.675981640815734863e+01
2.590249133110046387e+01
1.847165203094482422e+01
1.772506070137023926e+01
6.940301418304443359e+00
2.462567901611328125e+01
1.163339304924011230e+01
2.845391464233398438e+01
2.654512691497802734e+01
2.478435969352722168e+01
1.002732014656066895e+01
2.357929801940917969e+01
4.581269049644470215e+01
2.821785211563110352e+01
2.243266868591308594e+01
1.362555718421936035e+01
2.379785084724426270e+01
1.653910231590270996e+01
2.732029914855957031e+01
3.057172775268554688e+01
2.422381424903869629e+01
2.505636835098266602e+01
1.127585077285766602e+01
1.217923665046691895e+01
1.225385642051696777e+01
1.172987294197082520e+01
2.871374416351318359e+01
2.418581151962280273e+01
2.278908991813659668e+01
2.619727349281311035e+01
8.947460412979125977e+00
2.969148874282836914e+01
9.043840408325195312e+00
2.424202895164489746e+01
1.125033020973205566e+01
4.324194955825805664e+01
3.092303943634033203e+01
1.407728147506713867e+01
2.601539635658264160e+01
1.982003927230834961e+01
2.506242585182189941e+01
1.288477063179016113e+01
7.349541425704956055e+00
1.589924192428588867e+01
3.601319885253906250e+01
1.495962595939636230e+01
2.985721611976623535e+01
2.358053779602050781e+01
1.471363162994384766e+01
1.782841634750366211e+01
8.480061054229736328e+00
2.972340846061706543e+01
2.232701754570007324e+01
2.513337206840515137e+01
1.218268108367919922e+01
1.228381991386413574e+01
2.642852330207824707e+01
3.271092224121093750e+01
1.537928509712219238e+01
1.612965655326843262e+01
3.295469856262207031e+01
1.429753637313842773e+01
2.869939827919006348e+01
2.598414468765258789e+01
2.741973519325256348e+01
1.466717028617858887e+01
1.971427106857299805e+01
1.609487485885620117e+01
2.021777510643005371e+01
2.952467656135559082e+01
3.097550678253173828e+01
2.960607028007507324e+01
3.127084589004516602e+01
1.698670840263366699e+01
3.680815911293029785e+01
1.650287723541259766e+01
1.737278246879577637e+01
2.715925812721252441e+01
1.098085188865661621e+01
3.257954359054565430e+01
3.079496788978576660e+01
2.175027203559875488e+01
1.080112123489379883e+01
1.649770712852478027e+01
2.049061441421508789e+01
2.133452320098876953e+01
2.676158237457275391e+01
2.283562469482421875e+01
9.379974126815795898e+00
2.163651871681213379e+01
2.193940186500549316e+01
2.874314403533935547e+01
9.367228269577026367e+00
9.415286064147949219e+00
1.215352702140808105e+01
1.731028461456298828e+01
1.373069000244140625e+01
1.591214823722839355e+01
1.257490372657775879e+01
1.909962248802185059e+01
1.858185696601867676e+01
1.352577400207519531e+01
3.363655257225036621e+01
2.869472599029541016e+01
1.977331018447875977e+01
2.712671494483947754e+01
2.102016472816467285e+01
1.987867832183837891e+01
1.368503022193908691e+01
1.430001711845397949e+01
1.221880483627319336e+01
1.090113210678100586e+01
2.453782439231872559e+01
3.890020513534545898e+01
3.090244388580322266e+01
1.044617724418640137e+01
9.582550525665283203e+00
3.399366283416748047e+01
2.670285987854003906e+01
2.176902556419372559e+01
2.599967050552368164e+01
3.928406906127929688e+01
1.787725496292114258e+01
8.208670854568481445e+00
1.196189832687377930e+01
3.016452336311340332e+01
1.990737843513488770e+01
1.377883172035217285e+01
3.317973303794860840e+01
1.817402958869934082e+01
3.515173316001892090e+01
1.123593282699584961e+01
3.081490445137023926e+01
1.453011560440063477e+01
1.724816346168518066e+01
2.006105613708496094e+01
3.794892930984497070e+01
1.137759232521057129e+01
1.603877449035644531e+01
2.407936930656433105e+01
1.395915365219116211e+01
1.771071815490722656e+01
1.260891079902648926e+01
2.496833395957946777e+01
1.721890091896057129e+01
1.778365492820739746e+01
1.632736706733703613e+01
1.718386101722717285e+01
1.768590807914733887e+01
2.445284271240234375e+01
1.163284063339233398e+01
2.601893639564514160e+01
1.623429656028747559e+01
1.129999303817749023e+01
1.670643854141235352e+01
1.360513949394226074e+01
1.607137966156005859e+01
1.530728125572204590e+01
2.359132099151611328e+01
1.874923467636108398e+01
1.199465250968933105e+01
3.311167740821838379e+01
2.626499962806701660e+01
1.369637227058410645e+01
1.685495615005493164e+01
1.680682611465454102e+01
1.181285190582275391e+01
2.848154950141906738e+01
1.734854435920715332e+01
2.329303264617919922e+01
4.602370905876159668e+01
1.531866574287414551e+01
1.113880467414855957e+01
1.763120365142822266e+01
3.091078996658325195e+01
1.730063128471374512e+01
1.401715373992919922e+01
1.318302106857299805e+01
2.679805850982666016e+01
2.086384367942810059e+01
1.093876051902770996e+01
1.504024457931518555e+01
2.118267631530761719e+01
2.731618571281433105e+01
3.196196103096008301e+01
1.877397036552429199e+01
1.885947394371032715e+01
2.131659078598022461e+01
1.906121420860290527e+01
3.255402302742004395e+01
1.630276823043823242e+01
1.198099970817565918e+01
2.197029662132263184e+01
3.215560460090637207e+01
2.116607999801635742e+01
1.403547692298889160e+01
1.867780566215515137e+01
1.445770430564880371e+01
2.077098917961120605e+01
2.339188909530639648e+01
1.575053405761718750e+01
1.754817295074462891e+01
1.121481204032897949e+01
2.182832670211791992e+01
2.090089416503906250e+01
3.798698949813842773e+01
2.501625490188598633e+01
2.035754799842834473e+01
3.081291747093200684e+01
3.710078358650207520e+01
9.277179479598999023e+00
2.338513207435607910e+01
6.792569637298583984e+00
4.315934419631958008e+00
2.843382811546325684e+01
1.866909360885620117e+01
3.076467633247375488e+01
1.393672966957092285e+01
1.600442123413085938e+01
2.224864792823791504e+01
2.320468783378601074e+01
2.237380528450012207e+01
1.056972861289978027e+01
1.048321127891540527e+01
1.036165261268615723e+01
3.452689433097839355e+01
2.444336462020874023e+01
2.604667448997497559e+01
2.248774051666259766e+01
2.648839688301086426e+01
2.349706053733825684e+01
2.756093525886535645e+01
8.588949203491210938e+00
1.640384244918823242e+01
5.262652397155761719e+00
2.665686893463134766e+01
1.808470392227172852e+01
8.193281888961791992e+00
3.042928385734558105e+01
1.946553230285644531e+01
1.352643775939941406e+01
2.072748756408691406e+01
1.202305984497070312e+01
1.015458941459655762e+01
2.591287231445312500e+01
1.552726411819458008e+01
1.498541045188903809e+01
1.227174592018127441e+01
2.740326404571533203e+01
1.367154908180236816e+01
9.183403491973876953e+00
2.623010301589965820e+01
2.881677150726318359e+01
2.403917551040649414e+01
1.640943098068237305e+01
1.542100310325622559e+01
2.413782095909118652e+01
2.508144712448120117e+01
2.816396689414978027e+01
2.513535356521606445e+01
1.344888901710510254e+01
1.660055923461914062e+01
1.390307211875915527e+01
8.390849828720092773e+00
1.450331115722656250e+01
1.624064731597900391e+01
1.974872112274169922e+01
1.297847747802734375e+01
3.322378110885620117e+01
1.509779810905456543e+01
1.168876028060913086e+01
1.734903526306152344e+01
1.835114288330078125e+01
1.205531811714172363e+01
1.196315097808837891e+01
2.204831552505493164e+01
3.240800738334655762e+01
1.058438301086425781e+01
2.185826802253723145e+01
1.759508728981018066e+01
2.589656949043273926e+01
1.989882326126098633e+01
4.665841102600097656e+00
1.652383875846862793e+01
1.563364052772521973e+01
1.892120599746704102e+01
2.260062289237976074e+01
1.130247974395751953e+01
2.034086465835571289e+01
1.991969847679138184e+01
9.150502681732177734e+00
1.438584041595458984e+01
2.044030165672302246e+01
1.652281951904296875e+01
1.191538286209106445e+01
2.357255172729492188e+01
2.925078845024108887e+01
1.845316767692565918e+01
1.523159885406494141e+01
3.359578061103820801e+01
3.092776155471801758e+01
3.253872156143188477e+01
1.779436230659484863e+01
1.952955150604248047e+01
3.377793240547180176e+01
9.962157487869262695e+00
1.511696290969848633e+01
2.632887291908264160e+01
1.018909144401550293e+01
6.460673570632934570e+00
1.296728610992431641e+01
1.358777809143066406e+01
1.878677248954772949e+01
7.705665826797485352e+00
1.164994645118713379e+01
8.078599452972412109e+00
4.234443235397338867e+01
3.179455232620239258e+01
3.167441773414611816e+01
9.917396306991577148e+00
2.137281656265258789e+01
1.374415302276611328e+01
2.030758047103881836e+01
1.056763720512390137e+01
1.963040256500244141e+01
2.382781100273132324e+01
1.567469334602355957e+01
2.161674666404724121e+01
1.478158831596374512e+01
1.273411440849304199e+01
1.020049118995666504e+01
3.199071598052978516e+01
1.456557488441467285e+01
1.772781896591186523e+01
1.893428707122802734e+01
2.473458528518676758e+01
3.234682488441467285e+01
3.877316927909851074e+01
2.308086061477661133e+01
1.653140711784362793e+01
3.626441287994384766e+01
1.789282846450805664e+01
2.092772150039672852e+01
3.816204333305358887e+01
1.332206892967224121e+01
1.407599329948425293e+01
2.351529312133789062e+01
2.852905392646789551e+01
1.175030899047851562e+01
1.067063188552856445e+01
3.500771594047546387e+01
1.810960197448730469e+01
1.523692059516906738e+01
1.169949269294738770e+01
1.172407174110412598e+01
1.410870957374572754e+01
2.229927110671997070e+01
2.140217542648315430e+01
1.878784084320068359e+01
1.186558747291564941e+01
3.691353011131286621e+01
1.366056346893310547e+01
3.318250322341918945e+01
1.542939639091491699e+01
1.615439677238464355e+01
3.810049462318420410e+01
1.116884374618530273e+01
1.792056250572204590e+01
9.064753532409667969e+00
1.531766271591186523e+01
1.868335008621215820e+01
1.449021410942077637e+01
2.285033488273620605e+01
2.325025129318237305e+01
1.535539007186889648e+01
2.243280553817749023e+01
3.748702001571655273e+01
1.821691083908081055e+01
2.457339978218078613e+01
2.393315291404724121e+01
9.308747768402099609e+00
3.712358427047729492e+01
3.847060108184814453e+01
2.099409770965576172e+01
1.699687504768371582e+01
1.514246630668640137e+01
2.944122028350830078e+01
2.842538142204284668e+01
1.241821765899658203e+01
1.587454557418823242e+01
1.044402694702148438e+01
7.164296388626098633e+00
2.004966902732849121e+01
2.370612335205078125e+01
1.975514507293701172e+01
9.790475845336914062e+00
8.631042003631591797e+00
2.882768297195434570e+01
1.978287959098815918e+01
1.090321874618530273e+01
2.030872964859008789e+01
2.589458847045898438e+01
2.122364497184753418e+01
2.607895684242248535e+01
3.026530265808105469e+01
2.097143936157226562e+01
4.193404603004455566e+01
1.728176045417785645e+01
1.389688420295715332e+01
1.799895834922790527e+01
2.702307820320129395e+01
1.160504865646362305e+01
1.382981777191162109e+01
2.484906387329101562e+01
3.706543564796447754e+01
1.339438366889953613e+01
1.434150624275207520e+01
8.290997505187988281e+00
8.350327491760253906e+00
2.448780393600463867e+01
2.363305139541625977e+01
1.836796975135803223e+01
2.172723627090454102e+01
1.423408651351928711e+01
2.590235495567321777e+01
2.955489563941955566e+01
1.284159445762634277e+01
2.786555504798889160e+01
1.991999387741088867e+01
2.735497736930847168e+01
2.516578793525695801e+01
3.029347419738769531e+01
1.365097475051879883e+01
9.031969308853149414e+00
1.708802056312561035e+01
9.760187387466430664e+00
1.768349957466125488e+01
1.804640746116638184e+01
2.452292823791503906e+01
1.160623693466186523e+01
2.921512603759765625e+01
1.291521501541137695e+01
1.054155969619750977e+01
1.667469143867492676e+01
2.590419626235961914e+01
1.974939274787902832e+01
2.378308153152465820e+01
2.633336687088012695e+01
1.714916729927062988e+01
2.608213472366333008e+01
1.494909954071044922e+01
1.553484416007995605e+01
3.331063771247863770e+01
2.038722348213195801e+01
1.655120682716369629e+01
2.313117289543151855e+01
2.328854584693908691e+01
2.740397071838378906e+01
3.034088563919067383e+01
1.929690814018249512e+01
2.759265613555908203e+01
3.164438319206237793e+01
3.700751423835754395e+01
9.234637975692749023e+00
2.800817441940307617e+01
2.442249631881713867e+01
2.040174174308776855e+01
2.219192934036254883e+01
2.530419635772705078e+01
1.439705586433410645e+01
3.010176920890808105e+01
3.311871170997619629e+01
2.523288297653198242e+01
2.136032986640930176e+01
1.704629492759704590e+01
3.335446214675903320e+01
3.554319787025451660e+01
2.150859951972961426e+01
3.760695862770080566e+01
2.025199484825134277e+01
2.653548145294189453e+01
2.404798221588134766e+01
1.897549962997436523e+01
2.003906965255737305e+01
2.315797305107116699e+01
3.217601537704467773e+01
1.915314936637878418e+01
3.126117444038391113e+01
1.700549244880676270e+01
2.217335271835327148e+01
1.840921735763549805e+01
3.925928235054016113e+01
2.432130885124206543e+01
2.885080933570861816e+01
2.226823854446411133e+01
1.955098795890808105e+01
2.120465040206909180e+01
1.733662223815917969e+01
2.420567321777343750e+01
3.038580846786499023e+01
1.845493221282958984e+01
2.111353373527526855e+01
2.308333253860473633e+01
2.529044723510742188e+01
1.288721203804016113e+01
2.184087419509887695e+01
2.218692207336425781e+01
1.610460257530212402e+01
3.187973332405090332e+01
1.417712283134460449e+01
2.874951624870300293e+01
2.409294795989990234e+01
2.335169434547424316e+01
2.797877144813537598e+01
2.357993650436401367e+01
2.630287075042724609e+01
1.646321916580200195e+01
2.076981592178344727e+01
1.539260482788085938e+01
1.733606219291687012e+01
1.675377058982849121e+01
1.824901533126831055e+01
1.994105529785156250e+01
1.613761949539184570e+01
1.893793725967407227e+01
1.651137614250183105e+01
1.522145104408264160e+01
1.878738999366760254e+01
2.133949279785156250e+01
3.203617405891418457e+01
1.161937856674194336e+01
1.708912038803100586e+01
1.692762041091918945e+01
3.152191257476806641e+01
1.041634488105773926e+01
2.809316587448120117e+01
2.670696902275085449e+01
2.326924729347229004e+01
2.217227530479431152e+01
2.082433986663818359e+01
1.486550116539001465e+01
3.291285490989685059e+01
2.351934123039245605e+01
3.501680088043212891e+01
1.949492859840393066e+01
7.254955291748046875e+00
2.186078548431396484e+01
2.060333108901977539e+01
3.802891755104064941e+01
1.817071723937988281e+01
3.018875598907470703e+01
3.097982668876647949e+01
3.050337314605712891e+01
2.457216739654541016e+01
1.759177732467651367e+01
2.489101648330688477e+01
2.497374963760375977e+01
3.037284970283508301e+01
2.550186085700988770e+01
2.463367462158203125e+01
4.076459622383117676e+01
1.837126374244689941e+01
3.532318234443664551e+01
1.725112700462341309e+01
2.859315514564514160e+01
2.035101866722106934e+01
2.155891418457031250e+01
2.716828393936157227e+01
3.521012043952941895e+01
2.734611749649047852e+01
1.648978042602539062e+01
2.661887502670288086e+01
2.246648764610290527e+01
2.264838719367980957e+01
1.769091606140136719e+01
1.375682401657104492e+01
1.650349283218383789e+01
2.254516649246215820e+01
1.288616728782653809e+01
2.767160272598266602e+01
3.330058956146240234e+01
1.812303590774536133e+01
1.214838123321533203e+01
1.364855718612670898e+01
2.696058154106140137e+01
2.806927800178527832e+01
1.265526986122131348e+01
2.240465331077575684e+01
1.278839898109436035e+01
1.502715897560119629e+01
1.076694464683532715e+01
2.092815566062927246e+01
2.541015601158142090e+01
2.817202115058898926e+01
2.112560248374938965e+01
1.899652314186096191e+01
2.279340982437133789e+01
2.491061282157897949e+01
3.558848857879638672e+01
3.043107295036315918e+01
2.740381813049316406e+01
3.529809546470642090e+01
2.530080389976501465e+01
1.651180052757263184e+01
1.659485149383544922e+01
1.593016004562377930e+01
1.405301427841186523e+01
7.819239854812622070e+00
3.189949250221252441e+01
3.298716783523559570e+01
1.074341249465942383e+01
2.197822427749633789e+01
1.975863981246948242e+01
4.583299303054809570e+01
2.355210447311401367e+01
1.864356684684753418e+01
2.390859818458557129e+01
1.610756635665893555e+01
3.426397728919982910e+01
2.187955188751220703e+01
2.438055753707885742e+01
7.895473957061767578e+00
1.987587666511535645e+01
2.590500378608703613e+01
2.663161373138427734e+01
3.441070866584777832e+01
3.249291324615478516e+01
2.484468293190002441e+01
2.404915523529052734e+01
3.991779398918151855e+01
1.927409958839416504e+01
2.762184023857116699e+01
1.693344020843505859e+01
2.411115980148315430e+01
3.063832378387451172e+01
1.912522268295288086e+01
1.922793912887573242e+01
3.496815752983093262e+01
2.387413501739501953e+01
8.470321416854858398e+00
2.931305980682373047e+01
1.622646856307983398e+01
4.179522037506103516e+01
3.200659132003784180e+01
2.255645513534545898e+01
3.075346374511718750e+01
2.502908635139465332e+01
2.555787682533264160e+01
2.384523367881774902e+01
1.841716027259826660e+01
2.394269347190856934e+01
3.033428382873535156e+01
2.096383666992187500e+01
2.040816307067871094e+01
2.688704037666320801e+01
2.020986485481262207e+01
1.661014389991760254e+01
3.313753628730773926e+01
3.291334795951843262e+01
1.516279315948486328e+01
2.496799135208129883e+01
2.844849467277526855e+01
1.995632624626159668e+01
3.098448324203491211e+01
1.548824620246887207e+01
1.347342538833618164e+01
1.012078309059143066e+01
2.893894910812377930e+01
1.721873736381530762e+01
1.368482017517089844e+01
1.292463970184326172e+01
3.019391775131225586e+01
1.560644507408142090e+01
2.309023618698120117e+01
1.326187348365783691e+01
2.744318485260009766e+01
2.477178835868835449e+01
1.014405393600463867e+01
1.808320260047912598e+01
1.151474857330322266e+01
2.403200435638427734e+01
1.305047011375427246e+01
2.304116845130920410e+01
3.977036643028259277e+01
3.603304123878479004e+01
1.201490998268127441e+01
1.046326947212219238e+01
1.212199807167053223e+01
3.066107583045959473e+01
2.601262688636779785e+01
9.922454357147216797e+00
1.458629155158996582e+01
2.083962392807006836e+01
1.454260134696960449e+01
1.286260485649108887e+01
9.402216434478759766e+00
9.599478006362915039e+00
2.396428227424621582e+01
1.101843047142028809e+01
1.613766884803771973e+01
1.027646780014038086e+01
1.299928903579711914e+01
1.385018587112426758e+01
3.085891819000244141e+01
2.845142936706542969e+01
1.413792181015014648e+01
3.421763420104980469e+01
2.698791933059692383e+01
2.753464937210083008e+01
1.599801349639892578e+01
2.594192051887512207e+01
1.284200453758239746e+01
1.824508047103881836e+01
3.356566452980041504e+01
1.173212981224060059e+01
1.592932844161987305e+01
1.260697197914123535e+01
1.216153264045715332e+01
1.437828803062438965e+01
3.364667010307312012e+01
1.555018925666809082e+01
1.336227703094482422e+01
3.640954566001892090e+01
2.060304546356201172e+01
5.773065567016601562e+01
1.353212976455688477e+01
7.183756732940673828e+01
1.851395225524902344e+01
1.444862532615661621e+01
3.890525150299072266e+01
2.870545959472656250e+01
3.266575288772583008e+01
1.630250930786132812e+01
2.903840517997741699e+01
2.173089671134948730e+01
2.619509315490722656e+01
2.079945158958435059e+01
2.052614974975585938e+01
2.234301328659057617e+01
3.310392093658447266e+01
2.125454807281494141e+01
2.673318815231323242e+01
3.358866906166076660e+01
2.716104531288146973e+01
1.495886421203613281e+01
1.707840895652770996e+01
1.432629513740539551e+01
2.789970731735229492e+01
1.833795428276062012e+01
3.107412266731262207e+01
1.836253070831298828e+01
2.142512702941894531e+01
1.428656888008117676e+01
3.145510125160217285e+01
1.599139642715454102e+01
2.246283531188964844e+01
2.187751817703247070e+01
1.670063638687133789e+01
2.360679388046264648e+01
1.192806100845336914e+01
1.758731150627136230e+01
3.308934998512268066e+01
2.510135650634765625e+01
1.868481469154357910e+01
1.973052287101745605e+01
1.599768567085266113e+01
3.220271301269531250e+01
2.186273574829101562e+01
1.631418728828430176e+01
2.402939200401306152e+01
2.346043777465820312e+01
2.972219181060791016e+01
2.199861860275268555e+01
2.210032701492309570e+01
3.303173470497131348e+01
3.039516472816467285e+01
1.944032192230224609e+01
2.277915740013122559e+01
2.056080794334411621e+01
2.910124301910400391e+01
1.950660562515258789e+01
2.631854724884033203e+01
3.093233942985534668e+01
9.559211730957031250e+00
1.488073968887329102e+01
3.845558929443359375e+01
1.851593756675720215e+01
2.145010876655578613e+01
2.184139776229858398e+01
1.701354479789733887e+01
2.395503330230712891e+01
1.045295929908752441e+01
2.017677736282348633e+01
1.722351503372192383e+01
1.992265939712524414e+01
2.505336093902587891e+01
2.637304377555847168e+01
2.352717304229736328e+01
2.200622010231018066e+01
1.935643196105957031e+01
2.029776120185852051e+01
3.516713356971740723e+01
3.315428543090820312e+01
1.578083229064941406e+01
1.146678113937377930e+01
2.042517805099487305e+01
2.103701972961425781e+01
2.153541016578674316e+01
2.395159125328063965e+01
4.359758329391479492e+01
2.109163212776184082e+01
3.170036959648132324e+01
3.586290216445922852e+01
1.567857360839843750e+01
5.374072313308715820e+00
2.806901192665100098e+01
2.183005499839782715e+01
1.726491570472717285e+01
4.233463740348815918e+01
1.876396059989929199e+01
2.453545117378234863e+01
1.029056048393249512e+01
4.258755850791931152e+01
1.813602566719055176e+01
2.327645325660705566e+01
1.354871463775634766e+01
2.813202691078186035e+01
2.686321020126342773e+01
9.119831800460815430e+00
8.594121456146240234e+00
2.042745709419250488e+01
2.554316449165344238e+01
2.257529592514038086e+01
2.427131772041320801e+01
2.143633675575256348e+01
2.752158331871032715e+01
2.843588542938232422e+01
2.138988494873046875e+01
1.148469424247741699e+01
2.279982876777648926e+01
2.943345594406127930e+01
2.260626101493835449e+01
1.846292805671691895e+01
2.654852676391601562e+01
2.674679303169250488e+01
2.361530900001525879e+01
2.549387621879577637e+01
1.372859334945678711e+01
2.321536636352539062e+01
1.506418657302856445e+01
1.851894783973693848e+01
2.293868184089660645e+01
2.847761869430541992e+01
4.705764985084533691e+01
2.161965441703796387e+01
2.070805430412292480e+01
1.121791005134582520e+01
2.516782164573669434e+01
1.452512574195861816e+01
3.032995176315307617e+01
1.503675270080566406e+01
4.526357769966125488e+01
1.183215641975402832e+01
3.688296270370483398e+01
2.056172490119934082e+01
1.807800436019897461e+01
1.348691415786743164e+01
1.561212968826293945e+01
4.525317788124084473e+01
2.688702845573425293e+01
2.385058236122131348e+01
2.807445430755615234e+01
2.534151840209960938e+01
1.352260589599609375e+01
1.894265556335449219e+01
2.376193904876708984e+01
2.679935050010681152e+01
2.690517711639404297e+01
1.590429878234863281e+01
2.488960456848144531e+01
2.864906430244445801e+01
2.701824116706848145e+01
3.019014549255371094e+01
1.460353779792785645e+01
3.016285991668701172e+01
2.431392765045166016e+01
9.981125831604003906e+00
2.681767129898071289e+01
2.861099720001220703e+01
1.988689947128295898e+01
1.467328262329101562e+01
3.137735366821289062e+01
1.833097147941589355e+01
2.533190393447875977e+01
2.622917127609252930e+01
1.598532772064208984e+01
1.668186426162719727e+01
2.060052847862243652e+01
2.577218389511108398e+01
1.787041234970092773e+01
2.967356824874877930e+01
2.551811194419860840e+01
3.542133808135986328e+01
1.771927642822265625e+01
2.796498584747314453e+01
1.174415421485900879e+01
2.760318970680236816e+01
2.626018357276916504e+01
1.961879777908325195e+01
4.392308545112609863e+01
1.625330495834350586e+01
1.554672646522521973e+01
2.558939385414123535e+01
2.993773221969604492e+01
2.916355586051940918e+01
1.601206588745117188e+01
1.632585096359252930e+01
2.019383454322814941e+01
2.892970442771911621e+01
1.169104290008544922e+01
3.671751022338867188e+01
1.437084031105041504e+01
2.822745347023010254e+01
1.398197245597839355e+01
2.032428503036499023e+01
1.898572492599487305e+01
3.079465174674987793e+01
1.516649103164672852e+01
1.002905201911926270e+01
1.604499673843383789e+01
3.434564948081970215e+01
2.776526165008544922e+01
2.746954703330993652e+01
1.569200992584228516e+01
2.069172549247741699e+01
3.292958593368530273e+01
1.845816206932067871e+01
2.029538440704345703e+01
1.759046196937561035e+01
2.757303762435913086e+01
3.589389419555664062e+01
1.631674933433532715e+01
1.917824244499206543e+01
1.962509107589721680e+01
2.072847414016723633e+01
2.706390237808227539e+01
1.566249728202819824e+01
1.963211679458618164e+01
3.171888923645019531e+01
1.881915354728698730e+01
1.788381958007812500e+01
4.439579725265502930e+01
2.150953722000122070e+01
2.062375020980834961e+01
1.276932978630065918e+01
2.809602332115173340e+01
2.635572648048400879e+01
1.758079290390014648e+01
4.009881353378295898e+01
2.483035755157470703e+01
2.681356358528137207e+01
1.382102203369140625e+01
2.931120681762695312e+01
2.058223414421081543e+01
2.172159481048583984e+01
3.506469273567199707e+01
2.338103270530700684e+01
4.033448457717895508e+01
2.507289695739746094e+01
2.885712409019470215e+01
2.002588248252868652e+01
3.619869160652160645e+01
3.005174231529235840e+01
2.765271377563476562e+01
2.140785741806030273e+01
1.552459764480590820e+01
2.212478351593017578e+01
2.063755583763122559e+01
3.382063889503479004e+01
2.610426259040832520e+01
1.557260465621948242e+01
1.473975944519042969e+01
4.899217057228088379e+01
2.647649025917053223e+01
1.808699536323547363e+01
3.085396885871887207e+01
1.604720902442932129e+01
2.921333122253417969e+01
1.701090121269226074e+01
2.946695590019226074e+01
4.231167435646057129e+01
2.364999580383300781e+01
1.985469341278076172e+01
2.092522764205932617e+01
3.712037682533264160e+01
2.435064768791198730e+01
1.968701457977294922e+01
1.872343206405639648e+01
2.154091286659240723e+01
2.172588968276977539e+01
1.730523109436035156e+01
2.492876672744750977e+01
4.162911224365234375e+01
2.031119561195373535e+01
1.960587334632873535e+01
3.459117984771728516e+01
1.896807622909545898e+01
2.911402535438537598e+01
3.186987996101379395e+01
1.488746714591979980e+01
1.191432285308837891e+01
2.473108696937561035e+01
1.789130449295043945e+01
2.387058496475219727e+01
2.108671188354492188e+01
3.147609591484069824e+01
3.274416542053222656e+01
2.524230885505676270e+01
3.173657441139221191e+01
1.695889854431152344e+01
2.188599371910095215e+01
1.842599725723266602e+01
2.489262366294860840e+01
2.188798260688781738e+01
2.585486769676208496e+01
1.622247242927551270e+01
2.961270236968994141e+01
2.371172142028808594e+01
1.525104069709777832e+01
1.998043417930603027e+01
2.198058319091796875e+01
1.965624547004699707e+01
2.765106177330017090e+01
1.471335005760192871e+01
1.784050583839416504e+01
1.322389197349548340e+01
2.886483550071716309e+01
3.921631550788879395e+01
3.258445405960083008e+01
3.258806014060974121e+01
2.694446277618408203e+01
2.233271694183349609e+01
1.943808627128601074e+01
2.219830203056335449e+01
3.656563401222229004e+01
3.088251900672912598e+01
2.529893922805786133e+01
1.677468967437744141e+01
2.123552799224853516e+01
1.858695864677429199e+01
3.132998061180114746e+01
2.067123317718505859e+01
6.550770759582519531e+00
3.043342781066894531e+01
2.269737601280212402e+01
2.219099354743957520e+01
1.993128895759582520e+01
2.759185576438903809e+01
2.217916560173034668e+01
2.466587424278259277e+01
2.072293519973754883e+01
2.603269982337951660e+01
4.207829833030700684e+01
1.648656606674194336e+01
2.286002182960510254e+01
3.124003720283508301e+01
2.761691379547119141e+01
3.395770025253295898e+01
2.210813164710998535e+01
2.456172418594360352e+01
2.577425956726074219e+01
6.871928215026855469e+00
2.100993299484252930e+01
1.659894824028015137e+01
2.303118658065795898e+01
2.288173222541809082e+01
3.522260379791259766e+01
3.683448600769042969e+01
2.589457750320434570e+01
8.703243970870971680e+00
2.499869084358215332e+01
2.461199927330017090e+01
3.045527029037475586e+01
3.444659209251403809e+01
8.713140249252319336e+00
8.272824287414550781e+00
1.134477996826171875e+01
1.150779676437377930e+01
1.064661622047424316e+01
2.714786005020141602e+01
1.163477826118469238e+01
2.517854022979736328e+01
2.491977572441101074e+01
7.088621616363525391e+00
6.574275732040405273e+00
4.320097398757934570e+01
3.209241509437561035e+01
2.642961430549621582e+01
2.325250482559204102e+01
7.227965593338012695e+00
9.957316398620605469e+00
2.833509898185729980e+01
3.584954094886779785e+01
4.324456024169921875e+01
1.206910467147827148e+01
4.078952026367187500e+01
1.168850231170654297e+01
3.753652143478393555e+01
2.533968591690063477e+01
1.143275022506713867e+01
3.019363355636596680e+01
2.594818019866943359e+01
2.703271937370300293e+01
1.045697283744812012e+01
3.016624832153320312e+01
2.963267278671264648e+01
1.360636973381042480e+01
2.818802714347839355e+01
3.152943325042724609e+01
2.145961904525756836e+01
1.111389970779418945e+01
1.860640454292297363e+01
3.810889887809753418e+01
1.833086919784545898e+01
2.974329471588134766e+01
3.077205157279968262e+01
2.315648460388183594e+01
1.277296900749206543e+01
3.545006060600280762e+01
1.904594683647155762e+01
3.433926153182983398e+01
4.311615681648254395e+01
3.159967422485351562e+01
1.744629335403442383e+01
2.838641524314880371e+01
1.122426891326904297e+01
1.539783787727355957e+01
2.995456433296203613e+01
2.209608149528503418e+01
9.718737602233886719e+00
4.261046767234802246e+01
1.200101971626281738e+01
1.383139753341674805e+01
2.296847176551818848e+01
3.220825338363647461e+01
3.401564669609069824e+01
3.908742046356201172e+01
1.315094065666198730e+01
1.357306814193725586e+01
2.481974434852600098e+01
1.200508952140808105e+01
2.807543134689331055e+01
1.600294041633605957e+01
1.244360160827636719e+01
2.914809226989746094e+01
2.892870783805847168e+01
1.080016446113586426e+01
1.114561653137207031e+01
1.380053734779357910e+01
1.570546412467956543e+01
1.701268649101257324e+01
4.119564485549926758e+01
1.622412157058715820e+01
1.393300461769104004e+01
1.870041990280151367e+01
4.685263228416442871e+01
1.501817440986633301e+01
3.080333042144775391e+01
2.440006661415100098e+01
1.368515372276306152e+01
2.561076450347900391e+01
1.882904362678527832e+01
2.301592850685119629e+01
1.763755559921264648e+01
1.736558818817138672e+01
2.921168351173400879e+01
2.118932890892028809e+01
2.885374379158020020e+01
1.780378627777099609e+01
3.435493683815002441e+01
1.452820968627929688e+01
3.282397103309631348e+01
3.578445148468017578e+01
3.175525975227355957e+01
3.737190008163452148e+01
4.722815608978271484e+01
1.942626070976257324e+01
1.157351589202880859e+01
1.780904865264892578e+01
1.670326066017150879e+01
1.356414413452148438e+01
2.142230701446533203e+01
1.109624886512756348e+01
2.078288650512695312e+01
1.905930924415588379e+01
2.376180076599121094e+01
1.811332345008850098e+01
2.303101801872253418e+01
2.048846626281738281e+01
1.668875813484191895e+01
2.481470918655395508e+01
1.284118866920471191e+01
1.894423103332519531e+01
1.750978517532348633e+01
2.436722755432128906e+01
3.010365080833435059e+01
1.721637582778930664e+01
2.235178089141845703e+01
1.419150829315185547e+01
2.115296840667724609e+01
1.405881118774414062e+01
2.340468740463256836e+01
2.010993289947509766e+01
1.245454049110412598e+01
3.901584339141845703e+01
1.850694012641906738e+01
3.886409139633178711e+01
2.390586090087890625e+01
2.351917791366577148e+01
2.550862360000610352e+01
3.501438450813293457e+01
2.097813105583190918e+01
4.183610510826110840e+01
2.639717459678649902e+01
2.613863086700439453e+01
2.228144383430480957e+01
1.515582203865051270e+01
1.941603660583496094e+01
2.768885540962219238e+01
2.636116695404052734e+01
4.050911903381347656e+01
1.956307077407836914e+01
2.386232018470764160e+01
3.837601065635681152e+01
1.290731072425842285e+01
1.197465705871582031e+01
1.239356040954589844e+01
2.164807796478271484e+01
2.346738409996032715e+01
1.258450675010681152e+01
1.673230385780334473e+01
2.489972472190856934e+01
2.451053261756896973e+01
1.298583126068115234e+01
2.615702652931213379e+01
1.630829453468322754e+01
4.590722489356994629e+01
5.365806007385253906e+01
2.281442737579345703e+01
1.631012010574340820e+01
1.360542607307434082e+01
2.675531125068664551e+01
2.864803457260131836e+01
3.012268781661987305e+01
2.822888779640197754e+01
1.355020356178283691e+01
2.828033995628356934e+01
2.497637581825256348e+01
2.465091824531555176e+01
1.698936843872070312e+01
1.823229980468750000e+01
3.054161357879638672e+01
2.372536063194274902e+01
1.420279717445373535e+01
2.589028859138488770e+01
2.315924906730651855e+01
2.103197598457336426e+01
1.734909129142761230e+01
2.788294982910156250e+01
2.526976537704467773e+01
2.093583583831787109e+01
1.829098653793334961e+01
2.750805068016052246e+01
3.841067504882812500e+01
2.447257828712463379e+01
2.968855738639831543e+01
1.475173544883728027e+01
1.388296389579772949e+01
4.717304706573486328e+01
2.787843441963195801e+01
2.726599192619323730e+01
1.547744774818420410e+01
2.103747653961181641e+01
2.808211207389831543e+01
2.293192458152770996e+01
4.046337199211120605e+01
3.786500191688537598e+01
2.267638015747070312e+01
2.142827296257019043e+01
2.566476345062255859e+01
1.656393718719482422e+01
2.602157998085021973e+01
2.696462655067443848e+01
3.234921169281005859e+01
2.101703095436096191e+01
8.300656557083129883e+00
1.790897965431213379e+01
1.659882473945617676e+01
1.971454620361328125e+01
1.713112115859985352e+01
2.285126066207885742e+01
1.812341451644897461e+01
1.884393858909606934e+01
2.637804841995239258e+01
2.141594791412353516e+01
1.634076404571533203e+01
2.220001816749572754e+01
2.951217961311340332e+01
3.197425723075866699e+01
2.273724508285522461e+01
2.436474680900573730e+01
2.107335710525512695e+01
6.597198247909545898e+00
5.243766212463378906e+01
2.544830632209777832e+01
2.385691428184509277e+01
6.634248733520507812e+00
2.302047538757324219e+01
1.888692736625671387e+01
3.530239868164062500e+01
3.067250227928161621e+01
4.655321979522705078e+01
1.407559370994567871e+01
2.947967243194580078e+01
5.162595391273498535e+01
2.182365226745605469e+01
2.630484962463378906e+01
2.629378032684326172e+01
2.468860387802124023e+01
2.917004942893981934e+01
3.355895280838012695e+01
8.870157241821289062e+00
1.569964814186096191e+01
2.255254626274108887e+01
2.080202579498291016e+01
1.206362462043762207e+01
7.863075494766235352e+00
8.073546409606933594e+00
1.736777591705322266e+01
2.484664893150329590e+01
3.017785286903381348e+01
9.383671283721923828e+00
3.461970543861389160e+01
4.854864192008972168e+01
3.302186989784240723e+01
3.203622674942016602e+01
2.030400538444519043e+01
9.379622697830200195e+00
3.831422233581542969e+01
9.478039503097534180e+00
2.284979295730590820e+01
1.509416818618774414e+01
2.788085341453552246e+01
2.063145375251770020e+01
3.297564554214477539e+01
2.515192699432373047e+01
1.954047989845275879e+01
1.598516440391540527e+01
1.384079074859619141e+01
1.245059013366699219e+01
3.572487688064575195e+01
2.305788612365722656e+01
3.562025141716003418e+01
3.355960798263549805e+01
4.934319901466369629e+01
2.596812033653259277e+01
1.588357186317443848e+01
1.446760249137878418e+01
2.919455933570861816e+01
3.513980197906494141e+01
1.109727382659912109e+01
1.155748462677001953e+01
1.310041809082031250e+01
2.598795604705810547e+01
4.981603527069091797e+01
3.158501529693603516e+01
1.655966520309448242e+01
1.157274150848388672e+01
1.566518735885620117e+01
9.027462005615234375e+00
1.384069466590881348e+01
3.391508054733276367e+01
4.530872344970703125e+00
2.078240180015563965e+01
3.685776805877685547e+01
2.740008497238159180e+01
3.554197025299072266e+01
2.884363651275634766e+01
2.189909195899963379e+01
3.777472281455993652e+01
5.092204689979553223e+01
1.398434352874755859e+01
1.380307221412658691e+01
1.253590464591979980e+01
3.112963199615478516e+01
3.517258810997009277e+01
1.465498423576354980e+01
1.520162320137023926e+01
2.820258665084838867e+01
2.428055810928344727e+01
5.527975988388061523e+01
2.249470663070678711e+01
4.545611906051635742e+01
2.347454214096069336e+01
2.875090837478637695e+01
3.719260454177856445e+01
6.389333271980285645e+01
3.923947882652282715e+01
1.776315188407897949e+01
9.678802490234375000e+00
1.392777013778686523e+01
2.291327142715454102e+01
1.778976035118103027e+01
1.103864765167236328e+01
2.766383433341979980e+01
4.235080385208129883e+01
1.908752226829528809e+01
3.417819046974182129e+01
2.641566371917724609e+01
3.180717873573303223e+01
1.671977972984313965e+01
3.285625171661376953e+01
3.398225045204162598e+01
1.682832431793212891e+01
3.525827121734619141e+01
1.248468708992004395e+01
1.730486559867858887e+01
3.838613867759704590e+01
2.201538944244384766e+01
3.124365854263305664e+01
1.491116452217102051e+01
2.416382670402526855e+01
1.521040868759155273e+01
3.064935207366943359e+01
1.729491138458251953e+01
1.859324455261230469e+01
2.654562020301818848e+01
1.676201438903808594e+01
5.074513912200927734e+00
2.046167063713073730e+01
9.985700607299804688e+00
1.784074568748474121e+01
3.096862483024597168e+01
2.048308968544006348e+01
2.618067455291748047e+01
1.877981209754943848e+01
4.385703611373901367e+01
7.395927906036376953e+00
1.018693399429321289e+01
2.544586277008056641e+01
4.227188396453857422e+01
1.869577431678771973e+01
7.614444971084594727e+00
2.177531147003173828e+01
1.964097595214843750e+01
1.968914723396301270e+01
1.989918565750122070e+01
2.539842772483825684e+01
3.119021677970886230e+01
1.637692809104919434e+01
4.585047483444213867e+01
1.754800534248352051e+01
2.253870916366577148e+01
6.056141614913940430e+00
2.292940831184387207e+01
1.957060050964355469e+01
4.074310016632080078e+01
3.067745804786682129e+01
3.736673521995544434e+01
2.268580174446105957e+01
2.723021721839904785e+01
1.701706695556640625e+01
1.149164438247680664e+01
2.270304131507873535e+01
4.652710199356079102e+01
4.525657725334167480e+01
2.243163394927978516e+01
2.053041958808898926e+01
9.096673250198364258e+00
2.448416042327880859e+01
2.046930623054504395e+01
2.179747962951660156e+01
3.450252890586853027e+01
2.827300190925598145e+01
1.853473210334777832e+01
3.566380286216735840e+01
1.708440113067626953e+01
1.965632987022399902e+01
1.724940490722656250e+01
2.235766959190368652e+01
2.884210276603698730e+01
3.846530818939208984e+01
3.884497761726379395e+01
4.970400285720825195e+01
2.802137637138366699e+01
1.040735173225402832e+01
1.044175338745117188e+01
1.050700020790100098e+01
3.188001084327697754e+01
2.625395607948303223e+01
3.218871140480041504e+01
1.210143899917602539e+01
1.539137530326843262e+01
3.271825599670410156e+01
1.773138284683227539e+01
3.127527761459350586e+01
1.342693233489990234e+01
1.099486541748046875e+01
1.236402940750122070e+01
1.143626213073730469e+01
1.169117999076843262e+01
1.315095257759094238e+01
1.014420533180236816e+01
1.317756366729736328e+01
1.262518262863159180e+01
2.473749184608459473e+01
8.037054061889648438e+00
1.387329649925231934e+01
3.042998313903808594e+01
1.341490125656127930e+01
1.579501295089721680e+01
1.094917035102844238e+01
1.647855520248413086e+01
5.200327706336975098e+01
1.169836044311523438e+01
2.578796219825744629e+01
1.366530966758728027e+01
1.532418131828308105e+01
1.926685500144958496e+01
2.718819999694824219e+01
2.241862821578979492e+01
1.822026562690734863e+01
1.370226597785949707e+01
2.628981828689575195e+01
1.692664384841918945e+01
2.188026142120361328e+01
2.788187766075134277e+01
1.601799607276916504e+01
2.067026782035827637e+01
1.964731979370117188e+01
3.013714766502380371e+01
2.011866712570190430e+01
9.144667148590087891e+00
3.126248502731323242e+01
1.797381472587585449e+01
1.317359542846679688e+01
3.496479320526123047e+01
1.581808137893676758e+01
2.815319347381591797e+01
5.315447092056274414e+00
1.485544776916503906e+01
2.048554682731628418e+01
2.032812166213989258e+01
2.807055449485778809e+01
1.854693555831909180e+01
1.415897417068481445e+01
1.215542864799499512e+01
1.687952065467834473e+01
1.497076272964477539e+01
2.924065899848937988e+01
1.699816226959228516e+01
2.629476881027221680e+01
1.617841458320617676e+01
3.440110635757446289e+01
2.300338649749755859e+01
2.051734185218811035e+01
3.338334321975708008e+01
1.435475754737854004e+01
8.915584564208984375e+00
2.392605280876159668e+01
1.931183815002441406e+01
2.139900708198547363e+01
2.359640550613403320e+01
1.310706043243408203e+01
2.489201784133911133e+01
4.394100689888000488e+01
1.846262812614440918e+01
2.164409756660461426e+01
1.830207300186157227e+01
2.417736029624938965e+01
2.869439458847045898e+01
1.644752597808837891e+01
2.284483742713928223e+01
2.231768774986267090e+01
2.082036161422729492e+01
1.537870812416076660e+01
1.771430873870849609e+01
2.482636260986328125e+01
3.723500561714172363e+01
3.594962501525878906e+01
1.723754000663757324e+01
1.993929672241210938e+01
1.807452321052551270e+01
3.844677448272705078e+01
1.656200265884399414e+01
1.929979228973388672e+01
2.080409264564514160e+01
2.238435554504394531e+01
1.790807318687438965e+01
3.290463709831237793e+01
3.670793509483337402e+01
2.428774452209472656e+01
1.652086448669433594e+01
2.937002372741699219e+01
2.521464419364929199e+01
2.171236872673034668e+01
3.523326301574707031e+01
2.366296124458312988e+01
1.783199787139892578e+01
2.191014289855957031e+01
1.871551346778869629e+01
3.100070476531982422e+01
2.553517436981201172e+01
3.393596458435058594e+01
2.195864057540893555e+01
4.833130073547363281e+01
2.101486635208129883e+01
1.705850958824157715e+01
2.684461140632629395e+01
2.636806774139404297e+01
1.487966752052307129e+01
3.087342548370361328e+01
2.179361534118652344e+01
2.585265350341796875e+01
4.345077371597290039e+01
2.146678996086120605e+01
2.019264674186706543e+01
1.564953994750976562e+01
1.887091088294982910e+01
2.195777320861816406e+01
2.677640795707702637e+01
2.351138043403625488e+01
2.357543277740478516e+01
1.239659452438354492e+01
2.143308067321777344e+01
2.413055896759033203e+01
2.077204179763793945e+01
1.745444989204406738e+01
3.400282835960388184e+01
2.892979478836059570e+01
3.795797729492187500e+01
2.963722562789916992e+01
2.543493175506591797e+01
1.598171329498291016e+01
2.900299024581909180e+01
1.788683533668518066e+01
2.448100590705871582e+01
2.441917014122009277e+01
1.906937885284423828e+01
2.096762752532958984e+01
2.735680294036865234e+01
2.148601913452148438e+01
2.595494008064270020e+01
2.706995582580566406e+01
1.794202661514282227e+01
3.871456384658813477e+01
1.975041317939758301e+01
5.060168075561523438e+01
1.803375220298767090e+01
1.880876827239990234e+01
3.621177315711975098e+01
9.301395893096923828e+00
2.724226021766662598e+01
1.958242559432983398e+01
1.461055588722229004e+01
1.981082367897033691e+01
1.064125728607177734e+01
2.540779519081115723e+01
2.509386181831359863e+01
1.681092000007629395e+01
3.284867143630981445e+01
2.060495328903198242e+01
2.107673048973083496e+01
3.154837465286254883e+01
1.716179752349853516e+01
4.144497680664062500e+01
2.829580640792846680e+01
3.959886360168457031e+01
2.512425184249877930e+01
2.215452575683593750e+01
1.790697646141052246e+01
2.290788483619689941e+01
3.333964300155639648e+01
2.489339017868041992e+01
1.644252490997314453e+01
4.754192352294921875e+01
2.163616895675659180e+01
2.675846648216247559e+01
3.467182517051696777e+01
3.398371028900146484e+01
1.086425781250000000e+01
1.220735263824462891e+01
2.992184424400329590e+01
2.665395331382751465e+01
1.116455292701721191e+01
3.604748868942260742e+01
2.075395059585571289e+01
1.386081147193908691e+01
3.033963441848754883e+01
2.826549053192138672e+01
3.059496760368347168e+01
2.414130139350891113e+01
3.035839438438415527e+01
2.761142849922180176e+01
2.375138592720031738e+01
2.716905879974365234e+01
3.344938063621520996e+01
1.046538496017456055e+01
2.612889337539672852e+01
1.404314637184143066e+01
1.652079319953918457e+01
9.499689817428588867e+00
1.584256792068481445e+01
1.686814451217651367e+01
1.575676035881042480e+01
1.626728963851928711e+01
1.606195640563964844e+01
1.451083540916442871e+01
1.718712043762207031e+01
1.518698358535766602e+01
8.607042551040649414e+00
1.631210231781005859e+01
1.684860420227050781e+01
2.893595004081726074e+01
2.670605230331420898e+01
8.944547891616821289e+00
1.545006656646728516e+01
1.392126083374023438e+01
1.879083228111267090e+01
3.022307968139648438e+01
2.997591042518615723e+01
2.255606484413146973e+01
4.282215356826782227e+00
1.934275341033935547e+01
2.027538990974426270e+01
1.943452572822570801e+01
2.030560541152954102e+01
1.807326221466064453e+01
2.208716535568237305e+01
3.503425407409667969e+01
5.124861311912536621e+01
1.954154253005981445e+01
9.331327676773071289e+00
1.633600783348083496e+01
2.072112560272216797e+01
2.336293172836303711e+01
2.050546908378601074e+01
2.232036161422729492e+01
2.058997011184692383e+01
3.279850053787231445e+01
1.423376488685607910e+01
1.981380915641784668e+01
1.465088677406311035e+01
1.234616708755493164e+01
1.950065207481384277e+01
1.993261241912841797e+01
1.059426283836364746e+01
1.815827083587646484e+01
2.192030000686645508e+01
2.218132352828979492e+01
1.799949932098388672e+01
2.204003548622131348e+01
3.472534203529357910e+01
2.276893568038940430e+01
1.869056391716003418e+01
1.135426235198974609e+01
2.535730552673339844e+01
2.331782746315002441e+01
1.377775382995605469e+01
2.884632563591003418e+01
1.104435276985168457e+01
1.990520787239074707e+01
2.382185339927673340e+01
1.795505404472351074e+01
1.517068314552307129e+01
1.669630217552185059e+01
1.778383660316467285e+01
4.216939592361450195e+01
2.687254714965820312e+01
9.221911668777465820e+00
2.795296764373779297e+01
3.700131320953369141e+01
2.498717117309570312e+01
1.656015586853027344e+01
1.893173813819885254e+01
1.769269227981567383e+01
2.071858072280883789e+01
1.833818840980529785e+01
4.611311626434326172e+01
2.841930580139160156e+01
1.158785104751586914e+01
1.907136678695678711e+01
2.691972231864929199e+01
2.696221566200256348e+01
2.632952046394348145e+01
1.933403563499450684e+01
1.478886270523071289e+01
1.378188896179199219e+01
1.838027405738830566e+01
3.864138460159301758e+01
1.935862183570861816e+01
4.745556640625000000e+01
2.007192826271057129e+01
8.693412780761718750e+00
3.045945358276367188e+01
2.897275161743164062e+01
2.352416253089904785e+01
2.850696086883544922e+01
2.760010933876037598e+01
9.523807048797607422e+00
2.088171815872192383e+01
1.034551930427551270e+01
1.749677896499633789e+01
2.138669204711914062e+01
1.729851675033569336e+01
1.773248839378356934e+01
1.041642069816589355e+01
1.483046650886535645e+01
9.791094064712524414e+00
1.485769486427307129e+01
2.217664551734924316e+01
6.241046905517578125e+00
3.147399926185607910e+01
2.275735425949096680e+01
2.423212599754333496e+01
1.889326095581054688e+01
3.058467102050781250e+01
2.769762563705444336e+01
2.222394466400146484e+01
2.250453257560729980e+01
2.322240018844604492e+01
3.208903646469116211e+01
2.119013333320617676e+01
9.349079608917236328e+00
2.711044692993164062e+01
2.146257662773132324e+01
2.052314305305480957e+01
1.615969944000244141e+01
1.133131051063537598e+01
1.810507750511169434e+01
9.301023721694946289e+00
2.826730298995971680e+01
1.183235931396484375e+01
3.342082214355468750e+01
2.727275323867797852e+01
2.442717313766479492e+01
3.163418149948120117e+01
1.910282373428344727e+01
3.141535019874572754e+01
2.317899918556213379e+01
1.396204423904418945e+01
3.139108324050903320e+01
1.656664276123046875e+01
3.420047616958618164e+01
2.343782854080200195e+01
2.080085802078247070e+01
7.070065259933471680e+00
2.166408967971801758e+01
3.460113263130187988e+01
3.205164909362792969e+01
1.285055923461914062e+01
8.656628847122192383e+00
2.556008815765380859e+01
1.489541339874267578e+01
2.245317697525024414e+01
9.524127721786499023e+00
8.929155111312866211e+00
1.561919260025024414e+01
2.352606821060180664e+01
8.484722137451171875e+00
2.028677296638488770e+01
9.087196826934814453e+00
2.712549877166748047e+01
2.798722696304321289e+01
2.609164834022521973e+01
2.883165049552917480e+01
1.703656578063964844e+01
1.348765587806701660e+01
2.001096773147583008e+01
1.053287935256958008e+01
9.364092350006103516e+00
1.287085461616516113e+01
2.545039820671081543e+01
2.226852488517761230e+01
1.786403846740722656e+01
2.522090935707092285e+01
2.977606439590454102e+01
2.978848814964294434e+01
2.147895717620849609e+01
2.905264115333557129e+01
1.400626897811889648e+01
1.352102375030517578e+01
1.504410719871520996e+01
1.853589272499084473e+01
1.908825278282165527e+01
3.162687253952026367e+01
1.423845529556274414e+01
2.010287499427795410e+01
1.620341777801513672e+01
1.603485870361328125e+01
6.345543861389160156e+00
5.438209533691406250e+00
2.039309382438659668e+01
1.416805148124694824e+01
1.488850212097167969e+01
8.656464576721191406e+00
2.818916797637939453e+01
3.638657736778259277e+01
1.970634531974792480e+01
1.059466171264648438e+01
1.026795268058776855e+01
3.864181995391845703e+01
1.370274686813354492e+01
1.592668080329895020e+01
2.842248606681823730e+01
2.142830014228820801e+01
2.535160756111145020e+01
1.765584659576416016e+01
1.792999172210693359e+01
2.182910871505737305e+01
3.651170849800109863e+01
1.636340570449829102e+01
1.768396496772766113e+01
2.013867855072021484e+01
1.959594726562500000e+01
1.775732755661010742e+01
2.117758703231811523e+01
1.214914393424987793e+01
1.860052657127380371e+01
9.477729320526123047e+00
2.821881198883056641e+01
2.041702079772949219e+01
1.775219774246215820e+01
1.823192334175109863e+01
2.094962501525878906e+01
2.283065772056579590e+01
3.607890772819519043e+01
2.283932280540466309e+01
2.303430247306823730e+01
2.001426529884338379e+01
1.905422878265380859e+01
1.635065126419067383e+01
3.656056880950927734e+01
1.931868553161621094e+01
1.515411543846130371e+01
1.910873436927795410e+01
2.171771430969238281e+01
1.232049465179443359e+01
2.167832279205322266e+01
1.831310176849365234e+01
2.795664024353027344e+01
2.272956204414367676e+01
2.233138227462768555e+01
2.724281311035156250e+01
1.637511038780212402e+01
2.380877447128295898e+01
1.153878545761108398e+01
1.989430475234985352e+01
2.079852151870727539e+01
1.881147742271423340e+01
3.004720759391784668e+01
3.319897842407226562e+01
1.989109516143798828e+01
1.333258438110351562e+01
1.731379961967468262e+01
2.446660184860229492e+01
1.752959012985229492e+01
2.476071071624755859e+01
2.257258462905883789e+01
2.736473107337951660e+01
2.040757131576538086e+01
1.737561154365539551e+01
2.864710974693298340e+01
2.677333354949951172e+01
1.936537432670593262e+01
2.500558137893676758e+01
2.855786418914794922e+01
2.968070793151855469e+01
1.840794992446899414e+01
2.271295404434204102e+01
1.804306840896606445e+01
2.436642456054687500e+01
2.841125941276550293e+01
1.999046444892883301e+01
1.950654983520507812e+01
2.546987628936767578e+01
2.647847318649291992e+01
2.534080195426940918e+01
5.020756387710571289e+01
2.334305667877197266e+01
2.764970803260803223e+01
1.527820301055908203e+01
1.919291758537292480e+01
2.602733039855957031e+01
2.161732268333435059e+01
2.523958349227905273e+01
3.122878599166870117e+01
2.059329605102539062e+01
2.092920851707458496e+01
1.899899935722351074e+01
3.526957464218139648e+01
2.876688289642333984e+01
2.090055632591247559e+01
3.294644451141357422e+01
3.215189123153686523e+01
1.931732559204101562e+01
2.388384699821472168e+01
1.226242518424987793e+01
2.357322573661804199e+01
9.792709589004516602e+00
2.552430748939514160e+01
1.995044946670532227e+01
2.924702596664428711e+01
2.776583099365234375e+01
2.322043991088867188e+01
1.425488710403442383e+01
2.620882487297058105e+01
3.172550821304321289e+01
2.225756359100341797e+01
3.143684363365173340e+01
2.210874629020690918e+01
2.164768838882446289e+01
1.233715415000915527e+01
2.172929358482360840e+01
2.029193377494812012e+01
2.075073194503784180e+01
1.153481888771057129e+01
2.880860757827758789e+01
2.565363287925720215e+01
1.301616644859313965e+01
8.278456449508666992e+00
7.972905158996582031e+00
2.347400355339050293e+01
3.498521256446838379e+01
2.441848373413085938e+01
2.918472552299499512e+01
2.613878726959228516e+01
3.945666623115539551e+01
4.622896099090576172e+01
2.590271425247192383e+01
3.567083072662353516e+01
1.252842402458190918e+01
2.850514149665832520e+01
2.734989643096923828e+01
1.793347454071044922e+01
5.340755558013916016e+01
2.643010997772216797e+01
2.735524296760559082e+01
9.032075881958007812e+00
1.557543277740478516e+01
1.704610228538513184e+01
1.710317087173461914e+01
7.520873546600341797e+00
1.855826854705810547e+01
2.937649536132812500e+01
2.546605634689331055e+01
1.879989171028137207e+01
1.948304152488708496e+01
2.924946904182434082e+01
1.720900607109069824e+01
8.557938814163208008e+00
1.072021150588989258e+01
1.650253295898437500e+01
1.270066761970520020e+01
3.192625260353088379e+01
1.374537181854248047e+01
1.440275645256042480e+01
1.631349396705627441e+01
1.442840743064880371e+01
7.189203500747680664e+00
3.449417376518249512e+01
2.079852747917175293e+01
1.454014968872070312e+01
1.245865774154663086e+01
9.879949569702148438e+00
2.108554816246032715e+01
1.580784463882446289e+01
1.131480288505554199e+01
1.222806215286254883e+01
6.659653902053833008e+00
3.667248082160949707e+01
1.698436832427978516e+01
2.441157674789428711e+01
1.143442368507385254e+01
1.172807073593139648e+01
1.671753644943237305e+01
2.006710982322692871e+01
1.870485472679138184e+01
1.802381229400634766e+01
2.581159114837646484e+01
1.911666226387023926e+01
1.938017940521240234e+01
1.783773040771484375e+01
1.587239861488342285e+01
1.743065690994262695e+01
1.899140954017639160e+01
4.160613083839416504e+01
2.326398754119873047e+01
2.119250440597534180e+01
1.475066995620727539e+01
1.684946584701538086e+01
1.283097004890441895e+01
2.183717012405395508e+01
2.897193217277526855e+01
2.288946795463562012e+01
1.919128751754760742e+01
1.851726031303405762e+01
2.077372312545776367e+01
2.298985624313354492e+01
1.987223362922668457e+01
8.611395359039306641e+00
1.645113301277160645e+01
3.901412343978881836e+01
2.253249096870422363e+01
2.577968335151672363e+01
1.460556840896606445e+01
1.592884349822998047e+01
1.571418213844299316e+01
2.297868371009826660e+01
2.059870123863220215e+01
2.046445822715759277e+01
1.505265307426452637e+01
1.308483457565307617e+01
1.315872120857238770e+01
3.191276693344116211e+01
1.968126940727233887e+01
1.464128518104553223e+01
3.350141119956970215e+01
2.490050482749938965e+01
2.465955090522766113e+01
2.752433681488037109e+01
1.734018301963806152e+01
3.415653610229492188e+01
1.090022635459899902e+01
2.140905356407165527e+01
1.352424836158752441e+01
1.148760485649108887e+01
2.361197304725646973e+01
4.453638362884521484e+01
4.330421209335327148e+01
2.216195583343505859e+01
1.248247718811035156e+01
3.599092888832092285e+01
2.542647552490234375e+01
1.280106973648071289e+01
1.317655539512634277e+01
2.928455233573913574e+01
1.390815830230712891e+01
2.068432688713073730e+01
2.629646754264831543e+01
1.438876295089721680e+01
1.543446993827819824e+01
2.558873891830444336e+01
2.664243650436401367e+01
1.186247825622558594e+01
1.264277410507202148e+01
1.134954667091369629e+01
9.135005712509155273e+00
1.693928146362304688e+01
2.745680570602416992e+01
1.255957150459289551e+01
2.210494995117187500e+01
9.544604301452636719e+00
1.748861050605773926e+01
1.328992223739624023e+01
2.546749162673950195e+01
2.251844620704650879e+01
1.941992664337158203e+01
1.835909557342529297e+01
1.174606513977050781e+01
1.912672519683837891e+01
2.117138791084289551e+01
2.009006714820861816e+01
3.671483349800109863e+01
1.659357738494873047e+01
2.296971201896667480e+01
4.553496837615966797e+01
3.625176215171813965e+01
2.097306227684020996e+01
2.037823104858398438e+01
3.496004986763000488e+01
1.977997374534606934e+01
1.870976996421813965e+01
3.431195664405822754e+01
2.379571390151977539e+01
1.274694132804870605e+01
8.968848466873168945e+00
1.783661603927612305e+01
3.300842833518981934e+01
2.621181797981262207e+01
2.256199312210083008e+01
3.475339126586914062e+01
2.243519687652587891e+01
1.571547722816467285e+01
1.765677666664123535e+01
2.601659631729125977e+01
2.381818723678588867e+01
2.027969956398010254e+01
1.364629459381103516e+01
2.057843923568725586e+01
1.538351869583129883e+01
2.669444537162780762e+01
1.469352126121520996e+01
2.299469375610351562e+01
1.234589314460754395e+01
1.022690105438232422e+01
2.872969889640808105e+01
3.732691645622253418e+01
1.990516471862792969e+01
2.657952666282653809e+01
3.747398781776428223e+01
3.381020855903625488e+01
2.697849678993225098e+01
2.016132855415344238e+01
1.612821483612060547e+01
2.617931151390075684e+01
1.709874629974365234e+01
2.730790591239929199e+01
1.563735342025756836e+01
3.194221687316894531e+01
2.431150293350219727e+01
2.308762598037719727e+01
2.726705670356750488e+01
2.717646408081054688e+01
2.177958250045776367e+01
3.826298713684082031e+01
2.135794115066528320e+01
3.301812839508056641e+01
2.774819326400756836e+01
3.377800130844116211e+01
2.688663673400878906e+01
2.636398577690124512e+01
1.365749406814575195e+01
2.320037341117858887e+01
1.387868857383728027e+01
3.304822492599487305e+01
2.677060651779174805e+01
2.484075736999511719e+01
2.645431590080261230e+01
1.746329331398010254e+01
3.448466849327087402e+01
3.221968436241149902e+01
2.998454427719116211e+01
1.615194034576416016e+01
2.713679790496826172e+01
1.652763104438781738e+01
2.672227883338928223e+01
1.331036448478698730e+01
2.710769748687744141e+01
1.868344283103942871e+01
2.361567425727844238e+01
1.296062588691711426e+01
1.634162950515747070e+01
2.951865959167480469e+01
1.694193959236145020e+01
2.036617493629455566e+01
3.415125799179077148e+01
2.363626217842102051e+01
1.835596227645874023e+01
4.358817505836486816e+01
3.698808383941650391e+01
2.458433437347412109e+01
1.371177864074707031e+01
2.143770718574523926e+01
1.750409388542175293e+01
1.649463891983032227e+01
2.867450666427612305e+01
2.650223064422607422e+01
1.766973710060119629e+01
2.926836013793945312e+01
2.886843395233154297e+01
1.705638051033020020e+01
3.152967143058776855e+01
1.862913894653320312e+01
4.296784949302673340e+01
3.199731516838073730e+01
1.869129705429077148e+01
2.210232567787170410e+01
3.165046620368957520e+01
2.706214070320129395e+01
1.910514283180236816e+01
3.213568735122680664e+01
2.016175723075866699e+01
2.203061604499816895e+01
1.703177881240844727e+01
3.403362417221069336e+01
5.271587347984313965e+01
2.042103171348571777e+01
3.106597638130187988e+01
2.218710708618164062e+01
3.678701043128967285e+01
2.353149104118347168e+01
2.327868103981018066e+01
2.479459428787231445e+01
3.704930520057678223e+01
2.779610824584960938e+01
1.562789034843444824e+01
6.161824464797973633e+00
3.473549222946166992e+01
2.227235531806945801e+01
1.566055655479431152e+01
7.625473976135253906e+00
9.345011949539184570e+00
2.755294132232666016e+01
1.088793420791625977e+01
1.265306329727172852e+01
6.435661792755126953e+00
3.088100790977478027e+01
3.610074663162231445e+01
1.579501676559448242e+01
1.762814044952392578e+01
1.080156588554382324e+01
1.821790719032287598e+01
6.510999679565429688e+00
2.801328396797180176e+01
9.866064548492431641e+00
1.611771702766418457e+01
3.188712430000305176e+01
1.959515261650085449e+01
2.159296417236328125e+01
2.289698743820190430e+01
2.429150295257568359e+01
1.978379297256469727e+01
1.209533381462097168e+01
4.262781190872192383e+01
2.714443445205688477e+01
2.623022913932800293e+01
6.815236091613769531e+00
2.268701672554016113e+01
2.766825437545776367e+01
1.358839082717895508e+01
2.746345472335815430e+01
2.873209452629089355e+01
1.112375640869140625e+01
2.900959277153015137e+01
2.452949261665344238e+01
2.111452341079711914e+01
2.532681179046630859e+01
1.138506817817687988e+01
1.315602731704711914e+01
1.403054571151733398e+01
5.071726942062377930e+01
1.350878214836120605e+01
4.900397109985351562e+01
3.675816249847412109e+01
1.687762904167175293e+01
8.950346469879150391e+00
3.133972072601318359e+01
1.211680436134338379e+01
2.907778811454772949e+01
1.898721718788146973e+01
3.804579162597656250e+01
1.458912611007690430e+01
1.010649418830871582e+01
3.738318467140197754e+01
1.823289442062377930e+01
2.160683703422546387e+01
2.784512162208557129e+01
6.284847497940063477e+00
1.159510087966918945e+01
1.453512525558471680e+01
2.176778650283813477e+01
3.711628437042236328e+00
1.483827757835388184e+01
1.698393988609313965e+01
1.371393299102783203e+01
1.310897564888000488e+01
1.722929096221923828e+01
1.361829686164855957e+01
8.843425750732421875e+00
1.766022181510925293e+01
1.626507973670959473e+01
2.145222091674804688e+01
2.179657196998596191e+01
1.959246993064880371e+01
2.680967998504638672e+01
2.575533652305603027e+01
1.970578742027282715e+01
1.467933559417724609e+01
1.375075173377990723e+01
1.756492447853088379e+01
8.270963430404663086e+00
2.262060832977294922e+01
2.799818730354309082e+01
2.886894845962524414e+01
1.695986509323120117e+01
1.417551445960998535e+01
3.046487665176391602e+01
1.259509325027465820e+01
2.091575241088867188e+01
1.404721260070800781e+01
1.793070292472839355e+01
1.351763558387756348e+01
2.050067210197448730e+01
1.220440888404846191e+01
1.447626161575317383e+01
1.639613413810729980e+01
1.264973115921020508e+01
2.348165464401245117e+01
1.593111634254455566e+01
1.193728160858154297e+01
2.701944875717163086e+01
2.113871574401855469e+01
2.802050304412841797e+01
1.065774130821228027e+01
2.012514495849609375e+01
1.961484599113464355e+01
2.197958421707153320e+01
2.199546980857849121e+01
2.248224067687988281e+01
9.727411508560180664e+00
1.109619450569152832e+01
1.712971568107604980e+01
3.282540559768676758e+01
2.337881350517272949e+01
2.101102852821350098e+01
2.924810099601745605e+01
3.202623271942138672e+01
1.429377222061157227e+01
3.683773517608642578e+01
2.823814678192138672e+01
3.202043604850769043e+01
1.791084432601928711e+01
4.130786347389221191e+01
3.136107826232910156e+01
9.693058967590332031e+00
1.909265255928039551e+01
1.661526489257812500e+01
1.361582016944885254e+01
2.497501564025878906e+01
3.668967485427856445e+01
2.577404427528381348e+01
1.881592965126037598e+01
1.644362688064575195e+01
2.456762504577636719e+01
3.019473361968994141e+01
2.663258099555969238e+01
1.975682210922241211e+01
2.348112678527832031e+01
2.851878023147583008e+01
1.744593739509582520e+01
4.114047336578369141e+01
2.512156367301940918e+01
1.581924581527709961e+01
1.726913642883300781e+01
4.449583530426025391e+00
2.000576901435852051e+01
1.854263591766357422e+01
1.383987641334533691e+01
2.319355440139770508e+01
1.522766685485839844e+01
3.397504353523254395e+01
2.558481860160827637e+01
1.673353290557861328e+01
4.197803711891174316e+01
2.961204433441162109e+01
3.647423815727233887e+01
1.614417171478271484e+01
2.099950766563415527e+01
1.855768942832946777e+01
1.796113920211791992e+01
9.921814680099487305e+00
2.137331986427307129e+01
2.623823308944702148e+01
2.151866650581359863e+01
8.598614931106567383e+00
2.855509972572326660e+01
2.653725147247314453e+01
2.511008882522583008e+01
2.361920452117919922e+01
1.769454455375671387e+01
1.739052391052246094e+01
9.652699708938598633e+00
2.688306784629821777e+01
3.315895867347717285e+01
2.593211197853088379e+01
3.508829712867736816e+01
2.702382349967956543e+01
1.771071767807006836e+01
1.622990465164184570e+01
1.761983299255371094e+01
1.387389063835144043e+01
8.012370586395263672e+00
8.689812421798706055e+00
3.746930599212646484e+01
2.772592520713806152e+01
2.451184892654418945e+01
1.280809903144836426e+01
1.561998510360717773e+01
2.842607021331787109e+01
1.620970368385314941e+01
1.216162514686584473e+01
1.634384751319885254e+01
2.199702787399291992e+01
1.458891296386718750e+01
1.234625792503356934e+01
1.426043462753295898e+01
1.128273677825927734e+01
9.824371337890625000e+00
1.377441954612731934e+01
1.846831655502319336e+01
1.718527603149414062e+01
1.039074301719665527e+01
1.384321117401123047e+01
1.572205758094787598e+01
1.382410097122192383e+01
3.262774896621704102e+01
1.860411596298217773e+01
2.066611552238464355e+01
1.141745924949645996e+01
1.205960512161254883e+01
1.800352501869201660e+01
1.564978766441345215e+01
8.069212198257446289e+00
1.712875318527221680e+01
8.451191663742065430e+00
3.425924062728881836e+01
1.353442406654357910e+01
2.199425673484802246e+01
1.888063287734985352e+01
2.345239400863647461e+01
1.529483771324157715e+01
1.675003361701965332e+01
1.867768287658691406e+01
1.729745554924011230e+01
1.520998501777648926e+01
2.333714246749877930e+01
1.937863397598266602e+01
1.369990134239196777e+01
1.080442786216735840e+01
2.508571243286132812e+01
2.537534236907958984e+01
3.953387808799743652e+01
3.337419891357421875e+01
1.188569188117980957e+01
1.663172674179077148e+01
3.767194962501525879e+01
3.810099315643310547e+01
1.937907600402832031e+01
1.350712919235229492e+01
2.336714172363281250e+01
2.497088193893432617e+01
1.927733445167541504e+01
1.663115763664245605e+01
1.552933216094970703e+01
4.132472801208496094e+01
9.136631250381469727e+00
1.047339439392089844e+01
2.576398801803588867e+01
2.763629126548767090e+01
1.237947416305541992e+01
1.980446743965148926e+01
1.338077735900878906e+01
1.976919317245483398e+01
1.501146817207336426e+01
1.076966309547424316e+01
1.361365246772766113e+01
1.314214205741882324e+01
1.303568267822265625e+01
3.047284913063049316e+01
2.753614449501037598e+01
1.300581693649291992e+01
2.287958741188049316e+01
7.822326183319091797e+00
1.022691655158996582e+01
2.835383367538452148e+01
1.691252303123474121e+01
2.849092721939086914e+01
1.549749946594238281e+01
1.596011757850646973e+01
4.282932066917419434e+01
8.055601119995117188e+00
3.327761983871459961e+01
8.342792272567749023e+00
1.561438655853271484e+01
1.233809733390808105e+01
1.706055927276611328e+01
2.197802758216857910e+01
3.005632686614990234e+01
1.199286103248596191e+01
8.058913230895996094e+00
2.943146967887878418e+01
1.736670327186584473e+01
1.387440347671508789e+01
2.170041298866271973e+01
1.094551825523376465e+01
2.691106271743774414e+01
1.817313766479492188e+01
4.680723905563354492e+00
1.630738711357116699e+01
2.747807645797729492e+01
1.770217394828796387e+01
1.159641218185424805e+01
2.053898000717163086e+01
1.594418859481811523e+01
2.328520941734313965e+01
9.720732450485229492e+00
1.098141765594482422e+01
1.955328679084777832e+01
2.048828387260437012e+01
2.180263829231262207e+01
2.683505177497863770e+01
1.841756629943847656e+01
3.171203398704528809e+01
2.487716078758239746e+01
2.113974881172180176e+01
2.616392755508422852e+01
2.522947978973388672e+01
9.524281501770019531e+00
2.860415124893188477e+01
1.169651103019714355e+01
1.973985695838928223e+01
1.295403027534484863e+01
1.847060537338256836e+01
2.333649730682373047e+01
1.921944379806518555e+01
1.284666228294372559e+01
2.992856431007385254e+01
1.802731370925903320e+01
2.304487419128417969e+01
5.045105361938476562e+01
3.164279270172119141e+01
4.149955320358276367e+01
2.193703818321228027e+01
1.852482080459594727e+01
2.440484929084777832e+01
8.657289505004882812e+00
2.712510228157043457e+01
2.968362784385681152e+01
2.904483914375305176e+01
2.444849228858947754e+01
