9.228002071380615234e+00
1.378022813796997070e+01
1.872268676757812500e+01
1.391591739654541016e+01
1.537120437622070312e+01
9.424044370651245117e+00
1.375174283981323242e+01
1.783087110519409180e+01
1.259701299667358398e+01
1.282108259201049805e+01
7.122052907943725586e+00
5.040825605392456055e+00
1.234817743301391602e+01
2.446106386184692383e+01
4.061934232711791992e+00
1.134641122817993164e+01
9.757604598999023438e+00
8.696931600570678711e+00
2.083817911148071289e+01
1.144766473770141602e+01
2.139546251296997070e+01
2.086291170120239258e+01
1.635189557075500488e+01
1.346268939971923828e+01
2.143062043190002441e+01
1.524671769142150879e+01
2.130119180679321289e+01
2.068565821647644043e+01
2.088163828849792480e+01
9.224930763244628906e+00
2.447649645805358887e+01
1.965452790260314941e+01
2.582757592201232910e+01
1.905734038352966309e+01
1.979238867759704590e+01
2.019479107856750488e+01
2.277393746376037598e+01
1.082256507873535156e+01
2.135190224647521973e+01
2.043696379661560059e+01
2.757273197174072266e+01
2.021790862083435059e+01
2.953622913360595703e+01
2.558831548690795898e+01
9.896487236022949219e+00
2.051518273353576660e+01
2.324850797653198242e+01
2.048965811729431152e+01
1.996858596801757812e+01
2.707353329658508301e+01
2.762625026702880859e+01
5.065428495407104492e+00
1.485164070129394531e+01
1.331290817260742188e+01
1.641279149055480957e+01
2.328472781181335449e+01
4.124671936035156250e+01
1.270993328094482422e+01
2.228082370758056641e+01
9.033867835998535156e+00
2.968310570716857910e+01
9.453405857086181641e+00
3.449888062477111816e+01
2.435975718498229980e+01
2.948491692543029785e+01
9.128587007522583008e+00
3.009743237495422363e+01
2.409253430366516113e+01
2.308818054199218750e+01
2.443370866775512695e+01
1.290735769271850586e+01
1.598448371887207031e+01
7.098063945770263672e+00
1.137796211242675781e+01
2.629541158676147461e+01
9.321775674819946289e+00
3.651020169258117676e+01
2.207651185989379883e+01
1.874676227569580078e+01
1.326903986930847168e+01
1.345381069183349609e+01
2.683875656127929688e+01
1.487784457206726074e+01
2.504944753646850586e+01
3.295036411285400391e+01
2.252822422981262207e+01
2.207715678215026855e+01
2.507916736602783203e+01
2.189819979667663574e+01
1.715915155410766602e+01
1.299510359764099121e+01
2.386284375190734863e+01
3.084397602081298828e+01
2.017808985710144043e+01
2.309478783607482910e+01
2.372948622703552246e+01
1.343843889236450195e+01
1.074527549743652344e+01
2.182946515083312988e+01
9.344539403915405273e+00
9.491996765136718750e+00
2.018314647674560547e+01
2.108739542961120605e+01
1.343536281585693359e+01
1.936828637123107910e+01
2.321194410324096680e+01
1.272136402130126953e+01
3.185543012619018555e+01
1.351576852798461914e+01
2.577115893363952637e+01
1.467064356803894043e+01
1.576358056068420410e+01
2.183025407791137695e+01
1.824738383293151855e+01
1.084391736984252930e+01
1.741650605201721191e+01
1.220509529113769531e+01
7.339056730270385742e+00
4.821721076965332031e+01
3.192230129241943359e+01
8.073459863662719727e+00
1.853590250015258789e+01
2.383743143081665039e+01
1.532722187042236328e+01
1.267010974884033203e+01
3.011068630218505859e+01
1.059984970092773438e+01
1.264752078056335449e+01
2.402212572097778320e+01
1.072619009017944336e+01
1.529827570915222168e+01
2.518948054313659668e+01
2.286318540573120117e+01
1.578777360916137695e+01
1.524658513069152832e+01
1.845963549613952637e+01
1.461000323295593262e+01
2.280205583572387695e+01
1.372678351402282715e+01
1.783351492881774902e+01
1.446569418907165527e+01
3.144178891181945801e+01
2.350929856300354004e+01
1.604506087303161621e+01
1.874811220169067383e+01
1.885306477546691895e+01
1.314419913291931152e+01
2.087547898292541504e+01
2.651355528831481934e+01
1.479670858383178711e+01
2.624510502815246582e+01
8.069571256637573242e+00
1.525424528121948242e+01
4.831889629364013672e+00
2.185990548133850098e+01
1.618678236007690430e+01
1.317573761940002441e+01
1.900194168090820312e+01
2.235884213447570801e+01
2.051730489730834961e+01
2.749045610427856445e+01
1.587398934364318848e+01
2.194217061996459961e+01
2.269234538078308105e+01
2.156829285621643066e+01
2.606733989715576172e+01
2.634053325653076172e+01
1.228578591346740723e+01
8.024208545684814453e+00
2.584065628051757812e+01
2.274565863609313965e+01
2.488487362861633301e+01
2.237178969383239746e+01
1.631032299995422363e+01
3.153829288482666016e+01
1.086450362205505371e+01
3.094936728477478027e+01
1.468868613243103027e+01
2.328943681716918945e+01
1.957161211967468262e+01
2.540335798263549805e+01
3.345882701873779297e+01
2.468517899513244629e+01
2.204400277137756348e+01
6.923426389694213867e+00
3.415769386291503906e+01
1.150977611541748047e+01
1.213781857490539551e+01
8.203437805175781250e+00
1.924829816818237305e+01
1.618610882759094238e+01
1.728859162330627441e+01
2.229790830612182617e+01
1.759455871582031250e+01
2.737464451789855957e+01
1.278965926170349121e+01
2.716874122619628906e+01
3.391229414939880371e+01
2.325862026214599609e+01
2.729503202438354492e+01
9.102169752120971680e+00
9.678983449935913086e+00
8.826844453811645508e+00
1.561234664916992188e+01
9.200180768966674805e+00
3.079290008544921875e+01
3.970466518402099609e+01
1.559141874313354492e+01
9.213008880615234375e+00
1.853883171081542969e+01
3.062182855606079102e+01
2.215970396995544434e+01
8.501077651977539062e+00
1.541804170608520508e+01
2.828523993492126465e+01
2.240277099609375000e+01
2.075376868247985840e+01
9.916537284851074219e+00
3.018587183952331543e+01
1.991299819946289062e+01
1.483442521095275879e+01
2.730000209808349609e+01
2.609682202339172363e+01
4.181611442565917969e+01
1.385518741607666016e+01
1.810243892669677734e+01
1.810344982147216797e+01
1.219051933288574219e+01
2.178485155105590820e+01
1.733389115333557129e+01
2.658344960212707520e+01
1.861907529830932617e+01
1.643781995773315430e+01
4.496863412857055664e+01
1.884891033172607422e+01
4.721417021751403809e+01
4.070418810844421387e+01
2.221001577377319336e+01
2.051940107345581055e+01
2.489021396636962891e+01
3.456016969680786133e+01
2.715693378448486328e+01
1.704007577896118164e+01
1.963164019584655762e+01
2.573978018760681152e+01
3.322518205642700195e+01
7.306284666061401367e+00
2.506103825569152832e+01
2.373131179809570312e+01
2.503208255767822266e+01
2.669831275939941406e+01
2.378344893455505371e+01
1.732823944091796875e+01
4.352394008636474609e+01
2.782380580902099609e+01
2.184744977951049805e+01
3.314419984817504883e+01
2.294149804115295410e+01
1.690573787689208984e+01
2.262158727645874023e+01
2.376266407966613770e+01
2.370411610603332520e+01
1.700513958930969238e+01
1.679202961921691895e+01
2.986163306236267090e+01
2.944437742233276367e+01
2.524321460723876953e+01
2.737553715705871582e+01
2.744310355186462402e+01
2.338448786735534668e+01
2.557404518127441406e+01
1.563436102867126465e+01
2.946677088737487793e+01
2.953536200523376465e+01
4.769718647003173828e+00
3.726787638664245605e+01
3.471598219871520996e+01
2.127052235603332520e+01
1.231237697601318359e+01
2.325479507446289062e+01
2.924978852272033691e+01
2.757562422752380371e+01
2.581251358985900879e+01
2.939612579345703125e+01
8.792672157287597656e+00
2.484275579452514648e+01
1.971806812286376953e+01
2.553810572624206543e+01
4.401868820190429688e+01
3.000718069076538086e+01
2.335876226425170898e+01
1.737475538253784180e+01
1.623637032508850098e+01
5.829382419586181641e+00
2.201881432533264160e+01
2.383578109741210938e+01
2.990881919860839844e+01
2.969792723655700684e+01
1.307196235656738281e+01
3.318707132339477539e+01
1.028191280364990234e+01
3.454481697082519531e+01
1.787008690834045410e+01
2.654452872276306152e+01
1.957319188117980957e+01
3.383069586753845215e+01
1.108764266967773438e+01
2.829634618759155273e+01
2.791595244407653809e+01
3.053435635566711426e+01
2.152156114578247070e+01
3.351287317276000977e+01
3.671377873420715332e+01
1.223204302787780762e+01
1.336308670043945312e+01
3.581623530387878418e+01
3.294310069084167480e+01
1.605268907546997070e+01
3.843071079254150391e+01
3.684698748588562012e+01
1.871865320205688477e+01
1.708154869079589844e+01
3.256732439994812012e+01
6.061597466468811035e+01
4.035230946540832520e+01
2.044406175613403320e+01
1.677878093719482422e+01
1.082748770713806152e+01
3.769813513755798340e+01
2.770317792892456055e+01
2.024153947830200195e+01
2.053910470008850098e+01
1.943445420265197754e+01
2.758012819290161133e+01
2.659425640106201172e+01
3.095343637466430664e+01
3.433080554008483887e+01
2.744457888603210449e+01
1.702361536026000977e+01
1.708696269989013672e+01
1.824528098106384277e+01
3.194896864891052246e+01
1.854225015640258789e+01
2.060949254035949707e+01
2.269471502304077148e+01
2.358238959312438965e+01
1.554779934883117676e+01
1.747519445419311523e+01
1.963302731513977051e+01
1.962075972557067871e+01
2.069703936576843262e+01
2.784056282043457031e+01
1.930249357223510742e+01
3.515729522705078125e+01
2.594276237487792969e+01
5.423907279968261719e+00
1.759992313385009766e+01
2.059305524826049805e+01
2.131535887718200684e+01
2.424734735488891602e+01
4.701310324668884277e+01
2.411777305603027344e+01
1.433899736404418945e+01
1.333591127395629883e+01
2.069893050193786621e+01
1.492604827880859375e+01
1.317111277580261230e+01
3.413942551612854004e+01
2.102710413932800293e+01
2.489161849021911621e+01
1.243558025360107422e+01
4.286505746841430664e+01
3.414264535903930664e+01
2.536453151702880859e+01
1.664063048362731934e+01
3.736484336853027344e+01
2.611486005783081055e+01
3.603031253814697266e+01
4.013876271247863770e+01
2.570349192619323730e+01
3.356379747390747070e+01
2.070309758186340332e+01
2.476428651809692383e+01
3.519006848335266113e+01
2.403148150444030762e+01
1.618693184852600098e+01
2.413993501663208008e+01
7.669060945510864258e+00
2.248342418670654297e+01
2.457991528511047363e+01
8.068212509155273438e+00
2.438209772109985352e+01
1.683437514305114746e+01
2.495508122444152832e+01
2.486760330200195312e+01
1.257028508186340332e+01
1.346791696548461914e+01
5.935466527938842773e+00
2.780804252624511719e+01
2.688859128952026367e+01
4.286807107925415039e+01
2.698415088653564453e+01
1.312082624435424805e+01
1.889329385757446289e+01
2.664318990707397461e+01
2.407179212570190430e+01
4.340642046928405762e+01
5.810085535049438477e+00
3.875691366195678711e+01
3.272283291816711426e+01
3.060210800170898438e+01
2.808130669593811035e+01
2.057282996177673340e+01
2.322564721107482910e+01
1.992384958267211914e+01
2.727430844306945801e+01
2.706574440002441406e+01
1.732606792449951172e+01
2.087412285804748535e+01
1.324640798568725586e+01
1.044911217689514160e+01
2.744379210472106934e+01
2.362889266014099121e+01
1.250595831871032715e+01
2.851149964332580566e+01
1.880107808113098145e+01
2.057640266418457031e+01
1.418193626403808594e+01
2.778877186775207520e+01
1.465758514404296875e+01
2.034575128555297852e+01
1.704311275482177734e+01
1.778066349029541016e+01
3.678803229331970215e+01
3.369720220565795898e+01
1.494946813583374023e+01
3.368765211105346680e+01
1.258621025085449219e+01
2.572648143768310547e+01
1.629450225830078125e+01
2.788976788520812988e+01
3.430147719383239746e+01
1.740282392501831055e+01
2.428603839874267578e+01
1.394182777404785156e+01
2.051408553123474121e+01
2.213356900215148926e+01
3.440416526794433594e+01
1.520858240127563477e+01
1.768996095657348633e+01
1.362095689773559570e+01
1.511401510238647461e+01
2.114806723594665527e+01
3.050025582313537598e+01
3.437702012062072754e+01
3.093862009048461914e+01
3.915950608253479004e+01
1.969890236854553223e+01
1.983925414085388184e+01
4.114110469818115234e+01
2.091760158538818359e+01
3.045601725578308105e+01
1.893620491027832031e+01
2.346585392951965332e+01
3.382497024536132812e+01
2.279813694953918457e+01
2.122671246528625488e+01
1.154702663421630859e+01
3.800552916526794434e+01
1.726940965652465820e+01
1.329622006416320801e+01
2.077146196365356445e+01
1.230091547966003418e+01
2.130899143218994141e+01
4.053392434120178223e+01
1.438984584808349609e+01
3.253497982025146484e+01
1.792937779426574707e+01
2.063768625259399414e+01
2.160069823265075684e+01
2.198222303390502930e+01
1.493655586242675781e+01
1.276795601844787598e+01
1.426961731910705566e+01
2.757534623146057129e+01
3.494316911697387695e+01
2.240883493423461914e+01
4.059048533439636230e+01
2.314461159706115723e+01
1.530479812622070312e+01
1.644359755516052246e+01
2.336453890800476074e+01
3.613683509826660156e+01
2.459765744209289551e+01
1.295977354049682617e+01
1.878868460655212402e+01
3.913179016113281250e+01
2.224271702766418457e+01
2.092317819595336914e+01
2.514638066291809082e+01
2.715303444862365723e+01
1.608817982673645020e+01
2.817238783836364746e+01
1.901623225212097168e+01
2.115296530723571777e+01
2.711104726791381836e+01
2.413172864913940430e+01
2.706413865089416504e+01
2.416628503799438477e+01
1.620665550231933594e+01
3.053810167312622070e+01
2.157109284400939941e+01
2.186084747314453125e+01
2.467952680587768555e+01
2.582067370414733887e+01
4.656599187850952148e+01
1.139231252670288086e+01
2.325887799263000488e+01
3.042736864089965820e+01
4.042336797714233398e+01
3.566576457023620605e+01
2.657646560668945312e+01
4.163867092132568359e+01
2.542933630943298340e+01
2.667249512672424316e+01
2.954977321624755859e+01
2.870106220245361328e+01
2.012518000602722168e+01
4.599546670913696289e+01
2.572064280509948730e+01
3.356309676170349121e+01
2.889567327499389648e+01
1.011735200881958008e+01
2.214709377288818359e+01
3.870385861396789551e+01
1.239500594139099121e+01
2.640997076034545898e+01
1.901870489120483398e+01
1.026293754577636719e+01
4.030953812599182129e+01
2.552217960357666016e+01
2.325650930404663086e+01
1.767620396614074707e+01
2.134715390205383301e+01
2.665265655517578125e+01
5.444260501861572266e+01
1.668855834007263184e+01
3.451693534851074219e+01
1.198931789398193359e+01
3.019706034660339355e+01
1.643718504905700684e+01
2.583438134193420410e+01
3.478853631019592285e+01
2.655066299438476562e+01
2.768398308753967285e+01
1.907295751571655273e+01
3.171824622154235840e+01
3.168799400329589844e+01
2.689273166656494141e+01
2.622309923171997070e+01
2.244732046127319336e+01
3.236890459060668945e+01
1.416106820106506348e+01
2.451190853118896484e+01
2.197166419029235840e+01
3.732112741470336914e+01
3.649835658073425293e+01
1.307292723655700684e+01
1.686094975471496582e+01
3.790911817550659180e+01
3.921611499786376953e+01
3.284118747711181641e+01
3.538354969024658203e+01
1.812444257736206055e+01
2.298695707321166992e+01
2.366098308563232422e+01
2.005541872978210449e+01
1.458795523643493652e+01
4.268493580818176270e+01
3.514593243598937988e+01
4.164203906059265137e+01
2.039140582084655762e+01
3.215364551544189453e+01
2.925514435768127441e+01
3.526393151283264160e+01
2.791974949836730957e+01
1.938954877853393555e+01
2.335242772102355957e+01
2.494163227081298828e+01
2.491622972488403320e+01
1.935445451736450195e+01
1.195076584815979004e+01
4.040296149253845215e+01
2.076688361167907715e+01
3.163976740837097168e+01
2.583933782577514648e+01
2.913407540321350098e+01
2.947686958312988281e+01
8.913299560546875000e+00
1.849826669692993164e+01
2.294748735427856445e+01
2.396329998970031738e+01
3.487059450149536133e+01
8.307600259780883789e+00
1.443358325958251953e+01
2.985794091224670410e+01
2.471678042411804199e+01
2.506890702247619629e+01
3.465760874748229980e+01
1.616840171813964844e+01
9.567045927047729492e+00
3.681053066253662109e+01
3.096419835090637207e+01
3.696676874160766602e+01
1.857010340690612793e+01
2.353359079360961914e+01
1.807852745056152344e+01
2.811321544647216797e+01
1.318595647811889648e+01
3.043141603469848633e+01
1.786797595024108887e+01
1.387572383880615234e+01
3.869921445846557617e+01
3.509398937225341797e+01
2.578047132492065430e+01
3.680868172645568848e+01
2.320613813400268555e+01
4.698699164390563965e+01
2.320857739448547363e+01
2.054852724075317383e+01
4.934276485443115234e+01
1.048827004432678223e+01
1.153345584869384766e+01
1.363327884674072266e+01
2.765630221366882324e+01
2.171039557456970215e+01
2.400773572921752930e+01
3.189228630065917969e+01
3.229202818870544434e+01
1.200942301750183105e+01
2.739346790313720703e+01
4.900290250778198242e+01
1.049634313583374023e+01
1.499304175376892090e+01
2.848243403434753418e+01
1.652049517631530762e+01
1.973491954803466797e+01
2.842730045318603516e+01
1.932867884635925293e+01
2.725599050521850586e+01
2.131372261047363281e+01
3.784744334220886230e+01
2.768685340881347656e+01
7.912394762039184570e+00
1.009229707717895508e+01
1.133554291725158691e+01
2.890939855575561523e+01
2.714661431312561035e+01
1.251503157615661621e+01
2.913638234138488770e+01
4.017599773406982422e+01
2.837435960769653320e+01
2.917604374885559082e+01
5.316394972801208496e+01
5.090495300292968750e+01
3.362725472450256348e+01
2.784938430786132812e+01
3.055344557762145996e+01
1.451315140724182129e+01
3.697438979148864746e+01
2.493098068237304688e+01
1.283625745773315430e+01
3.098257470130920410e+01
3.837538623809814453e+01
9.802294015884399414e+00
2.592645502090454102e+01
2.377388048171997070e+01
1.184468913078308105e+01
3.550307250022888184e+01
3.004896116256713867e+01
1.049078583717346191e+01
3.025658082962036133e+01
1.491084408760070801e+01
3.183121585845947266e+01
1.432433056831359863e+01
2.247372412681579590e+01
2.516829299926757812e+01
2.686916184425354004e+01
3.574686288833618164e+01
2.288965892791748047e+01
3.405766129493713379e+01
2.629711079597473145e+01
3.875310015678405762e+01
2.737163019180297852e+01
3.861693406105041504e+01
3.879361891746520996e+01
3.097647118568420410e+01
2.645600581169128418e+01
4.456342840194702148e+01
1.724506306648254395e+01
1.772717928886413574e+01
4.727153992652893066e+01
3.177322745323181152e+01
1.964578127861022949e+01
4.907535791397094727e+00
3.676902413368225098e+01
2.804121398925781250e+01
3.609437513351440430e+01
3.889640617370605469e+01
1.613724660873413086e+01
2.808498668670654297e+01
1.229053282737731934e+01
9.399272918701171875e+00
3.567829608917236328e+01
1.077626442909240723e+01
3.469168519973754883e+01
2.480052423477172852e+01
1.306546521186828613e+01
2.111673521995544434e+01
1.374362134933471680e+01
8.287638902664184570e+00
1.037128567695617676e+01
2.846556639671325684e+01
1.904807782173156738e+01
1.100048470497131348e+01
3.882942056655883789e+01
1.378321504592895508e+01
2.564232277870178223e+01
1.002993154525756836e+01
2.016051816940307617e+01
1.556428933143615723e+01
1.262325906753540039e+01
3.704366540908813477e+01
4.124797701835632324e+01
2.250326943397521973e+01
1.507430529594421387e+01
1.854422187805175781e+01
1.441819643974304199e+01
1.509273242950439453e+01
2.834539604187011719e+01
1.963494467735290527e+01
1.524200439453125000e+01
2.780264806747436523e+01
2.278879666328430176e+01
1.937581014633178711e+01
1.578823041915893555e+01
1.175158166885375977e+01
1.206291007995605469e+01
3.639527988433837891e+01
1.612231135368347168e+01
1.537849783897399902e+01
1.740539622306823730e+01
2.430349397659301758e+01
1.482370710372924805e+01
2.020530223846435547e+01
2.062607336044311523e+01
2.163703751564025879e+01
2.267990183830261230e+01
2.325606513023376465e+01
2.349270796775817871e+01
2.034882044792175293e+01
1.852738094329833984e+01
2.163411021232604980e+01
1.350465130805969238e+01
2.373219394683837891e+01
3.920680403709411621e+01
1.713277173042297363e+01
1.932258391380310059e+01
2.834017467498779297e+01
1.767152333259582520e+01
2.583663034439086914e+01
1.821463704109191895e+01
2.091926646232604980e+01
2.734023547172546387e+01
1.956168985366821289e+01
1.944799828529357910e+01
1.347571587562561035e+01
1.814302706718444824e+01
3.603778672218322754e+01
2.856012988090515137e+01
1.519829607009887695e+01
2.011387777328491211e+01
2.256773710250854492e+01
1.378506398200988770e+01
3.020783495903015137e+01
3.064505815505981445e+01
1.450355339050292969e+01
1.047679090499877930e+01
1.675159597396850586e+01
2.685715150833129883e+01
4.160052132606506348e+01
2.413593769073486328e+01
2.187667942047119141e+01
1.588440775871276855e+01
2.211163187026977539e+01
3.123091268539428711e+01
2.260662603378295898e+01
1.299793791770935059e+01
2.432758498191833496e+01
2.301711583137512207e+01
1.876832485198974609e+01
2.294915866851806641e+01
2.378120660781860352e+01
2.482087898254394531e+01
3.522523498535156250e+01
3.166210818290710449e+01
3.883366751670837402e+01
1.744066572189331055e+01
1.238105154037475586e+01
1.425538110733032227e+01
2.059758663177490234e+01
1.482470035552978516e+01
1.068385124206542969e+01
3.280946993827819824e+01
1.109390115737915039e+01
2.453035902976989746e+01
2.182260155677795410e+01
1.500658464431762695e+01
1.404893302917480469e+01
1.116145563125610352e+01
1.124935626983642578e+01
3.345770454406738281e+01
1.220719242095947266e+01
1.735663294792175293e+01
2.022267866134643555e+01
3.528907561302185059e+01
1.993488550186157227e+01
2.181898760795593262e+01
2.566712665557861328e+01
1.385264897346496582e+01
3.209198117256164551e+01
1.482264399528503418e+01
2.106924629211425781e+01
1.385848832130432129e+01
1.362570524215698242e+01
1.640317893028259277e+01
1.903913474082946777e+01
2.374047183990478516e+01
2.190557003021240234e+01
1.356291031837463379e+01
2.224881863594055176e+01
1.651790452003479004e+01
1.772848701477050781e+01
2.765978503227233887e+01
3.086998510360717773e+01
2.364718365669250488e+01
1.691482520103454590e+01
2.544656300544738770e+01
1.431944251060485840e+01
3.200352501869201660e+01
2.043452572822570801e+01
1.908780407905578613e+01
1.760604166984558105e+01
1.151073551177978516e+01
1.087593197822570801e+01
2.307585835456848145e+01
1.555706429481506348e+01
2.684950828552246094e+01
1.847772645950317383e+01
2.046223330497741699e+01
1.115960597991943359e+01
1.929399204254150391e+01
2.543310594558715820e+01
4.080209350585937500e+01
3.343950915336608887e+01
2.300787448883056641e+01
3.140960812568664551e+01
3.896919012069702148e+01
2.045474338531494141e+01
3.270682501792907715e+01
2.596283078193664551e+01
3.147141742706298828e+01
4.574191832542419434e+01
3.040742444992065430e+01
2.514016175270080566e+01
3.324200963973999023e+01
4.916838717460632324e+01
3.066327309608459473e+01
2.893685483932495117e+01
2.543627572059631348e+01
2.051728987693786621e+01
3.528329300880432129e+01
3.131898665428161621e+01
2.789254570007324219e+01
2.297612905502319336e+01
2.069114685058593750e+01
1.702596282958984375e+01
2.175791501998901367e+01
3.498313212394714355e+01
2.628406643867492676e+01
2.170385646820068359e+01
3.499988842010498047e+01
3.334729552268981934e+01
3.536590909957885742e+01
3.367182803153991699e+01
2.769176912307739258e+01
3.331195974349975586e+01
2.670726561546325684e+01
3.544089603424072266e+01
3.894258522987365723e+01
2.200363254547119141e+01
3.021318626403808594e+01
4.528414416313171387e+01
1.891824316978454590e+01
2.499203419685363770e+01
2.635744833946228027e+01
4.599982905387878418e+01
3.429747152328491211e+01
2.290619969367980957e+01
2.599572229385375977e+01
3.898896098136901855e+01
3.673174381256103516e+01
2.334226155281066895e+01
2.643411612510681152e+01
2.453042960166931152e+01
3.972073745727539062e+01
3.798218274116516113e+01
2.858405804634094238e+01
2.540980839729309082e+01
2.570638751983642578e+01
3.687893295288085938e+01
2.394542002677917480e+01
2.276727080345153809e+01
3.235515117645263672e+01
3.889586901664733887e+01
2.464671015739440918e+01
2.229218792915344238e+01
1.487882995605468750e+01
1.663344573974609375e+01
2.422524762153625488e+01
1.621140575408935547e+01
2.686066794395446777e+01
2.461002707481384277e+01
1.623158311843872070e+01
7.224668502807617188e+00
2.324826145172119141e+01
1.380840229988098145e+01
2.958522248268127441e+01
5.682037353515625000e+00
1.677375674247741699e+01
8.132024288177490234e+00
1.272620153427124023e+01
2.597316598892211914e+01
3.817323255538940430e+01
2.516765952110290527e+01
2.869786500930786133e+01
1.249945592880249023e+01
3.079713416099548340e+01
1.280541467666625977e+01
2.322900819778442383e+01
1.369076299667358398e+01
3.681815600395202637e+01
1.708425092697143555e+01
1.774737310409545898e+01
2.586086058616638184e+01
1.803791975975036621e+01
3.759375286102294922e+01
1.442204308509826660e+01
3.040664267539978027e+01
1.818334937095642090e+01
4.286094665527343750e+01
8.481528282165527344e+00
5.219199180603027344e+00
2.225838398933410645e+01
4.228614473342895508e+01
2.161674594879150391e+01
7.573629140853881836e+00
1.876873946189880371e+01
5.589006662368774414e+00
4.279864144325256348e+01
8.123644113540649414e+00
2.924148893356323242e+01
1.883648967742919922e+01
1.558616518974304199e+01
4.166431498527526855e+01
4.427977156639099121e+01
4.196095180511474609e+01
1.812520289421081543e+01
1.621777939796447754e+01
2.600567984580993652e+01
4.077103662490844727e+01
2.424929714202880859e+01
1.833840322494506836e+01
2.117966341972351074e+01
4.467606091499328613e+01
1.370977115631103516e+01
3.684153008460998535e+01
2.007401752471923828e+01
1.757446074485778809e+01
2.047168397903442383e+01
1.655219912528991699e+01
2.013132572174072266e+01
1.612831091880798340e+01
2.825755214691162109e+01
2.750853943824768066e+01
4.388603997230529785e+01
9.061846494674682617e+00
2.722589015960693359e+01
3.369058322906494141e+01
1.928373575210571289e+01
2.124061942100524902e+01
2.061746954917907715e+01
1.485224699974060059e+01
2.152704596519470215e+01
3.007840847969055176e+01
3.664612102508544922e+01
2.064108657836914062e+01
4.543927264213562012e+01
2.257464694976806641e+01
8.965718984603881836e+00
2.534484744071960449e+01
1.714450931549072266e+01
2.945587062835693359e+01
2.146631264686584473e+01
1.966665458679199219e+01
3.220531678199768066e+01
4.586900520324707031e+01
3.667853045463562012e+01
1.515788340568542480e+01
3.362521696090698242e+01
3.101491212844848633e+01
2.751601314544677734e+01
3.435399103164672852e+01
2.490571188926696777e+01
2.353997611999511719e+01
2.078047752380371094e+01
1.411956095695495605e+01
1.531544256210327148e+01
3.269569039344787598e+01
1.273989439010620117e+01
2.326351571083068848e+01
6.286078691482543945e+00
1.837138319015502930e+01
2.768431806564331055e+01
1.086363053321838379e+01
1.409069299697875977e+01
2.592946505546569824e+01
1.746108555793762207e+01
3.107073473930358887e+01
3.312543392181396484e+01
2.738471007347106934e+01
2.147998380661010742e+01
2.927463388442993164e+01
9.156783103942871094e+00
1.261998343467712402e+01
2.547067379951477051e+01
2.596603536605834961e+01
9.069044351577758789e+00
4.085535478591918945e+01
1.574633979797363281e+01
1.257239222526550293e+01
1.592600226402282715e+01
2.404316830635070801e+01
1.838248062133789062e+01
1.568008589744567871e+01
1.032529544830322266e+01
1.518266677856445312e+01
1.411910676956176758e+01
1.407663512229919434e+01
5.229014873504638672e+00
7.938822269439697266e+00
2.119716739654541016e+01
2.407679724693298340e+01
7.443053007125854492e+00
1.188651251792907715e+01
3.837686657905578613e+01
9.147583484649658203e+00
1.882247304916381836e+01
1.810270571708679199e+01
9.294245004653930664e+00
1.103031301498413086e+01
1.003905153274536133e+01
2.176601672172546387e+01
1.409084558486938477e+01
7.460004329681396484e+00
2.083632111549377441e+01
1.963983011245727539e+01
2.560010957717895508e+01
3.853524017333984375e+01
1.047780728340148926e+01
2.141718363761901855e+01
1.565190958976745605e+01
2.528962969779968262e+01
1.159988474845886230e+01
2.531872892379760742e+01
1.457936882972717285e+01
2.043228816986083984e+01
1.195571136474609375e+01
2.545242094993591309e+01
1.706331729888916016e+01
1.142683529853820801e+01
8.208525657653808594e+00
2.573508167266845703e+01
8.447926998138427734e+00
1.867852163314819336e+01
9.644187211990356445e+00
3.235686111450195312e+01
1.697656488418579102e+01
2.848099493980407715e+01
2.541222262382507324e+01
1.434294390678405762e+01
1.176709771156311035e+01
9.871997594833374023e+00
4.114922022819519043e+01
1.487245488166809082e+01
1.983729839324951172e+01
1.595978498458862305e+01
1.373118686676025391e+01
1.179241704940795898e+01
1.238112378120422363e+01
2.288879060745239258e+01
1.319582104682922363e+01
1.221545338630676270e+01
1.097607350349426270e+01
2.396528553962707520e+01
2.377217054367065430e+01
1.629854941368103027e+01
1.547790527343750000e+01
2.630940485000610352e+01
2.139669036865234375e+01
4.020362925529479980e+01
1.612094521522521973e+01
1.465861582756042480e+01
1.114064836502075195e+01
1.278244018554687500e+01
1.267564415931701660e+01
2.171369528770446777e+01
1.498037409782409668e+01
2.521912837028503418e+01
1.749560809135437012e+01
1.347769999504089355e+01
2.099118399620056152e+01
4.640540885925292969e+01
1.630320644378662109e+01
2.864126944541931152e+01
1.873785877227783203e+01
3.010868668556213379e+01
2.024836802482604980e+01
1.378262853622436523e+01
1.452213025093078613e+01
1.532608342170715332e+01
1.607074594497680664e+01
3.383525633811950684e+01
3.637391352653503418e+01
1.609671115875244141e+01
1.861150527000427246e+01
1.299657964706420898e+01
1.583849215507507324e+01
1.596186971664428711e+01
2.054241347312927246e+01
1.884171414375305176e+01
3.408424377441406250e+01
1.502618575096130371e+01
2.047795033454895020e+01
2.390746831893920898e+01
3.029326367378234863e+01
1.926962375640869141e+01
1.949874973297119141e+01
3.623299479484558105e+01
2.062453651428222656e+01
2.179286980628967285e+01
1.619155454635620117e+01
2.542774248123168945e+01
1.805321359634399414e+01
1.382720470428466797e+01
7.416007995605468750e+00
2.079991722106933594e+01
2.323400473594665527e+01
2.275016498565673828e+01
1.212665390968322754e+01
2.342904520034790039e+01
1.836329221725463867e+01
1.802272629737854004e+01
1.964935278892517090e+01
1.435780692100524902e+01
3.790599703788757324e+01
2.998227953910827637e+01
2.384616088867187500e+01
2.161647462844848633e+01
3.636208224296569824e+01
1.413168072700500488e+01
1.922090578079223633e+01
2.311829638481140137e+01
1.887716341018676758e+01
1.601060795783996582e+01
2.283527374267578125e+01
2.809368038177490234e+01
2.108230638504028320e+01
2.422617387771606445e+01
2.279426550865173340e+01
1.018813824653625488e+01
2.639909482002258301e+01
2.085073852539062500e+01
2.113710093498229980e+01
2.463390851020812988e+01
3.247802400588989258e+01
2.880863308906555176e+01
2.545356631278991699e+01
2.915850973129272461e+01
2.151494002342224121e+01
2.125116300582885742e+01
2.899072051048278809e+01
2.432275724411010742e+01
2.100055074691772461e+01
1.706641483306884766e+01
1.955537629127502441e+01
1.341858339309692383e+01
2.255281782150268555e+01
3.022979021072387695e+01
2.412990832328796387e+01
2.879268980026245117e+01
2.121939849853515625e+01
2.421189188957214355e+01
1.566295194625854492e+01
1.287047886848449707e+01
2.337206578254699707e+01
1.852117228507995605e+01
2.237481427192687988e+01
3.965337061882019043e+01
4.295395112037658691e+01
2.124697971343994141e+01
2.478461861610412598e+01
2.469239783287048340e+01
1.667293524742126465e+01
2.575081062316894531e+01
2.143662810325622559e+01
2.737203907966613770e+01
2.605324912071228027e+01
2.871752357482910156e+01
1.984137201309204102e+01
3.026566219329833984e+01
1.823011684417724609e+01
2.753608345985412598e+01
3.174878168106079102e+01
2.759464716911315918e+01
2.019221282005310059e+01
1.914308953285217285e+01
1.343685030937194824e+01
1.721090626716613770e+01
3.411315345764160156e+01
3.216084504127502441e+01
1.744082236289978027e+01
1.941428971290588379e+01
1.948497700691223145e+01
3.518532347679138184e+01
2.905846047401428223e+01
3.088526248931884766e+01
3.537951278686523438e+01
2.447319078445434570e+01
1.746301221847534180e+01
2.673119473457336426e+01
2.890071821212768555e+01
1.428338885307312012e+01
2.357169938087463379e+01
3.201488447189331055e+01
2.161328387260437012e+01
2.591161918640136719e+01
2.059829115867614746e+01
3.750090146064758301e+01
1.460858106613159180e+01
3.755188918113708496e+01
1.506859326362609863e+01
1.028227901458740234e+01
3.176256942749023438e+01
5.998805761337280273e+00
1.173215079307556152e+01
1.878704214096069336e+01
1.947130107879638672e+01
2.492288899421691895e+01
1.567606711387634277e+01
1.276597476005554199e+01
2.257101440429687500e+01
1.607705450057983398e+01
1.446657156944274902e+01
2.605670356750488281e+01
1.813456749916076660e+01
1.761410403251647949e+01
1.483962416648864746e+01
2.722691535949707031e+01
1.109263253211975098e+01
1.867733120918273926e+01
2.005604386329650879e+01
1.934020423889160156e+01
2.209846091270446777e+01
1.977202534675598145e+01
3.168925714492797852e+01
2.563270735740661621e+01
2.127935600280761719e+01
2.538672566413879395e+01
1.721235036849975586e+01
3.698874473571777344e+00
2.577864265441894531e+01
2.619399452209472656e+01
2.084663033485412598e+01
2.249121999740600586e+01
1.973679113388061523e+01
1.460264205932617188e+01
2.525940299034118652e+01
1.018607902526855469e+01
2.176135420799255371e+01
2.023396992683410645e+01
2.817999505996704102e+01
2.156620454788208008e+01
3.307493400573730469e+01
1.537976336479187012e+01
3.400738596916198730e+01
3.800670123100280762e+01
1.675735664367675781e+01
4.804807186126708984e+00
2.239840340614318848e+01
1.039292383193969727e+01
2.203350400924682617e+01
1.782606649398803711e+01
2.347461128234863281e+01
2.116678714752197266e+01
2.468077158927917480e+01
1.749926209449768066e+01
2.174841856956481934e+01
1.735634446144104004e+01
1.617272973060607910e+01
1.213076949119567871e+01
2.741853260993957520e+01
1.890348505973815918e+01
2.774150133132934570e+01
2.462235689163208008e+01
3.304476928710937500e+01
2.197026181221008301e+01
2.478772044181823730e+01
1.100211477279663086e+01
2.308967280387878418e+01
1.891597414016723633e+01
3.547758626937866211e+01
1.611900758743286133e+01
2.515207195281982422e+01
2.116676378250122070e+01
2.518108129501342773e+01
1.622291040420532227e+01
1.867334198951721191e+01
1.708022904396057129e+01
2.555894064903259277e+01
3.782626867294311523e+01
3.570228266716003418e+01
2.392125725746154785e+01
2.454137396812438965e+01
4.526571750640869141e+01
1.490029263496398926e+01
2.809303045272827148e+01
1.931272935867309570e+01
2.462324118614196777e+01
1.264778661727905273e+01
1.518176722526550293e+01
2.757908511161804199e+01
2.385472321510314941e+01
3.926468276977539062e+01
2.757823491096496582e+01
3.112052512168884277e+01
3.351642990112304688e+01
2.417118024826049805e+01
1.931404757499694824e+01
1.935957479476928711e+01
2.045818853378295898e+01
2.763782858848571777e+01
3.643885040283203125e+01
2.072101664543151855e+01
3.371393179893493652e+01
2.289812850952148438e+01
3.116752123832702637e+01
1.978516769409179688e+01
4.441902565956115723e+01
2.095923066139221191e+01
2.921554231643676758e+01
2.492742514610290527e+01
3.015949964523315430e+01
3.122958159446716309e+01
2.998433494567871094e+01
3.311895775794982910e+01
1.565965032577514648e+01
2.163968515396118164e+01
3.630345463752746582e+01
3.347800016403198242e+01
2.636291813850402832e+01
2.320402002334594727e+01
3.260616827011108398e+01
4.502701115608215332e+01
1.939756703376770020e+01
3.220114898681640625e+01
2.123277902603149414e+01
3.492472910881042480e+01
5.270166134834289551e+01
3.329633426666259766e+01
3.169942712783813477e+01
1.644053387641906738e+01
4.411044168472290039e+01
1.707761764526367188e+01
2.964826393127441406e+01
2.175515723228454590e+01
3.850934052467346191e+01
2.246217131614685059e+01
2.700395226478576660e+01
2.639045214653015137e+01
4.262502264976501465e+01
5.517709040641784668e+01
2.397970318794250488e+01
3.446033239364624023e+01
3.036727046966552734e+01
3.369529366493225098e+01
3.463932371139526367e+01
3.670893669128417969e+01
3.040115141868591309e+01
3.216812252998352051e+01
4.256775021553039551e+01
3.928279542922973633e+01
2.366045808792114258e+01
4.358910250663757324e+01
4.749109816551208496e+01
3.694024801254272461e+01
1.613487863540649414e+01
4.541923856735229492e+01
2.445948290824890137e+01
1.599587512016296387e+01
2.069568896293640137e+01
2.381915187835693359e+01
1.387324404716491699e+01
4.186873769760131836e+01
1.528267049789428711e+01
3.791314816474914551e+01
3.424364185333251953e+01
2.129732990264892578e+01
4.795199155807495117e+01
1.666221117973327637e+01
2.969339489936828613e+01
2.748602032661437988e+01
1.710871601104736328e+01
3.411944770812988281e+01
2.513248920440673828e+01
2.967040133476257324e+01
2.624585700035095215e+01
3.009246706962585449e+01
3.613870763778686523e+01
1.799942612648010254e+01
2.121025013923645020e+01
3.060682630538940430e+01
1.562981200218200684e+01
4.126005601882934570e+01
4.573204517364501953e+01
3.278396725654602051e+01
2.691523170471191406e+01
3.390204954147338867e+01
1.820776009559631348e+01
2.850824499130249023e+01
1.854104447364807129e+01
4.636176371574401855e+01
1.618653559684753418e+01
2.859881281852722168e+01
4.161065936088562012e+01
2.707549190521240234e+01
1.557318282127380371e+01
1.848852992057800293e+01
2.061249136924743652e+01
1.853090524673461914e+01
3.350620651245117188e+01
1.773655033111572266e+01
2.504449105262756348e+01
3.048927307128906250e+01
3.521674919128417969e+01
1.509006619453430176e+01
2.810547304153442383e+01
3.996457600593566895e+01
2.267785620689392090e+01
2.418559479713439941e+01
2.031729912757873535e+01
2.305192708969116211e+01
3.244040799140930176e+01
2.059619259834289551e+01
2.505026388168334961e+01
4.056339168548583984e+01
2.499298739433288574e+01
3.501835513114929199e+01
2.038625764846801758e+01
3.526560044288635254e+01
2.835161733627319336e+01
2.124714088439941406e+01
1.662855792045593262e+01
4.046724343299865723e+01
3.301008987426757812e+01
3.343238806724548340e+01
2.714779806137084961e+01
4.642429113388061523e+01
4.305395412445068359e+01
2.272535061836242676e+01
3.360712504386901855e+01
4.201894903182983398e+01
1.293636941909790039e+01
3.075287199020385742e+01
3.808544731140136719e+01
2.929023098945617676e+01
3.138591098785400391e+01
2.237900090217590332e+01
1.985194063186645508e+01
1.694761705398559570e+01
4.167810797691345215e+01
3.752499485015869141e+01
3.126963114738464355e+01
4.324394297599792480e+01
3.000270605087280273e+01
2.072760820388793945e+01
2.726904940605163574e+01
4.274215078353881836e+01
4.192400670051574707e+01
3.001045751571655273e+01
2.574440050125122070e+01
4.382362604141235352e+01
1.965322303771972656e+01
3.032722473144531250e+01
2.429707932472229004e+01
3.073741912841796875e+01
2.286669516563415527e+01
3.336859893798828125e+01
2.701671791076660156e+01
2.787290239334106445e+01
1.083110094070434570e+01
1.629900169372558594e+01
3.615040969848632812e+01
5.310399174690246582e+01
2.799335336685180664e+01
1.623483562469482422e+01
3.255423569679260254e+01
9.631591081619262695e+00
1.260275936126708984e+01
1.908597421646118164e+01
2.492864155769348145e+01
3.772056436538696289e+01
4.040362644195556641e+01
3.182022094726562500e+01
1.330442643165588379e+01
9.715070486068725586e+00
1.883691954612731934e+01
1.603989911079406738e+01
2.220147371292114258e+01
2.182726740837097168e+01
2.020783209800720215e+01
9.108117103576660156e+00
1.626545381546020508e+01
1.622977280616760254e+01
2.697680687904357910e+01
1.091128396987915039e+01
2.760141277313232422e+01
1.514593529701232910e+01
1.096779370307922363e+01
2.953655672073364258e+01
2.541660118103027344e+01
3.444757199287414551e+01
1.349270415306091309e+01
3.799146103858947754e+01
2.872895359992980957e+01
2.799136829376220703e+01
3.413855314254760742e+01
5.180908870697021484e+01
3.062751293182373047e+01
2.816511440277099609e+01
1.985269403457641602e+01
4.990683150291442871e+01
2.077827501296997070e+01
4.985005283355712891e+01
3.586927366256713867e+01
1.992948126792907715e+01
3.473741459846496582e+01
1.100105261802673340e+01
4.916567873954772949e+01
2.061586809158325195e+01
2.694312191009521484e+01
2.868490099906921387e+01
3.131467771530151367e+01
4.424989748001098633e+01
2.584149980545043945e+01
2.149423885345458984e+01
3.404688239097595215e+01
1.110697484016418457e+01
2.777583456039428711e+01
1.857082819938659668e+01
3.075728750228881836e+01
1.211263823509216309e+01
3.693272638320922852e+01
3.054633831977844238e+01
2.919097042083740234e+01
3.848863792419433594e+01
2.972241353988647461e+01
3.225802230834960938e+01
3.226332688331604004e+01
2.645150852203369141e+01
2.007874989509582520e+01
1.934544301033020020e+01
4.713821315765380859e+01
1.875155830383300781e+01
3.360580134391784668e+01
4.990241265296936035e+01
1.316130423545837402e+01
3.526684927940368652e+01
2.099724698066711426e+01
1.485152411460876465e+01
1.383337259292602539e+01
4.226029920578002930e+01
1.464863395690917969e+01
4.136711382865905762e+01
1.594084358215332031e+01
3.083412075042724609e+01
1.523406386375427246e+01
3.114791202545166016e+01
1.547442746162414551e+01
2.486457633972167969e+01
2.511750698089599609e+01
2.899829173088073730e+01
2.023084664344787598e+01
3.453682518005371094e+01
2.421875095367431641e+01
1.850395655632019043e+01
1.481682872772216797e+01
2.100261497497558594e+01
2.383457136154174805e+01
2.381542587280273438e+01
1.665866422653198242e+01
3.271358060836791992e+01
1.557052135467529297e+01
8.417330503463745117e+00
1.700726842880249023e+01
3.424111437797546387e+01
1.765109157562255859e+01
1.720717763900756836e+01
3.071984195709228516e+01
3.203724622726440430e+01
1.559024238586425781e+01
2.364140391349792480e+01
1.500607037544250488e+01
2.063914012908935547e+01
1.754147958755493164e+01
1.533629250526428223e+01
2.718232226371765137e+01
2.777403402328491211e+01
1.819774937629699707e+01
1.125478076934814453e+01
1.834161329269409180e+01
1.340752005577087402e+01
1.793627047538757324e+01
3.431108355522155762e+01
1.815355491638183594e+01
2.454703116416931152e+01
3.745081424713134766e+01
1.945479869842529297e+01
1.939558720588684082e+01
1.048417544364929199e+01
1.861790871620178223e+01
1.653356385231018066e+01
4.707303285598754883e+01
3.337627315521240234e+01
9.289236783981323242e+00
2.068734622001647949e+01
1.185865569114685059e+01
2.196601057052612305e+01
1.317829656600952148e+01
1.634877181053161621e+01
3.298064136505126953e+01
2.003769207000732422e+01
1.886664605140686035e+01
2.665469670295715332e+01
2.917011976242065430e+01
2.588173675537109375e+01
1.543403458595275879e+01
9.225859642028808594e+00
1.508681154251098633e+01
2.665453672409057617e+01
2.919718289375305176e+01
2.843718433380126953e+01
1.723995494842529297e+01
1.375909781455993652e+01
1.959658861160278320e+01
3.394968342781066895e+01
3.933057975769042969e+01
1.309362459182739258e+01
2.312056303024291992e+01
1.065786886215209961e+01
1.738211178779602051e+01
1.991037988662719727e+01
2.446899628639221191e+01
2.088172197341918945e+01
1.179039525985717773e+01
1.642769241333007812e+01
3.677155327796936035e+01
1.421458673477172852e+01
2.756964278221130371e+01
1.776058173179626465e+01
2.624316501617431641e+01
2.716190052032470703e+01
1.730876207351684570e+01
2.791878175735473633e+01
2.043974542617797852e+01
2.976054215431213379e+01
6.084411859512329102e+00
2.156198453903198242e+01
2.181585693359375000e+01
2.322921419143676758e+01
1.328945922851562500e+01
1.828113293647766113e+01
2.044594931602478027e+01
1.472802829742431641e+01
1.963351964950561523e+01
1.770889353752136230e+01
3.975824975967407227e+01
4.128551173210144043e+01
5.402079272270202637e+01
3.184738922119140625e+01
2.202662062644958496e+01
3.954708385467529297e+01
1.914123845100402832e+01
4.220821022987365723e+01
1.361183118820190430e+01
1.030692243576049805e+01
3.715571999549865723e+01
1.478167033195495605e+01
2.205469036102294922e+01
2.025165367126464844e+01
2.722250628471374512e+01
2.441838216781616211e+01
6.212578535079956055e+00
4.383882761001586914e+01
1.998384046554565430e+01
1.701742506027221680e+01
3.032638025283813477e+01
2.621337604522705078e+01
2.411925482749938965e+01
2.327718830108642578e+01
3.721778917312622070e+01
4.519016361236572266e+01
1.403557181358337402e+01
1.853292250633239746e+01
1.460057616233825684e+01
7.516585826873779297e+00
2.685066914558410645e+01
3.225753235816955566e+01
4.150889468193054199e+01
3.282901096343994141e+01
1.043043470382690430e+01
2.518710517883300781e+01
3.625370883941650391e+01
1.340688085556030273e+01
1.378056764602661133e+01
7.629461765289306641e+00
2.359225773811340332e+01
1.752804923057556152e+01
9.068636894226074219e+00
2.925042700767517090e+01
2.516505479812622070e+01
1.035801672935485840e+01
9.020733118057250977e+00
4.495828390121459961e+01
1.351577734947204590e+01
1.137503576278686523e+01
7.656299829483032227e+00
1.151807069778442383e+01
2.542895078659057617e+01
2.479575300216674805e+01
9.998095750808715820e+00
7.684684514999389648e+00
1.765844726562500000e+01
2.755584597587585449e+01
2.850624871253967285e+01
1.165472316741943359e+01
1.886351513862609863e+01
2.157307100296020508e+01
4.637011885643005371e+01
2.812823677062988281e+01
1.812689256668090820e+01
2.179254627227783203e+01
2.088598799705505371e+01
1.712214851379394531e+01
1.678936004638671875e+01
1.823923587799072266e+01
2.026034212112426758e+01
1.064193058013916016e+01
1.362378716468811035e+01
1.942904853820800781e+01
1.611679315567016602e+01
1.142717409133911133e+01
1.825334644317626953e+01
2.667381930351257324e+01
2.006155729293823242e+01
1.181087946891784668e+01
4.987299394607543945e+01
1.724679327011108398e+01
1.508458828926086426e+01
2.269077992439270020e+01
4.818524742126464844e+01
2.269810533523559570e+01
3.034196686744689941e+01
1.970479178428649902e+01
3.700159621238708496e+01
3.226819610595703125e+01
2.484574818611145020e+01
2.192467451095581055e+01
4.319939637184143066e+01
3.060941362380981445e+01
1.848130178451538086e+01
3.843237709999084473e+01
2.060167050361633301e+01
1.549827194213867188e+01
3.101831221580505371e+01
2.223607468605041504e+01
1.711722636222839355e+01
4.781640338897705078e+01
2.265698766708374023e+01
3.037754797935485840e+01
3.728639674186706543e+01
2.209177398681640625e+01
3.017782044410705566e+01
3.001977753639221191e+01
1.515455198287963867e+01
1.559428095817565918e+01
1.482146739959716797e+01
1.471119761466979980e+01
6.282804679870605469e+01
2.057000160217285156e+01
3.016764044761657715e+01
3.745360112190246582e+01
1.016196656227111816e+01
4.022290778160095215e+01
1.333929586410522461e+01
1.097623443603515625e+01
1.248582315444946289e+01
1.783133482933044434e+01
2.989045763015747070e+01
1.742639350891113281e+01
2.036806559562683105e+01
2.408763885498046875e+01
4.465288019180297852e+01
2.208769536018371582e+01
1.857859587669372559e+01
1.127432346343994141e+01
1.574351263046264648e+01
2.065202665328979492e+01
1.525750446319580078e+01
1.647871088981628418e+01
2.124174523353576660e+01
2.156429362297058105e+01
2.194023513793945312e+01
2.171855926513671875e+01
3.066906309127807617e+01
2.700757861137390137e+01
3.118313550949096680e+01
1.363200569152832031e+01
4.058582711219787598e+01
2.745956230163574219e+01
2.328610062599182129e+01
2.561070275306701660e+01
1.348875355720520020e+01
2.114329028129577637e+01
2.082054591178894043e+01
2.198388075828552246e+01
2.795653009414672852e+01
2.163025093078613281e+01
2.396983242034912109e+01
2.235883355140686035e+01
3.300853919982910156e+01
2.351607298851013184e+01
2.105379104614257812e+01
3.852228498458862305e+01
2.799025082588195801e+01
2.142535901069641113e+01
3.705235052108764648e+01
1.804555702209472656e+01
2.200983524322509766e+01
1.530788516998291016e+01
1.100250697135925293e+01
1.838212513923645020e+01
4.025574374198913574e+01
4.301650309562683105e+01
1.283231449127197266e+01
2.582640647888183594e+01
2.047635316848754883e+01
1.599194931983947754e+01
2.405042934417724609e+01
2.535304975509643555e+01
1.853244304656982422e+01
2.570330810546875000e+01
3.327155733108520508e+01
2.713283085823059082e+01
1.211976671218872070e+01
1.404164266586303711e+01
1.649028158187866211e+01
2.642665028572082520e+01
1.890496373176574707e+01
3.215243840217590332e+01
2.379866456985473633e+01
1.423797726631164551e+01
1.367934465408325195e+01
2.264092731475830078e+01
3.224853610992431641e+01
5.874177813529968262e+01
2.828951048851013184e+01
2.337233161926269531e+01
2.613482403755187988e+01
1.907553672790527344e+01
2.234231710433959961e+01
2.386415958404541016e+01
2.379420304298400879e+01
2.489664101600646973e+01
2.474682784080505371e+01
2.296955466270446777e+01
2.672969532012939453e+01
2.687652206420898438e+01
1.934944319725036621e+01
1.401358699798583984e+01
2.162997007369995117e+01
1.793491768836975098e+01
1.961437749862670898e+01
1.545637655258178711e+01
1.105275845527648926e+01
2.993084335327148438e+01
2.638318681716918945e+01
4.140540599822998047e+01
1.860285139083862305e+01
1.376102948188781738e+01
2.367711400985717773e+01
2.107547688484191895e+01
6.956766128540039062e+00
5.162581729888916016e+01
1.810450053215026855e+01
5.356280803680419922e+01
2.973288202285766602e+01
8.926704406738281250e+00
2.925460028648376465e+01
1.311422681808471680e+01
1.542558574676513672e+01
2.093636178970336914e+01
3.589997172355651855e+01
1.968982744216918945e+01
1.759464049339294434e+01
1.494596815109252930e+01
3.058286643028259277e+01
2.151060342788696289e+01
2.441685605049133301e+01
3.094035792350769043e+01
1.925748467445373535e+01
2.654028654098510742e+01
1.403406643867492676e+01
1.753556895256042480e+01
2.843032479286193848e+01
2.140503668785095215e+01
3.661337637901306152e+01
3.207935261726379395e+01
1.983485102653503418e+01
3.077718663215637207e+01
2.981074142456054688e+01
1.315867376327514648e+01
7.589936017990112305e+00
4.258227348327636719e+00
6.068961858749389648e+00
6.148409605026245117e+00
3.572692275047302246e+01
7.450029134750366211e+00
2.825680756568908691e+01
3.428572320938110352e+01
3.306519293785095215e+01
2.383162832260131836e+01
3.228787255287170410e+01
3.056794786453247070e+01
3.059763479232788086e+01
3.297881722450256348e+01
3.348569774627685547e+01
1.655493474006652832e+01
4.158107805252075195e+01
1.211292767524719238e+01
2.338816285133361816e+01
2.502598524093627930e+01
3.180240130424499512e+01
1.824561786651611328e+01
3.153076219558715820e+01
2.245442509651184082e+01
2.709221839904785156e+01
2.470053052902221680e+01
2.772291326522827148e+01
2.800417065620422363e+01
3.152725791931152344e+01
2.338111734390258789e+01
2.479560041427612305e+01
1.067184090614318848e+01
1.409462523460388184e+01
2.359160232543945312e+01
2.021509122848510742e+01
2.184553241729736328e+01
3.549808239936828613e+01
2.204395079612731934e+01
3.123778700828552246e+01
3.850651979446411133e+01
1.039578151702880859e+01
2.854565644264221191e+01
9.133957147598266602e+00
3.153010749816894531e+01
2.724387788772583008e+01
2.764799332618713379e+01
2.841710686683654785e+01
3.091599249839782715e+01
2.499455332756042480e+01
2.393161630630493164e+01
2.003730416297912598e+01
4.489821720123291016e+01
1.607043194770812988e+01
1.334494900703430176e+01
1.630514693260192871e+01
2.293103170394897461e+01
3.065099072456359863e+01
3.058441305160522461e+01
2.763670778274536133e+01
2.749104952812194824e+01
1.779199719429016113e+01
3.755348968505859375e+01
2.700826835632324219e+01
2.453195071220397949e+01
4.568725657463073730e+01
1.416665005683898926e+01
2.605113339424133301e+01
1.001884007453918457e+01
1.410750460624694824e+01
3.261427116394042969e+01
3.216431546211242676e+01
1.566608715057373047e+01
2.699654674530029297e+01
1.307502317428588867e+01
4.734122896194458008e+01
1.213942408561706543e+01
2.834984683990478516e+01
1.109915685653686523e+01
4.279335474967956543e+01
5.392991852760314941e+01
4.176796102523803711e+01
4.762853336334228516e+01
1.762870240211486816e+01
1.052791070938110352e+01
1.803722834587097168e+01
3.390489244461059570e+01
2.898812532424926758e+01
3.456397247314453125e+01
3.561062884330749512e+01
1.659098196029663086e+01
9.826353788375854492e+00
2.128398752212524414e+01
2.111297059059143066e+01
1.951672363281250000e+01
2.088082313537597656e+01
3.389183688163757324e+01
3.242051911354064941e+01
2.014978647232055664e+01
3.129643559455871582e+01
1.939356708526611328e+01
2.052223062515258789e+01
1.023833656311035156e+01
1.673590517044067383e+01
3.582719588279724121e+01
1.832936167716979980e+01
3.174873709678649902e+01
1.874964904785156250e+01
2.358490300178527832e+01
2.983431291580200195e+01
3.073581838607788086e+01
1.489784955978393555e+01
3.444483876228332520e+01
1.579835486412048340e+01
2.022182393074035645e+01
1.254841566085815430e+01
2.362380838394165039e+01
1.687335228919982910e+01
2.036176466941833496e+01
1.884635806083679199e+01
2.097240281105041504e+01
9.884692430496215820e+00
1.923673915863037109e+01
1.889517140388488770e+01
2.353189396858215332e+01
2.361136460304260254e+01
1.066317892074584961e+01
1.710403895378112793e+01
1.816104984283447266e+01
2.516642808914184570e+01
8.892755746841430664e+00
1.541463398933410645e+01
2.135547113418579102e+01
2.442076516151428223e+01
2.049640727043151855e+01
1.855333566665649414e+01
3.733534908294677734e+01
1.525236558914184570e+01
2.103099679946899414e+01
9.134992837905883789e+00
2.176487851142883301e+01
1.205254483222961426e+01
1.268676686286926270e+01
2.471096920967102051e+01
2.487771940231323242e+01
2.463367748260498047e+01
2.381555151939392090e+01
1.692143297195434570e+01
2.101062607765197754e+01
1.407167911529541016e+01
2.998819780349731445e+01
2.654005956649780273e+01
1.443780922889709473e+01
2.107241249084472656e+01
2.401794505119323730e+01
2.329918766021728516e+01
2.557378816604614258e+01
1.663382220268249512e+01
3.091894865036010742e+00
2.292905592918395996e+01
2.663598203659057617e+01
3.991187834739685059e+01
1.235001659393310547e+01
2.541258215904235840e+01
1.542463636398315430e+01
2.176239204406738281e+01
2.594271254539489746e+01
1.751696348190307617e+01
1.158690428733825684e+01
2.315068411827087402e+01
1.578203368186950684e+01
2.379117965698242188e+01
1.337037849426269531e+01
2.421978735923767090e+01
1.973134469985961914e+01
4.358930730819702148e+01
2.422228717803955078e+01
1.517236876487731934e+01
1.847890639305114746e+01
2.509071278572082520e+01
2.309794855117797852e+01
3.181562519073486328e+01
2.159852790832519531e+01
2.818096733093261719e+01
2.811110115051269531e+01
2.380480599403381348e+01
1.948885488510131836e+01
2.346672725677490234e+01
2.246766424179077148e+01
2.640432047843933105e+01
2.751215362548828125e+01
2.703246212005615234e+01
1.950505352020263672e+01
3.161458158493041992e+01
3.116946172714233398e+01
2.021036672592163086e+01
3.090688443183898926e+01
2.407972550392150879e+01
2.031713509559631348e+01
2.975492334365844727e+01
2.049704837799072266e+01
1.365836119651794434e+01
1.475976324081420898e+01
5.214989399909973145e+01
1.406958413124084473e+01
3.684609222412109375e+01
2.310540962219238281e+01
3.662469387054443359e+01
2.555555176734924316e+01
1.897693061828613281e+01
3.245692467689514160e+01
1.550309085845947266e+01
1.565944099426269531e+01
2.464705586433410645e+01
1.573362374305725098e+01
2.967526125907897949e+01
2.661468243598937988e+01
3.674321579933166504e+01
3.786186575889587402e+01
1.638800406455993652e+01
3.536000847816467285e+01
8.211629390716552734e+00
1.627451252937316895e+01
5.548230576515197754e+01
1.665866899490356445e+01
2.583991169929504395e+01
1.840375852584838867e+01
2.233942294120788574e+01
2.354821920394897461e+01
1.285183668136596680e+01
3.061829972267150879e+01
2.928525424003601074e+01
3.149423336982727051e+01
1.753937602043151855e+01
1.719056200981140137e+01
1.688836097717285156e+01
2.432978105545043945e+01
2.193015027046203613e+01
2.967887187004089355e+01
3.616561889648437500e+01
1.959734725952148438e+01
2.851157760620117188e+01
3.089395141601562500e+01
2.482168650627136230e+01
2.189062094688415527e+01
1.843946075439453125e+01
1.923953437805175781e+01
1.738815498352050781e+01
3.924160027503967285e+01
4.058416533470153809e+01
2.263634872436523438e+01
2.041329383850097656e+01
2.724371767044067383e+01
1.503658199310302734e+01
2.087410402297973633e+01
4.278857445716857910e+01
3.771140217781066895e+01
2.257432842254638672e+01
3.265188455581665039e+01
4.225798082351684570e+01
3.603382086753845215e+01
3.492342495918273926e+01
3.980934953689575195e+01
3.961770009994506836e+01
4.355880379676818848e+01
3.243620896339416504e+01
2.382727289199829102e+01
2.188795208930969238e+01
2.200339007377624512e+01
3.395648717880249023e+01
3.490410041809082031e+01
2.363488435745239258e+01
4.689858245849609375e+01
1.664166998863220215e+01
2.366969180107116699e+01
3.279399132728576660e+01
1.928581261634826660e+01
2.233404898643493652e+01
2.220201158523559570e+01
4.557771205902099609e+01
7.500737905502319336e+00
2.178151321411132812e+01
2.409677886962890625e+01
4.399404215812683105e+01
3.098256373405456543e+01
2.152050065994262695e+01
3.639651060104370117e+01
4.525131630897521973e+01
1.816725730895996094e+01
3.503979015350341797e+01
2.240651655197143555e+01
2.499346470832824707e+01
2.379113984107971191e+01
2.454507040977478027e+01
4.306636714935302734e+01
2.053641939163208008e+01
2.529369735717773438e+01
2.322488474845886230e+01
2.637229561805725098e+01
2.399088716506958008e+01
2.647256517410278320e+01
3.781084918975830078e+01
2.980175042152404785e+01
3.117972397804260254e+01
2.571701121330261230e+01
1.714796662330627441e+01
4.389430809020996094e+01
3.853982996940612793e+01
3.164154553413391113e+01
2.230793666839599609e+01
3.289944458007812500e+01
2.749300312995910645e+01
2.697979998588562012e+01
2.663609981536865234e+01
2.933348536491394043e+01
2.428101181983947754e+01
2.539979934692382812e+01
2.467360115051269531e+01
4.005256009101867676e+01
1.978730559349060059e+01
2.289189171791076660e+01
4.049298810958862305e+01
3.850238275527954102e+01
2.697064781188964844e+01
2.761956810951232910e+01
2.322066903114318848e+01
3.288804244995117188e+01
1.641341567039489746e+01
2.986270403861999512e+01
2.557077240943908691e+01
2.479511761665344238e+01
2.488741755485534668e+01
1.167947006225585938e+01
1.868464851379394531e+01
6.899445772171020508e+00
2.677343058586120605e+01
3.066787481307983398e+01
3.169949889183044434e+01
1.523970341682434082e+01
2.581929826736450195e+01
3.769969511032104492e+01
2.770019292831420898e+01
1.419256854057312012e+01
3.695251679420471191e+01
1.412221431732177734e+01
3.183793306350708008e+01
2.201514840126037598e+01
2.680523872375488281e+01
1.378422045707702637e+01
1.521182703971862793e+01
2.251461338996887207e+01
1.450959372520446777e+01
1.499556970596313477e+01
2.922610163688659668e+01
2.317896819114685059e+01
8.187595844268798828e+00
3.001036453247070312e+01
3.218345284461975098e+01
1.499185848236083984e+01
1.226205968856811523e+01
1.228942131996154785e+01
2.163855743408203125e+01
2.814464402198791504e+01
3.073909187316894531e+01
4.462154173851013184e+01
4.380201768875122070e+01
2.954035782814025879e+01
1.459805011749267578e+01
3.794595003128051758e+01
1.367707061767578125e+01
3.099685978889465332e+01
1.536882781982421875e+01
1.052217102050781250e+01
1.384824323654174805e+01
4.563538885116577148e+01
1.453421449661254883e+01
2.666701149940490723e+01
1.633721256256103516e+01
1.234572696685791016e+01
4.691450834274291992e+00
2.105332064628601074e+01
5.555550813674926758e+00
1.563707351684570312e+01
1.481794905662536621e+01
3.284095001220703125e+01
1.813200616836547852e+01
2.584276032447814941e+01
1.618205785751342773e+01
3.398112487792968750e+01
1.751493930816650391e+01
3.422682070732116699e+01
3.622626090049743652e+01
3.308178067207336426e+01
2.397722172737121582e+01
9.641996860504150391e+00
1.454494690895080566e+01
1.769332170486450195e+01
2.094666504859924316e+01
1.058639597892761230e+01
2.096179819107055664e+01
2.657053208351135254e+01
2.331602764129638672e+01
2.281361389160156250e+01
1.598382782936096191e+01
2.053334522247314453e+01
2.432593107223510742e+01
2.653319239616394043e+01
3.051216411590576172e+01
2.244962024688720703e+01
3.772080636024475098e+01
3.926759624481201172e+01
1.524475669860839844e+01
3.375199055671691895e+01
3.939795684814453125e+01
1.446704888343811035e+01
1.492118287086486816e+01
2.845913028717041016e+01
3.162914085388183594e+01
3.288053274154663086e+01
1.963054323196411133e+01
2.351445555686950684e+01
2.671717453002929688e+01
1.798992657661437988e+01
2.899758434295654297e+01
1.491859722137451172e+01
1.562709164619445801e+01
1.889083290100097656e+01
3.843979406356811523e+01
2.045748925209045410e+01
1.964050674438476562e+01
1.994411158561706543e+01
2.336949372291564941e+01
2.797715044021606445e+01
3.607209897041320801e+01
1.626584339141845703e+01
2.989510822296142578e+01
2.732182264328002930e+01
1.771365427970886230e+01
3.045142626762390137e+01
1.735318350791931152e+01
1.730061125755310059e+01
1.891221213340759277e+01
2.635687041282653809e+01
1.838539791107177734e+01
2.336674022674560547e+01
2.049685001373291016e+01
2.539653038978576660e+01
1.913625383377075195e+01
3.221911907196044922e+01
1.840826582908630371e+01
1.889324188232421875e+01
3.628182029724121094e+01
3.652474904060363770e+01
3.313801121711730957e+01
2.823112225532531738e+01
2.031308865547180176e+01
1.895122385025024414e+01
2.997232627868652344e+01
1.943801093101501465e+01
2.180381560325622559e+01
2.614105296134948730e+01
3.012922644615173340e+01
2.738306450843811035e+01
3.785488533973693848e+01
2.474604797363281250e+01
3.558635497093200684e+01
3.302204632759094238e+01
3.055596947669982910e+01
2.176745986938476562e+01
1.270289611816406250e+01
1.955414271354675293e+01
2.574423503875732422e+01
2.961594009399414062e+01
2.800178766250610352e+01
2.654929327964782715e+01
2.539516878128051758e+01
1.612115573883056641e+01
2.619639515876770020e+01
1.809294342994689941e+01
2.732841825485229492e+01
3.024830770492553711e+01
2.123949623107910156e+01
2.678922915458679199e+01
1.442015361785888672e+01
2.102016997337341309e+01
3.105070614814758301e+01
3.265156626701354980e+01
4.093099713325500488e+01
3.392358851432800293e+01
2.919841265678405762e+01
1.446477937698364258e+01
3.521975708007812500e+01
2.144473767280578613e+01
2.948532915115356445e+01
2.872710990905761719e+01
2.546898674964904785e+01
3.415282869338989258e+01
2.965415143966674805e+01
3.445214724540710449e+01
2.028919959068298340e+01
2.212274980545043945e+01
3.529366612434387207e+01
2.984252977371215820e+01
2.743341135978698730e+01
1.238305211067199707e+01
3.590470504760742188e+01
3.031869339942932129e+01
2.797654867172241211e+01
1.301608490943908691e+01
3.696715068817138672e+01
3.019319558143615723e+01
2.454442024230957031e+01
3.048581194877624512e+01
1.609466743469238281e+01
2.197531962394714355e+01
1.455996084213256836e+01
3.379569935798645020e+01
3.193242096900939941e+01
1.853613662719726562e+01
3.192622327804565430e+01
2.826722764968872070e+01
3.002758264541625977e+01
3.774219989776611328e+01
3.551579594612121582e+01
1.735899615287780762e+01
1.934670400619506836e+01
3.798065996170043945e+01
3.396739220619201660e+01
1.544285488128662109e+01
3.115750718116760254e+01
2.763886308670043945e+01
3.940986919403076172e+01
2.042822480201721191e+01
4.973633575439453125e+01
4.289109039306640625e+01
2.880508685111999512e+01
2.740240192413330078e+01
4.691173195838928223e+01
1.632690072059631348e+01
2.949996042251586914e+01
3.110055899620056152e+01
3.348434853553771973e+01
1.841745901107788086e+01
2.932733583450317383e+01
2.889405083656311035e+01
3.089106583595275879e+01
1.876906681060791016e+01
1.895282101631164551e+01
4.743400382995605469e+01
1.990261054039001465e+01
3.444238042831420898e+01
5.026559472084045410e+01
3.592208600044250488e+01
4.555042624473571777e+01
1.177641153335571289e+01
3.070782542228698730e+01
4.108541989326477051e+01
5.163637495040893555e+01
2.939326071739196777e+01
2.221407413482666016e+01
3.267154574394226074e+01
2.704410505294799805e+01
4.622941017150878906e+01
9.392194271087646484e+00
1.239479708671569824e+01
9.198042869567871094e+00
3.777836823463439941e+01
1.407392525672912598e+01
1.739114141464233398e+01
2.818233799934387207e+01
1.989133596420288086e+01
1.344305181503295898e+01
1.834775018692016602e+01
2.001799726486206055e+01
2.624267768859863281e+01
3.631450629234313965e+01
1.793616175651550293e+01
3.391054320335388184e+01
2.694278883934020996e+01
2.016380262374877930e+01
2.097614765167236328e+01
1.708291506767272949e+01
1.494322705268859863e+01
3.814179897308349609e+01
1.389977025985717773e+01
3.550795459747314453e+01
1.657125520706176758e+01
2.438147568702697754e+01
2.033961582183837891e+01
4.352331280708312988e+01
1.265092706680297852e+01
2.985696125030517578e+01
2.095519018173217773e+01
1.606044864654541016e+01
4.611161684989929199e+01
1.668507409095764160e+01
2.918727540969848633e+01
2.269586253166198730e+01
2.187714099884033203e+01
1.951358652114868164e+01
3.493142771720886230e+01
2.962766742706298828e+01
4.944779849052429199e+01
2.090584707260131836e+01
1.428727579116821289e+01
2.188357782363891602e+01
4.743026185035705566e+01
2.455252575874328613e+01
2.375556349754333496e+01
2.629175496101379395e+01
3.219274187088012695e+01
2.385262084007263184e+01
3.228963112831115723e+01
2.322123432159423828e+01
1.295492267608642578e+01
1.371710634231567383e+01
2.269507050514221191e+01
2.400191664695739746e+01
2.186917138099670410e+01
9.808278560638427734e+00
2.619223427772521973e+01
3.949519658088684082e+01
9.931021690368652344e+00
1.070497822761535645e+01
2.116688466072082520e+01
1.433237171173095703e+01
3.634596133232116699e+01
2.070876312255859375e+01
2.045929861068725586e+01
4.003463912010192871e+01
1.053097224235534668e+01
1.655927681922912598e+01
2.483904743194580078e+01
3.800101709365844727e+01
1.731978821754455566e+01
3.879025101661682129e+01
1.317304587364196777e+01
2.875292897224426270e+01
1.999924421310424805e+01
1.729580736160278320e+01
1.492513155937194824e+01
1.566990303993225098e+01
2.163191080093383789e+01
2.343716907501220703e+01
1.981971168518066406e+01
2.283565020561218262e+01
3.365200734138488770e+01
1.511436343193054199e+01
1.800459122657775879e+01
2.415633845329284668e+01
1.888052845001220703e+01
1.719155168533325195e+01
1.531415581703186035e+01
2.013894200325012207e+01
1.834900784492492676e+01
1.864122295379638672e+01
3.230530548095703125e+01
1.658820652961730957e+01
2.717180943489074707e+01
2.659622359275817871e+01
2.925687885284423828e+01
1.818242716789245605e+01
2.786452364921569824e+01
2.809905385971069336e+01
2.617668128013610840e+01
2.410077142715454102e+01
2.806599998474121094e+01
2.778314948081970215e+01
2.853387451171875000e+01
1.681217026710510254e+01
1.346346378326416016e+01
3.076671433448791504e+01
3.080618405342102051e+01
3.540389370918273926e+01
2.234522986412048340e+01
1.941729593276977539e+01
3.272885298728942871e+01
2.130354905128479004e+01
3.196036672592163086e+01
1.597591519355773926e+01
1.264166736602783203e+01
1.487378716468811035e+01
2.781227993965148926e+01
2.145067143440246582e+01
1.997051501274108887e+01
1.449324154853820801e+01
3.019569516181945801e+01
3.596115088462829590e+01
2.439863157272338867e+01
3.607808065414428711e+01
1.740634918212890625e+01
3.532344317436218262e+01
1.766233444213867188e+01
1.805519318580627441e+01
1.360102844238281250e+01
8.026841163635253906e+00
1.843762493133544922e+01
3.607836699485778809e+01
2.042127680778503418e+01
1.761692738533020020e+01
3.694364547729492188e+01
2.477735781669616699e+01
2.958237051963806152e+01
2.907343339920043945e+01
3.220125174522399902e+01
2.654857969284057617e+01
3.045395755767822266e+01
3.942582535743713379e+01
1.295944666862487793e+01
3.952350640296936035e+01
3.182843017578125000e+01
2.727442026138305664e+01
2.239663624763488770e+01
3.209892153739929199e+01
2.866464519500732422e+01
1.629302906990051270e+01
1.417887711524963379e+01
2.126569294929504395e+01
2.814382672309875488e+01
3.040870332717895508e+01
2.200429892539978027e+01
2.173646354675292969e+01
2.302928113937377930e+01
4.371390533447265625e+01
2.774056172370910645e+01
2.266703319549560547e+01
1.583931541442871094e+01
1.104020881652832031e+01
1.862738680839538574e+01
1.133471059799194336e+01
1.524263834953308105e+01
2.046934318542480469e+01
4.596525907516479492e+00
1.216277980804443359e+01
2.029470276832580566e+01
3.222538304328918457e+01
1.487256217002868652e+01
1.987574672698974609e+01
1.645669627189636230e+01
2.855549240112304688e+01
2.072454452514648438e+01
2.725924324989318848e+01
2.083918786048889160e+01
2.120892238616943359e+01
6.917257547378540039e+00
2.411167025566101074e+01
1.754837369918823242e+01
1.480811977386474609e+01
2.062610030174255371e+01
2.068385291099548340e+01
2.469039750099182129e+01
7.119209051132202148e+00
4.213667607307434082e+01
1.474066209793090820e+01
3.466264176368713379e+01
1.720526027679443359e+01
8.653743028640747070e+00
1.479801273345947266e+01
3.115336966514587402e+01
3.579180908203125000e+01
3.374843549728393555e+01
2.803995728492736816e+01
2.168383455276489258e+01
3.820890355110168457e+01
2.878808069229125977e+01
2.914054775238037109e+01
1.669589877128601074e+01
1.453262376785278320e+01
1.156422424316406250e+01
1.802522468566894531e+01
1.969066095352172852e+01
1.114717102050781250e+01
1.415062427520751953e+01
1.819170784950256348e+01
1.988626027107238770e+01
2.105476379394531250e+01
2.124469566345214844e+01
2.037329602241516113e+01
3.452125144004821777e+01
9.017969131469726562e+00
1.545601487159729004e+01
2.107365226745605469e+01
2.810741114616394043e+01
1.565272641181945801e+01
1.979336380958557129e+01
2.828204059600830078e+01
2.218492627143859863e+01
1.834056186676025391e+01
1.419991755485534668e+01
2.718118023872375488e+01
1.614517712593078613e+01
2.766805505752563477e+01
1.197131681442260742e+01
2.780922985076904297e+01
3.266628384590148926e+01
2.048663496971130371e+01
2.443252182006835938e+01
2.999566364288330078e+01
2.681005501747131348e+01
4.447627615928649902e+01
1.517538142204284668e+01
1.892784142494201660e+01
2.600123524665832520e+01
1.654882669448852539e+01
1.924841189384460449e+01
2.305951452255249023e+01
2.004614996910095215e+01
2.321667337417602539e+01
3.140158891677856445e+01
1.425866150856018066e+01
1.828229212760925293e+01
1.610237979888916016e+01
1.811832714080810547e+01
1.691462111473083496e+01
2.358976340293884277e+01
1.448339152336120605e+01
4.651179790496826172e+01
3.395174503326416016e+01
3.270297861099243164e+01
2.517040872573852539e+01
3.133281636238098145e+01
1.469037389755249023e+01
3.428593063354492188e+01
2.375220489501953125e+01
2.048654127120971680e+01
3.826353168487548828e+01
2.203426480293273926e+01
2.147040510177612305e+01
3.087670683860778809e+01
1.882630610466003418e+01
1.498759269714355469e+01
2.871555614471435547e+01
2.312949275970458984e+01
2.788486289978027344e+01
2.102812886238098145e+01
1.962361478805541992e+01
1.431377720832824707e+01
2.176451635360717773e+01
3.380741047859191895e+01
1.977568626403808594e+01
2.128835391998291016e+01
2.294305944442749023e+01
2.000105643272399902e+01
2.885523700714111328e+01
3.207286667823791504e+01
2.298233699798583984e+01
3.171223664283752441e+01
1.201531982421875000e+01
6.343568325042724609e+00
1.086046028137207031e+01
1.698625159263610840e+01
3.120919799804687500e+01
5.528444743156433105e+01
3.096927404403686523e+01
2.532680606842041016e+01
1.823469066619873047e+01
3.259615325927734375e+01
1.689646720886230469e+01
1.976102709770202637e+01
1.288897037506103516e+01
2.239228558540344238e+01
2.445923686027526855e+01
2.023465919494628906e+01
1.550857400894165039e+01
3.238364529609680176e+01
3.730862355232238770e+01
2.335325574874877930e+01
1.810085201263427734e+01
1.817493391036987305e+01
2.368618130683898926e+01
2.425058221817016602e+01
3.132898354530334473e+01
3.416820549964904785e+01
2.936451721191406250e+01
3.021460294723510742e+01
3.376832723617553711e+01
2.435791349411010742e+01
3.112598037719726562e+01
3.014801383018493652e+01
2.296372723579406738e+01
1.445498967170715332e+01
1.202532649040222168e+01
1.798487854003906250e+01
1.616629958152770996e+01
1.481309771537780762e+01
2.181339836120605469e+01
1.608168053627014160e+01
2.602381944656372070e+01
2.454996371269226074e+01
5.192156791687011719e+00
1.660456323623657227e+01
2.553170824050903320e+01
1.973856759071350098e+01
2.583063268661499023e+01
1.228785228729248047e+01
2.032432770729064941e+01
9.930678844451904297e+00
2.254357886314392090e+01
8.949601650238037109e+00
2.289224743843078613e+01
1.615215921401977539e+01
1.577263975143432617e+01
1.420310354232788086e+01
2.151257658004760742e+01
1.455115246772766113e+01
7.731302499771118164e+00
1.533617520332336426e+01
9.364501237869262695e+00
1.896479916572570801e+01
1.427183651924133301e+01
1.837174272537231445e+01
1.149108815193176270e+01
1.671586561203002930e+01
2.328160095214843750e+01
2.769386911392211914e+01
3.912218022346496582e+01
1.412930893898010254e+01
1.854887342453002930e+01
2.288796710968017578e+01
3.119381165504455566e+01
4.909264135360717773e+01
3.067372393608093262e+01
1.890410542488098145e+01
1.899971246719360352e+01
2.209420442581176758e+01
2.947844958305358887e+01
1.607863807678222656e+01
1.599658703804016113e+01
1.501508593559265137e+01
1.826915812492370605e+01
1.506468558311462402e+01
3.453098130226135254e+01
2.536264419555664062e+01
2.568960118293762207e+01
2.932195472717285156e+01
1.726751518249511719e+01
3.232973599433898926e+01
1.818513345718383789e+01
1.540037798881530762e+01
3.245922136306762695e+01
1.393856143951416016e+01
1.345496106147766113e+01
2.506124591827392578e+01
1.717261004447937012e+01
1.507693886756896973e+01
3.284701371192932129e+01
1.851558947563171387e+01
1.449396085739135742e+01
2.361315464973449707e+01
2.997676849365234375e+01
2.573225045204162598e+01
1.037154865264892578e+01
1.549760603904724121e+01
1.354033899307250977e+01
2.173260712623596191e+01
2.228860712051391602e+01
2.160621476173400879e+01
1.935167765617370605e+01
1.689418649673461914e+01
1.598141908645629883e+01
9.983423471450805664e+00
3.103300189971923828e+01
3.032791018486022949e+01
1.152197718620300293e+01
1.955856323242187500e+01
3.352743029594421387e+01
1.945725464820861816e+01
1.012347197532653809e+01
2.087411284446716309e+01
1.567107105255126953e+01
2.765807032585144043e+01
1.649314713478088379e+01
2.489871120452880859e+01
2.098725271224975586e+01
1.414859604835510254e+01
1.041828775405883789e+01
3.125628685951232910e+01
1.932162070274353027e+01
2.386819100379943848e+01
1.548388624191284180e+01
2.279569077491760254e+01
2.656012415885925293e+01
2.993285489082336426e+01
2.631967353820800781e+01
7.407945394515991211e+00
2.492604351043701172e+01
3.649956965446472168e+01
1.372235846519470215e+01
1.458765649795532227e+01
2.395863080024719238e+01
4.083975863456726074e+01
2.146226644515991211e+01
1.113836979866027832e+01
2.327979207038879395e+01
2.929187321662902832e+01
1.607010555267333984e+01
1.461186432838439941e+01
2.262492990493774414e+01
1.584342837333679199e+01
9.689189672470092773e+00
1.153458023071289062e+01
1.088237524032592773e+01
1.674724650382995605e+01
1.990652370452880859e+01
1.525439143180847168e+01
3.740227317810058594e+01
1.274156093597412109e+01
1.241206264495849609e+01
2.740884423255920410e+01
1.726094746589660645e+01
4.265605187416076660e+01
2.584435629844665527e+01
2.167693448066711426e+01
2.198535490036010742e+01
2.623254179954528809e+01
1.634492516517639160e+01
1.304627132415771484e+01
3.562329339981079102e+01
2.997452640533447266e+01
2.692640376091003418e+01
1.043447852134704590e+01
3.680447340011596680e+01
1.792487573623657227e+01
1.861452794075012207e+01
1.539351081848144531e+01
1.644859981536865234e+01
1.445155382156372070e+01
2.169944024085998535e+01
1.429051661491394043e+01
2.763218379020690918e+01
3.231226134300231934e+01
2.812058687210083008e+01
1.028424215316772461e+01
2.941186189651489258e+01
2.047078490257263184e+01
2.360565352439880371e+01
1.537264156341552734e+01
7.376535654067993164e+00
8.405997514724731445e+00
1.963931417465209961e+01
1.929573845863342285e+01
2.195441651344299316e+01
1.579521012306213379e+01
2.173122429847717285e+01
2.952534317970275879e+01
2.011192345619201660e+01
1.551185488700866699e+01
3.312274122238159180e+01
3.458222484588623047e+01
2.250585460662841797e+01
1.415111494064331055e+01
2.253830933570861816e+01
1.158114790916442871e+01
2.174763560295104980e+01
3.087646842002868652e+01
1.773983860015869141e+01
1.181710457801818848e+01
1.167200732231140137e+01
1.973308277130126953e+01
2.190589284896850586e+01
5.019651150703430176e+01
9.811409473419189453e+00
2.311884903907775879e+01
2.400720143318176270e+01
3.639393901824951172e+01
1.737114667892456055e+01
2.562822318077087402e+01
3.165128707885742188e+01
1.601699614524841309e+01
3.284252643585205078e+01
1.986860299110412598e+01
1.761059761047363281e+01
2.044672751426696777e+01
1.917474007606506348e+01
1.391422891616821289e+01
1.679369688034057617e+01
2.577819085121154785e+01
1.901350784301757812e+01
1.439542722702026367e+01
1.383301401138305664e+01
1.820000028610229492e+01
3.044439625740051270e+01
1.517010092735290527e+01
2.115399527549743652e+01
1.495242738723754883e+01
1.922639608383178711e+01
1.787706089019775391e+01
2.201065921783447266e+01
2.208797979354858398e+01
1.907210040092468262e+01
2.715771412849426270e+01
1.654090857505798340e+01
2.990401601791381836e+01
2.182854270935058594e+01
2.124145770072937012e+01
1.962028217315673828e+01
2.301948857307434082e+01
3.580270099639892578e+01
2.279076695442199707e+01
2.537843894958496094e+01
1.661306881904602051e+01
2.999117207527160645e+01
4.623935389518737793e+01
1.239879965782165527e+01
1.225837779045104980e+01
1.199393248558044434e+01
1.490844368934631348e+01
2.532617187500000000e+01
2.237581467628479004e+01
3.563940882682800293e+01
2.308350157737731934e+01
2.388268733024597168e+01
1.883208870887756348e+01
1.006283569335937500e+01
1.458996558189392090e+01
1.747502040863037109e+01
6.521403312683105469e+00
2.730170822143554688e+01
3.676760792732238770e+01
2.490574312210083008e+01
1.999982666969299316e+01
1.594465851783752441e+01
3.273053717613220215e+01
1.748327779769897461e+01
2.005955862998962402e+01
1.655841732025146484e+01
8.858030080795288086e+00
1.287811541557312012e+01
2.307028532028198242e+01
1.798174309730529785e+01
2.618486332893371582e+01
3.989678549766540527e+01
2.967300534248352051e+01
9.467110395431518555e+00
2.164626789093017578e+01
1.286666679382324219e+01
2.273652553558349609e+01
1.260767531394958496e+01
2.395307469367980957e+01
2.772006654739379883e+01
2.924346756935119629e+01
1.429238581657409668e+01
2.857836294174194336e+01
1.943347382545471191e+01
2.580157136917114258e+01
3.020991420745849609e+01
2.293105626106262207e+01
2.964772439002990723e+01
9.511986494064331055e+00
1.654886555671691895e+01
