5.177014112472534180e+00
3.431235074996948242e+00
2.449466943740844727e+00
4.951770782470703125e+00
2.128886938095092773e+00
1.753820896148681641e+00
1.850771903991699219e+00
2.194706916809082031e+00
2.751507043838500977e+00
2.370167970657348633e+00
2.354508161544799805e+00
1.770977020263671875e+00
2.674707889556884766e+00
1.823289155960083008e+00
2.057786941528320312e+00
1.691082000732421875e+00
2.361701250076293945e+00
2.213164091110229492e+00
2.314626932144165039e+00
2.277265310287475586e+00
2.260142803192138672e+00
2.349045991897583008e+00
2.195896148681640625e+00
2.403238058090209961e+00
1.700983762741088867e+00
3.205323219299316406e+00
2.676086664199829102e+00
1.694755077362060547e+00
