2.128870129585266113e+01
2.300425910949707031e+01
1.410210442543029785e+01
2.213140559196472168e+01
2.124950051307678223e+01
1.637209439277648926e+01
1.822255086898803711e+01
2.055991888046264648e+01
1.464868474006652832e+01
1.784046554565429688e+01
1.978775739669799805e+01
2.732488155364990234e+01
3.050837635993957520e+01
1.667637228965759277e+01
5.703037261962890625e+00
1.576474094390869141e+01
1.665661001205444336e+01
2.208179211616516113e+01
1.963380432128906250e+01
1.646900391578674316e+01
3.615159869194030762e+01
2.353320169448852539e+01
1.494109106063842773e+01
2.151159691810607910e+01
1.713164019584655762e+01
1.535680246353149414e+01
2.134294438362121582e+01
1.784795665740966797e+01
1.192052960395812988e+01
1.114684796333312988e+01
2.974270081520080566e+01
3.309439730644226074e+01
1.715898084640502930e+01
1.845926880836486816e+01
2.637318348884582520e+01
2.327771544456481934e+01
1.058962798118591309e+01
1.459111237525939941e+01
2.722758531570434570e+01
1.925015711784362793e+01
2.581168031692504883e+01
2.921727585792541504e+01
2.017559480667114258e+01
8.511371850967407227e+00
8.139711141586303711e+00
1.310542082786560059e+01
9.619359970092773438e+00
1.577893018722534180e+01
1.521600270271301270e+01
8.001407861709594727e+00
1.736005449295043945e+01
9.575739145278930664e+00
1.760909891128540039e+01
1.440459203720092773e+01
2.752309608459472656e+01
1.673636889457702637e+01
2.012967920303344727e+01
3.380062556266784668e+01
4.333331584930419922e+01
1.562960529327392578e+01
2.305092501640319824e+01
1.555838847160339355e+01
1.529267120361328125e+01
3.512591767311096191e+01
3.683427000045776367e+01
4.841546702384948730e+01
1.342283463478088379e+01
3.330355429649353027e+01
3.341957163810729980e+01
1.770963525772094727e+01
1.184540700912475586e+01
2.715225362777709961e+01
1.744335794448852539e+01
2.067285966873168945e+01
2.338986182212829590e+01
2.320125579833984375e+01
2.422022771835327148e+01
3.153349900245666504e+01
3.184757971763610840e+01
1.647887992858886719e+01
1.496795916557312012e+01
1.535445642471313477e+01
1.540905761718750000e+01
2.687356948852539062e+01
1.679155802726745605e+01
3.755810689926147461e+01
2.252566027641296387e+01
3.360084009170532227e+01
5.945798158645629883e+00
1.807596468925476074e+01
2.518977379798889160e+01
2.308381342887878418e+01
1.686763095855712891e+01
3.389142417907714844e+01
2.120599007606506348e+01
2.626277065277099609e+01
2.685202455520629883e+01
5.468905925750732422e+00
1.965798997879028320e+01
3.063173818588256836e+01
3.041840720176696777e+01
1.767825102806091309e+01
2.161757254600524902e+01
1.582422041893005371e+01
2.790162611007690430e+01
2.919589591026306152e+01
2.215542936325073242e+01
2.656890034675598145e+01
2.490369391441345215e+01
2.151159667968750000e+01
2.481891703605651855e+01
1.069699835777282715e+01
2.717123460769653320e+01
1.966856861114501953e+01
2.344902706146240234e+01
2.486925220489501953e+01
2.843630671501159668e+01
1.878305554389953613e+01
3.249687266349792480e+01
3.588304519653320312e+01
1.465863513946533203e+01
3.059067249298095703e+01
2.785595655441284180e+01
3.720513606071472168e+01
3.883761143684387207e+01
1.492717790603637695e+01
2.200614881515502930e+01
3.354145264625549316e+01
4.087187981605529785e+01
2.731051111221313477e+01
3.915865445137023926e+01
1.736420941352844238e+01
3.901385664939880371e+01
5.763576817512512207e+01
2.837565875053405762e+01
3.158597278594970703e+01
3.017457222938537598e+01
4.657143688201904297e+01
2.335105657577514648e+01
2.290987539291381836e+01
3.955199575424194336e+01
1.899860692024230957e+01
3.830707979202270508e+01
4.624704432487487793e+01
4.811111187934875488e+01
5.415375685691833496e+01
3.911966991424560547e+01
2.470995068550109863e+01
1.483046126365661621e+01
5.437556314468383789e+01
3.805102086067199707e+01
2.414985656738281250e+01
3.647593951225280762e+01
1.656041765213012695e+01
2.978880929946899414e+01
4.395411324501037598e+01
2.250416541099548340e+01
3.147387790679931641e+01
3.171242785453796387e+01
4.167737674713134766e+01
2.277997803688049316e+01
3.311962413787841797e+01
4.678483319282531738e+01
4.403754496574401855e+01
1.664527320861816406e+01
3.591176986694335938e+01
5.743293642997741699e+01
2.660352921485900879e+01
5.544713258743286133e+01
2.618183612823486328e+01
3.512042427062988281e+01
3.536891770362854004e+01
3.199613475799560547e+01
4.422907757759094238e+01
2.526745676994323730e+01
3.473924016952514648e+01
2.169362258911132812e+01
3.021541857719421387e+01
3.168265914916992188e+01
3.273331689834594727e+01
3.363828682899475098e+01
2.300573563575744629e+01
1.988583540916442871e+01
2.396803498268127441e+01
3.426542305946350098e+01
3.487739515304565430e+01
4.741491270065307617e+01
4.103823399543762207e+01
3.445296907424926758e+01
3.718276858329772949e+01
2.582517504692077637e+01
3.630603384971618652e+01
3.330972599983215332e+01
3.902594637870788574e+01
2.189674592018127441e+01
3.050330042839050293e+01
1.456675505638122559e+01
2.801498413085937500e+01
7.470780372619628906e+00
2.937110018730163574e+01
3.747549247741699219e+01
2.922844648361206055e+01
1.903776717185974121e+01
5.316953134536743164e+01
4.186312532424926758e+01
2.247116947174072266e+01
6.289377737045288086e+01
3.108718943595886230e+01
2.083062410354614258e+01
1.412069702148437500e+01
3.969806742668151855e+01
1.857214140892028809e+01
1.807696986198425293e+01
2.043259191513061523e+01
4.303589153289794922e+01
4.239305424690246582e+01
3.232431507110595703e+01
2.056948065757751465e+01
4.374550557136535645e+01
4.317088961601257324e+01
3.563126134872436523e+01
4.288627457618713379e+01
1.720393824577331543e+01
1.966684389114379883e+01
3.256034541130065918e+01
1.457952713966369629e+01
1.963016724586486816e+01
3.988447356224060059e+01
1.996381807327270508e+01
2.120064377784729004e+01
2.847576260566711426e+01
2.267892885208129883e+01
5.194444298744201660e+01
3.323402667045593262e+01
1.070313405990600586e+01
1.265383815765380859e+01
3.967642331123352051e+01
4.560037088394165039e+01
1.240413999557495117e+01
1.089929938316345215e+01
1.480776977539062500e+01
4.644968128204345703e+01
1.665813446044921875e+01
1.572944998741149902e+01
1.264630699157714844e+01
3.459146165847778320e+01
7.377398252487182617e+01
2.860164475440979004e+01
3.345834970474243164e+01
2.472883248329162598e+01
2.489038515090942383e+01
4.986617946624755859e+01
2.205400443077087402e+01
2.232496500015258789e+01
1.678777146339416504e+01
3.834935522079467773e+01
5.297603178024291992e+01
1.791218328475952148e+01
2.008447599411010742e+01
1.930145764350891113e+01
2.673394417762756348e+01
2.079980850219726562e+01
2.224484539031982422e+01
2.741794443130493164e+01
1.839724516868591309e+01
4.120316815376281738e+01
2.681994605064392090e+01
1.842664098739624023e+01
3.339281749725341797e+01
1.227608013153076172e+01
1.242751479148864746e+01
2.912347126007080078e+01
4.225385951995849609e+01
4.728973484039306641e+01
1.628432250022888184e+01
2.302507448196411133e+01
2.058777761459350586e+01
4.039255785942077637e+01
1.767151904106140137e+01
3.017459511756896973e+01
2.610731410980224609e+01
2.529022693634033203e+01
5.821132588386535645e+01
2.377041840553283691e+01
2.095915102958679199e+01
2.530665588378906250e+01
3.092657136917114258e+01
6.356385493278503418e+01
3.031470870971679688e+01
3.911279988288879395e+01
5.797723984718322754e+01
2.549081015586853027e+01
2.156355237960815430e+01
5.268441295623779297e+01
3.138572764396667480e+01
2.928249192237854004e+01
1.781812357902526855e+01
3.052278876304626465e+01
1.709347558021545410e+01
2.113105654716491699e+01
3.011692166328430176e+01
2.157057452201843262e+01
2.579156565666198730e+01
1.973449993133544922e+01
1.656564140319824219e+01
2.749947834014892578e+01
1.916545629501342773e+01
1.993944859504699707e+01
2.621221280097961426e+01
1.247475194931030273e+01
3.830875778198242188e+01
1.977327036857604980e+01
2.634820675849914551e+01
1.941391396522521973e+01
3.427894425392150879e+01
2.163029479980468750e+01
1.283590555191040039e+01
3.217516827583312988e+01
4.622708988189697266e+01
2.853600668907165527e+01
4.127301454544067383e+01
3.387176275253295898e+01
4.934564304351806641e+01
3.988509988784790039e+01
2.555496931076049805e+01
6.758890104293823242e+01
8.259696483612060547e+00
3.023344993591308594e+01
2.928780937194824219e+01
3.349028778076171875e+01
3.274966144561767578e+01
2.529950809478759766e+01
1.797819638252258301e+01
1.902663207054138184e+01
2.679268670082092285e+01
3.149667692184448242e+01
1.165077233314514160e+01
2.292822051048278809e+01
3.317673420906066895e+01
1.561261844635009766e+01
2.531542873382568359e+01
3.042932796478271484e+01
1.723121976852416992e+01
3.840720582008361816e+01
2.986696863174438477e+01
3.820034575462341309e+01
4.105292558670043945e+01
2.761501502990722656e+01
2.959352421760559082e+01
2.629121637344360352e+01
2.001208472251892090e+01
3.764736747741699219e+01
1.777482128143310547e+01
2.956880092620849609e+01
1.955879402160644531e+01
3.027390956878662109e+01
1.675913763046264648e+01
1.654185795783996582e+01
3.023404288291931152e+01
1.620156288146972656e+01
1.580291986465454102e+01
1.801932215690612793e+01
1.461341977119445801e+01
1.146474194526672363e+01
1.112009143829345703e+01
2.377235770225524902e+01
1.773760008811950684e+01
1.605944919586181641e+01
2.049358844757080078e+01
1.948970198631286621e+01
2.810531735420227051e+01
2.093670916557312012e+01
1.513288617134094238e+01
1.784650731086730957e+01
3.776709842681884766e+01
1.935660529136657715e+01
3.760274147987365723e+01
1.292958831787109375e+01
9.874983549118041992e+00
1.889771151542663574e+01
4.790852308273315430e+01
1.797117853164672852e+01
4.850842618942260742e+01
4.438587784767150879e+01
1.276444721221923828e+01
2.514979243278503418e+01
5.297211861610412598e+01
3.309149527549743652e+01
2.505923652648925781e+01
4.317142915725708008e+01
3.428564834594726562e+01
3.722142839431762695e+01
1.923329281806945801e+01
3.147689127922058105e+01
1.955777931213378906e+01
1.474451231956481934e+01
4.334855532646179199e+01
1.751155161857604980e+01
5.126907110214233398e+01
2.688037014007568359e+01
2.111870408058166504e+01
1.623239922523498535e+01
2.561270308494567871e+01
4.191161727905273438e+01
4.529805064201354980e+01
3.567654871940612793e+01
2.542323660850524902e+01
1.889693570137023926e+01
1.977637839317321777e+01
4.198312592506408691e+01
2.230474448204040527e+01
2.380874443054199219e+01
1.845877003669738770e+01
4.904290747642517090e+01
2.983531880378723145e+01
1.901227378845214844e+01
1.948029422760009766e+01
6.252256679534912109e+01
2.605294871330261230e+01
1.295793628692626953e+01
2.975028347969055176e+01
3.036788749694824219e+01
3.344956350326538086e+01
5.903312897682189941e+01
1.958252286911010742e+01
4.004080963134765625e+01
4.264923024177551270e+01
2.042782521247863770e+01
6.552834296226501465e+01
9.271550893783569336e+00
3.144144821166992188e+01
2.949667644500732422e+01
2.219360852241516113e+01
2.529149842262268066e+01
3.344058203697204590e+01
3.156331229209899902e+01
2.765440034866333008e+01
3.688877820968627930e+01
1.584503865242004395e+01
5.473560690879821777e+01
3.392337989807128906e+01
2.770536470413208008e+01
5.235248541831970215e+01
3.763740539550781250e+01
2.581216931343078613e+01
2.854634952545166016e+01
1.319057035446166992e+01
2.267465710639953613e+01
2.084336924552917480e+01
3.069877982139587402e+01
2.559255981445312500e+01
3.112466835975646973e+01
2.213200926780700684e+01
2.944750046730041504e+01
5.217342233657836914e+01
3.981518888473510742e+01
1.513903093338012695e+01
2.102146410942077637e+01
2.860149598121643066e+01
2.437830328941345215e+01
2.496390771865844727e+01
3.463685488700866699e+01
5.355467867851257324e+01
3.642952179908752441e+01
4.176568937301635742e+01
3.211903738975524902e+01
3.544303369522094727e+01
1.765125370025634766e+01
3.967698264122009277e+01
3.707803130149841309e+01
4.104286646842956543e+01
6.033246731758117676e+01
2.928195571899414062e+01
4.135432791709899902e+01
3.029118824005126953e+01
2.383994078636169434e+01
3.354301142692565918e+01
2.495169806480407715e+01
2.398011207580566406e+01
5.682465529441833496e+01
3.279532146453857422e+01
1.717130088806152344e+01
4.623326826095581055e+01
2.410095310211181641e+01
3.857154893875122070e+01
3.320017981529235840e+01
1.453199410438537598e+01
2.538625621795654297e+01
3.526611685752868652e+01
4.727948045730590820e+01
2.356726145744323730e+01
2.958585381507873535e+01
2.340983629226684570e+01
2.451075553894042969e+01
1.686425852775573730e+01
1.584210824966430664e+01
1.715989208221435547e+01
3.215372109413146973e+01
3.366316103935241699e+01
3.846191477775573730e+01
3.656809163093566895e+01
4.425733804702758789e+01
2.050271964073181152e+01
4.140717196464538574e+01
2.831106138229370117e+01
1.265976119041442871e+01
3.369344663619995117e+01
2.462130761146545410e+01
3.796609592437744141e+01
2.274618577957153320e+01
1.993654227256774902e+01
2.953955769538879395e+01
3.050228452682495117e+01
1.193113565444946289e+01
3.677926015853881836e+01
1.370447516441345215e+01
2.926897430419921875e+01
4.735360217094421387e+01
4.263561987876892090e+01
3.762990450859069824e+01
1.284401440620422363e+01
4.655523657798767090e+01
2.942868638038635254e+01
3.167102026939392090e+01
4.589117026329040527e+01
2.627189469337463379e+01
2.246080040931701660e+01
3.055186629295349121e+01
2.809574747085571289e+01
5.895137119293212891e+01
2.094912362098693848e+01
2.808561372756958008e+01
7.586458253860473633e+01
3.684924721717834473e+01
2.895517659187316895e+01
3.489284777641296387e+01
3.086080408096313477e+01
5.775096249580383301e+01
4.342480397224426270e+01
2.467874670028686523e+01
4.340500688552856445e+01
1.957477545738220215e+01
2.950591325759887695e+01
4.830197501182556152e+01
2.864792275428771973e+01
1.468081855773925781e+01
1.568752622604370117e+01
5.043465781211853027e+01
1.696898150444030762e+01
3.323312520980834961e+01
1.747632050514221191e+01
1.609152221679687500e+01
4.979028058052062988e+01
3.397211861610412598e+01
1.491239261627197266e+01
2.167729663848876953e+01
3.790907859802246094e+01
2.557761144638061523e+01
1.848151946067810059e+01
2.110071682929992676e+01
2.289235806465148926e+01
1.794359540939331055e+01
1.484404015541076660e+01
5.738687777519226074e+01
1.644994807243347168e+01
4.110476756095886230e+01
3.487668585777282715e+01
2.948675036430358887e+01
3.661460661888122559e+01
2.938863682746887207e+01
1.010032010078430176e+01
2.654964900016784668e+01
4.089566659927368164e+01
2.214854979515075684e+01
1.928107452392578125e+01
3.142323017120361328e+01
3.636667966842651367e+01
5.682657146453857422e+01
4.195741510391235352e+01
2.528872084617614746e+01
2.059197521209716797e+01
4.343711018562316895e+01
2.769071555137634277e+01
2.587438130378723145e+01
1.151343202590942383e+01
4.084910845756530762e+01
2.988826751708984375e+01
4.001678347587585449e+01
6.248779439926147461e+01
3.298017621040344238e+01
5.368493270874023438e+01
2.989371824264526367e+01
2.116761493682861328e+01
4.100576138496398926e+01
2.052521753311157227e+01
2.464245915412902832e+01
3.629105305671691895e+01
3.775909137725830078e+01
2.652062129974365234e+01
4.248153662681579590e+01
3.509586930274963379e+01
4.563188815116882324e+01
4.080444836616516113e+01
3.161696052551269531e+01
1.932191014289855957e+01
1.758642816543579102e+01
2.873650360107421875e+01
5.964644575119018555e+01
3.966365861892700195e+01
2.752275300025939941e+01
2.361469149589538574e+01
1.656592655181884766e+01
2.912202143669128418e+01
5.185180544853210449e+01
1.616062402725219727e+01
2.187578797340393066e+01
4.651163101196289062e+01
3.171339607238769531e+01
4.507876586914062500e+01
4.052438735961914062e+01
3.641671729087829590e+01
4.169859409332275391e+01
1.487541985511779785e+01
1.386944556236267090e+01
1.670811033248901367e+01
1.940212988853454590e+01
1.576424431800842285e+01
3.647431731224060059e+01
3.665206241607666016e+01
4.424200248718261719e+01
1.884382271766662598e+01
2.056343865394592285e+01
1.569530034065246582e+01
3.707908463478088379e+01
1.730943846702575684e+01
3.518314981460571289e+01
2.937837338447570801e+01
4.113976192474365234e+01
2.211112356185913086e+01
1.998371839523315430e+01
1.351280021667480469e+01
3.480551004409790039e+01
2.227740168571472168e+01
1.911571502685546875e+01
4.647111129760742188e+01
1.643211579322814941e+01
3.024320101737976074e+01
4.943315029144287109e+01
2.792021822929382324e+01
3.950985002517700195e+01
2.697496747970581055e+01
3.636463952064514160e+01
3.921293187141418457e+01
1.440465950965881348e+01
1.828874421119689941e+01
2.183746719360351562e+01
4.708541679382324219e+01
1.826747870445251465e+01
1.840761685371398926e+01
3.771033930778503418e+01
2.633915805816650391e+01
2.607617664337158203e+01
3.632695722579956055e+01
5.111563062667846680e+01
2.666496706008911133e+01
2.943538379669189453e+01
4.211772489547729492e+01
4.018863344192504883e+01
4.946817421913146973e+01
5.403807473182678223e+01
4.048557972908020020e+01
2.450087547302246094e+01
3.948007535934448242e+01
2.841968560218811035e+01
4.642177605628967285e+01
2.358006525039672852e+01
1.848702812194824219e+01
3.569132161140441895e+01
2.489140915870666504e+01
3.522718048095703125e+01
2.638725399971008301e+01
2.831826972961425781e+01
5.238279128074645996e+01
3.831763005256652832e+01
2.705120110511779785e+01
1.966227698326110840e+01
2.840359807014465332e+01
4.199484038352966309e+01
2.390638208389282227e+01
1.749873089790344238e+01
1.701263499259948730e+01
5.770620465278625488e+01
2.121031737327575684e+01
2.247599172592163086e+01
3.427881574630737305e+01
2.978558278083801270e+01
2.916738724708557129e+01
3.804507517814636230e+01
3.518292546272277832e+01
3.863264894485473633e+01
4.325809359550476074e+01
3.944841670989990234e+01
2.077860951423645020e+01
3.060254502296447754e+01
3.723250794410705566e+01
4.873091650009155273e+01
5.851912879943847656e+01
1.162432694435119629e+01
3.925969266891479492e+01
4.331011676788330078e+01
3.657609772682189941e+01
4.625181388854980469e+01
2.771201276779174805e+01
3.146306800842285156e+01
2.929742074012756348e+01
1.751989364624023438e+01
2.069856977462768555e+01
1.389649629592895508e+01
3.558136487007141113e+01
3.301345252990722656e+01
1.317269968986511230e+01
1.592989349365234375e+01
3.181927895545959473e+01
2.920213270187377930e+01
1.789849042892456055e+01
2.113985562324523926e+01
4.196577644348144531e+01
3.298439288139343262e+01
2.655508947372436523e+01
6.236870288848876953e+01
1.202425980567932129e+01
1.372825932502746582e+01
2.860935974121093750e+01
5.503163337707519531e+01
5.121090555191040039e+01
2.455258035659790039e+01
1.661195349693298340e+01
1.166367316246032715e+01
2.581621861457824707e+01
3.688712501525878906e+01
4.709043288230895996e+01
1.947262644767761230e+01
3.904074382781982422e+01
1.949330377578735352e+01
2.350072693824768066e+01
2.883291673660278320e+01
2.757026267051696777e+01
3.363420367240905762e+01
2.479316735267639160e+01
3.431546640396118164e+01
2.427056288719177246e+01
1.736521625518798828e+01
1.479117465019226074e+01
5.620468688011169434e+01
1.935155177116394043e+01
3.139059257507324219e+01
2.080679416656494141e+01
3.143831348419189453e+01
4.585126829147338867e+01
3.343494105339050293e+01
2.422206258773803711e+01
1.789518117904663086e+01
2.653963875770568848e+01
5.165541625022888184e+01
3.857497739791870117e+01
3.227292227745056152e+01
2.847312116622924805e+01
2.153762054443359375e+01
2.595113325119018555e+01
1.910696029663085938e+01
1.500652956962585449e+01
3.220326948165893555e+01
2.133829617500305176e+01
1.774359345436096191e+01
2.025518703460693359e+01
2.699307727813720703e+01
3.157217240333557129e+01
2.244505119323730469e+01
1.309186673164367676e+01
3.737610459327697754e+01
5.493554902076721191e+01
2.325580501556396484e+01
2.125669288635253906e+01
1.368425440788269043e+01
2.109542751312255859e+01
4.012647223472595215e+01
3.005779862403869629e+01
2.035503840446472168e+01
4.833803248405456543e+01
9.714666128158569336e+00
1.856686544418334961e+01
2.482342958450317383e+01
3.532152819633483887e+01
1.348529124259948730e+01
1.837882494926452637e+01
1.022064661979675293e+01
3.243234825134277344e+01
3.453624463081359863e+01
3.616396760940551758e+01
4.747471499443054199e+01
1.276988124847412109e+01
2.332473969459533691e+01
3.400375890731811523e+01
2.192800259590148926e+01
3.358802890777587891e+01
1.834617424011230469e+01
2.586374855041503906e+01
1.514389061927795410e+01
2.269955897331237793e+01
3.765083146095275879e+01
2.253631019592285156e+01
2.036135196685791016e+01
2.068969750404357910e+01
2.552729749679565430e+01
6.317898344993591309e+01
2.584317302703857422e+01
4.397836065292358398e+01
3.061613059043884277e+01
2.166153216361999512e+01
2.753118467330932617e+01
1.587568426132202148e+01
2.792483925819396973e+01
8.264741182327270508e+00
2.258259105682373047e+01
2.142588067054748535e+01
9.837898731231689453e+00
2.031552410125732422e+01
3.042088985443115234e+01
3.381850504875183105e+01
5.047426819801330566e+01
1.582051992416381836e+01
8.353802680969238281e+01
3.261695289611816406e+01
2.294988965988159180e+01
1.269257092475891113e+01
2.405651926994323730e+01
4.173043990135192871e+01
2.060520648956298828e+01
3.322392797470092773e+01
3.879206347465515137e+01
8.494792938232421875e+00
1.475405430793762207e+01
4.047812223434448242e+01
2.260852265357971191e+01
2.527671790122985840e+01
3.896794319152832031e+01
2.956733012199401855e+01
3.052281236648559570e+01
2.226843190193176270e+01
2.540411257743835449e+01
1.337884879112243652e+01
1.783083939552307129e+01
2.272302007675170898e+01
4.186239695549011230e+01
4.104952478408813477e+01
2.537237453460693359e+01
2.532716798782348633e+01
6.831798672676086426e+01
4.010829639434814453e+01
2.264560461044311523e+01
1.582966542243957520e+01
5.431486272811889648e+01
2.894969701766967773e+01
2.608850717544555664e+01
1.506657671928405762e+01
1.234588384628295898e+01
2.906061244010925293e+01
1.415900778770446777e+01
5.254634475708007812e+01
2.128478693962097168e+01
2.722422909736633301e+01
1.630407953262329102e+01
2.122618937492370605e+01
2.707117605209350586e+01
1.260282921791076660e+01
4.368923687934875488e+01
1.220914340019226074e+01
1.244075417518615723e+01
1.770100712776184082e+01
2.520399761199951172e+01
1.798970127105712891e+01
2.566395926475524902e+01
2.400884437561035156e+01
1.308022594451904297e+01
1.709841012954711914e+01
3.698224520683288574e+01
2.717896842956542969e+01
4.256677389144897461e+01
2.679009723663330078e+01
2.974370646476745605e+01
2.934054994583129883e+01
1.037743425369262695e+01
1.146093130111694336e+01
3.491886568069458008e+01
3.504946208000183105e+01
1.804548239707946777e+01
4.462290406227111816e+01
1.869299840927124023e+01
1.838775300979614258e+01
3.445641064643859863e+01
1.508944344520568848e+01
4.139511179924011230e+01
3.749729657173156738e+01
2.810320377349853516e+01
3.130868291854858398e+01
2.435203146934509277e+01
1.179479122161865234e+01
1.369466781616210938e+01
1.199950194358825684e+01
1.982101559638977051e+01
3.403287076950073242e+01
2.526798486709594727e+01
2.666300582885742188e+01
1.332269906997680664e+01
3.117221474647521973e+01
1.401920533180236816e+01
2.723862099647521973e+01
2.197016620635986328e+01
3.552865719795227051e+01
5.076434564590454102e+01
1.655606579780578613e+01
3.215912961959838867e+01
2.294661879539489746e+01
3.903137683868408203e+01
1.916518282890319824e+01
4.467529129981994629e+01
3.101284170150756836e+01
1.498369050025939941e+01
4.045205497741699219e+01
3.798967170715332031e+01
4.154418301582336426e+01
1.437439537048339844e+01
3.900792193412780762e+01
1.000376439094543457e+01
1.510686445236206055e+01
4.937772893905639648e+01
2.995873427391052246e+01
5.500570321083068848e+01
9.858342409133911133e+00
1.738243222236633301e+01
2.537080931663513184e+01
2.341100859642028809e+01
3.350624585151672363e+01
2.444203853607177734e+01
3.249161696434020996e+01
1.703388571739196777e+01
8.126781702041625977e+00
1.812130212783813477e+01
3.961793470382690430e+01
1.584471654891967773e+01
4.066920208930969238e+01
1.094855856895446777e+01
2.481119608879089355e+01
3.049865746498107910e+01
3.198700714111328125e+01
2.395948123931884766e+01
2.825086069107055664e+01
1.395252537727355957e+01
3.448520898818969727e+01
2.251974892616271973e+01
1.422264981269836426e+01
2.494724369049072266e+01
1.958954882621765137e+01
1.213930106163024902e+01
3.806410288810729980e+01
3.092295503616333008e+01
6.021605896949768066e+01
2.324229764938354492e+01
2.001142168045043945e+01
6.132366156578063965e+01
2.261706566810607910e+01
1.426672768592834473e+01
2.935185313224792480e+01
3.846308732032775879e+01
3.226294136047363281e+01
2.889038181304931641e+01
3.800342297554016113e+01
5.508781003952026367e+01
5.631205081939697266e+01
2.351078462600708008e+01
2.498308587074279785e+01
1.784603095054626465e+01
3.567679595947265625e+01
2.506056022644042969e+01
5.284243798255920410e+01
1.995095634460449219e+01
1.812973952293395996e+01
2.494778895378112793e+01
1.815231513977050781e+01
3.224702405929565430e+01
1.328954195976257324e+01
1.536125016212463379e+01
2.908779740333557129e+01
1.562841582298278809e+01
3.247080087661743164e+01
2.211056256294250488e+01
1.474342298507690430e+01
2.473966026306152344e+01
1.597809267044067383e+01
1.740383124351501465e+01
4.393765187263488770e+01
1.367001342773437500e+01
3.871882724761962891e+01
1.630325222015380859e+01
2.755980539321899414e+01
1.719527602195739746e+01
2.045363521575927734e+01
3.256810140609741211e+01
3.697709584236145020e+01
2.697276210784912109e+01
1.233417057991027832e+01
3.280370426177978516e+01
2.608202052116394043e+01
1.953575277328491211e+01
3.087220358848571777e+01
2.165699028968811035e+01
1.988130831718444824e+01
1.721791410446166992e+01
3.970873141288757324e+01
1.535827422142028809e+01
3.827004599571228027e+01
1.281735372543334961e+01
3.793780303001403809e+01
4.658892202377319336e+01
2.598173785209655762e+01
2.147354316711425781e+01
2.597504806518554688e+01
3.101973843574523926e+01
4.956574416160583496e+01
3.411019587516784668e+01
2.615620756149291992e+01
2.614208960533142090e+01
8.855418920516967773e+00
3.310063314437866211e+01
1.139876222610473633e+01
4.290622949600219727e+01
2.344165015220642090e+01
2.027515602111816406e+01
1.325775194168090820e+01
1.983430957794189453e+01
2.349374961853027344e+01
2.511774969100952148e+01
2.213196372985839844e+01
2.300961852073669434e+01
3.678129243850708008e+01
1.854176712036132812e+01
1.975281047821044922e+01
3.117470479011535645e+01
3.094489192962646484e+01
4.425886869430541992e+01
3.727592277526855469e+01
2.035685634613037109e+01
1.961034727096557617e+01
2.745167803764343262e+01
2.572743821144104004e+01
1.816474080085754395e+01
2.194404768943786621e+01
3.128058195114135742e+01
1.391276311874389648e+01
5.124297595024108887e+01
5.057848262786865234e+01
2.275906252861022949e+01
2.231501126289367676e+01
1.550908756256103516e+01
2.872797369956970215e+01
2.310507583618164062e+01
2.911232566833496094e+01
2.829182338714599609e+01
2.250347852706909180e+01
2.226605319976806641e+01
2.389263129234313965e+01
2.071209931373596191e+01
3.704242777824401855e+01
1.065840363502502441e+01
1.531911706924438477e+01
1.930452585220336914e+01
3.140011405944824219e+01
3.868485236167907715e+01
2.540775275230407715e+01
2.680265951156616211e+01
1.705432558059692383e+01
2.168385338783264160e+01
3.346646428108215332e+01
2.506848502159118652e+01
1.935542154312133789e+01
3.240685772895812988e+01
1.961416959762573242e+01
1.456526303291320801e+01
1.663847017288208008e+01
2.917413139343261719e+01
2.539433336257934570e+01
3.736192584037780762e+01
4.743979382514953613e+01
2.386434030532836914e+01
2.387818956375122070e+01
2.458293819427490234e+01
2.458635878562927246e+01
5.045644402503967285e+01
1.828330016136169434e+01
2.886863875389099121e+01
2.845490026473999023e+01
2.971394324302673340e+01
4.218584299087524414e+01
2.533608531951904297e+01
3.200378870964050293e+01
4.997339630126953125e+01
4.880320453643798828e+01
3.310339856147766113e+01
2.559309482574462891e+01
5.299534273147583008e+01
5.516328620910644531e+01
5.584811568260192871e+01
1.829902482032775879e+01
2.787351298332214355e+01
5.266037201881408691e+01
3.510471749305725098e+01
2.498451924324035645e+01
3.869189190864562988e+01
1.087949657440185547e+01
2.021420335769653320e+01
4.110692143440246582e+01
2.518973779678344727e+01
2.148305201530456543e+01
1.580101418495178223e+01
3.927518963813781738e+01
3.349665880203247070e+01
1.468747615814208984e+01
3.413548541069030762e+01
1.782447981834411621e+01
3.438677287101745605e+01
2.448355674743652344e+01
2.595661973953247070e+01
2.069946670532226562e+01
3.657096743583679199e+01
1.677310514450073242e+01
2.598740315437316895e+01
4.251288557052612305e+01
2.994841551780700684e+01
2.637830543518066406e+01
1.801603841781616211e+01
3.378279542922973633e+01
2.742873907089233398e+01
3.498535990715026855e+01
3.768908905982971191e+01
4.000724697113037109e+01
3.313867449760437012e+01
3.151989793777465820e+01
1.883894610404968262e+01
1.649633049964904785e+01
2.378230023384094238e+01
3.328474187850952148e+01
4.517392945289611816e+01
2.260581517219543457e+01
6.221112895011901855e+01
2.307051205635070801e+01
3.181398677825927734e+01
1.478811883926391602e+01
1.532212400436401367e+01
2.603232097625732422e+01
3.616983079910278320e+01
5.113539552688598633e+01
2.769303941726684570e+01
4.660068321228027344e+01
2.022924613952636719e+01
1.892201972007751465e+01
2.740480995178222656e+01
4.394290375709533691e+01
3.618672442436218262e+01
2.711944270133972168e+01
3.106070375442504883e+01
1.971609973907470703e+01
2.017198181152343750e+01
2.923916673660278320e+01
2.144867229461669922e+01
4.172492623329162598e+01
2.755676364898681641e+01
1.901082086563110352e+01
3.602420926094055176e+01
5.771211528778076172e+01
1.988571929931640625e+01
6.685393571853637695e+00
4.526408100128173828e+01
3.015923619270324707e+01
2.059009838104248047e+01
5.613280773162841797e+00
5.459646058082580566e+01
2.062233519554138184e+01
3.190982389450073242e+01
6.382350206375122070e+00
3.680082607269287109e+01
3.322102117538452148e+01
2.852968478202819824e+01
2.725167965888977051e+01
2.046832227706909180e+01
1.275952768325805664e+01
1.458025789260864258e+01
2.518558573722839355e+01
3.193365240097045898e+01
1.415517401695251465e+01
1.766308617591857910e+01
1.790585684776306152e+01
3.269752144813537598e+01
3.317032575607299805e+01
3.325551748275756836e+01
1.807103729248046875e+01
1.932290911674499512e+01
9.829106330871582031e+00
4.675858473777770996e+01
3.894354605674743652e+01
2.062911200523376465e+01
1.803062319755554199e+01
3.389075493812561035e+01
3.994111204147338867e+01
1.615493535995483398e+01
1.632953119277954102e+01
1.433244371414184570e+01
2.415556192398071289e+01
9.253072261810302734e+00
3.496859860420227051e+01
1.156269502639770508e+01
2.890900421142578125e+01
1.914483046531677246e+01
1.093922352790832520e+01
2.187440133094787598e+01
2.480856847763061523e+01
1.782887578010559082e+01
8.433753728866577148e+00
2.622079658508300781e+01
1.979063105583190918e+01
3.336121511459350586e+01
3.538019561767578125e+01
2.126472306251525879e+01
2.674836945533752441e+01
4.125759220123291016e+01
3.207156848907470703e+01
4.699391937255859375e+01
2.602214169502258301e+01
1.268366932868957520e+01
1.244299697875976562e+01
2.406383228302001953e+01
2.493823194503784180e+01
2.570186376571655273e+01
1.095236063003540039e+01
1.927402472496032715e+01
3.049580407142639160e+01
3.719192576408386230e+01
4.691383266448974609e+01
2.364526224136352539e+01
4.348852133750915527e+01
2.630122375488281250e+01
4.125633811950683594e+01
2.896866083145141602e+01
1.409918117523193359e+01
2.327634429931640625e+01
4.890460252761840820e+00
7.358929872512817383e+00
2.488239526748657227e+01
1.788072562217712402e+01
3.117827749252319336e+01
2.652107930183410645e+01
2.259611940383911133e+01
4.331022381782531738e+01
2.729099774360656738e+01
2.475753784179687500e+01
3.561579322814941406e+01
2.728248333930969238e+01
3.346298313140869141e+01
2.963961529731750488e+01
3.819696235656738281e+01
1.297020602226257324e+01
2.586753678321838379e+01
2.202842330932617188e+01
3.771345686912536621e+01
5.318142223358154297e+01
2.733583998680114746e+01
3.639256000518798828e+01
4.395722150802612305e+01
3.052478647232055664e+01
7.707842588424682617e+00
2.638963365554809570e+01
4.129365992546081543e+01
4.895099234580993652e+01
4.747862195968627930e+01
2.609031939506530762e+01
2.875350522994995117e+01
2.215183258056640625e+01
2.077850627899169922e+01
1.010355019569396973e+01
2.720968580245971680e+01
3.050898861885070801e+01
9.762756347656250000e+00
2.953090143203735352e+01
2.316080498695373535e+01
1.240327835083007812e+01
1.504421663284301758e+01
2.864690208435058594e+01
4.438979578018188477e+01
2.083819699287414551e+01
2.569073915481567383e+01
3.888720393180847168e+01
3.958208656311035156e+01
1.015135645866394043e+01
2.555798172950744629e+01
4.360191535949707031e+01
2.600520324707031250e+01
3.706463980674743652e+01
2.823863554000854492e+01
1.569118070602416992e+01
2.521907186508178711e+01
1.635209703445434570e+01
1.115325570106506348e+01
1.274545478820800781e+01
3.687885046005249023e+01
2.540195178985595703e+01
2.120247817039489746e+01
3.056503796577453613e+01
2.699118614196777344e+01
2.075200366973876953e+01
2.246788096427917480e+01
3.149127340316772461e+01
2.849038386344909668e+01
1.160534572601318359e+01
4.451473617553710938e+01
4.659767961502075195e+01
3.153218770027160645e+01
1.624198985099792480e+01
3.043687987327575684e+01
1.677413463592529297e+01
3.129461669921875000e+01
2.449733161926269531e+01
3.486639308929443359e+01
1.730291461944580078e+01
1.843763160705566406e+01
1.407728791236877441e+01
2.871819305419921875e+01
3.387789273262023926e+01
4.270090937614440918e+01
4.192462301254272461e+01
1.806807971000671387e+01
1.429893088340759277e+01
3.188447189331054688e+01
1.155236124992370605e+01
1.794963288307189941e+01
4.832509517669677734e+01
2.977100563049316406e+01
2.263970398902893066e+01
1.885382819175720215e+01
1.423236656188964844e+01
3.231834173202514648e+01
2.986688613891601562e+01
2.765254712104797363e+01
4.850355577468872070e+01
1.241533827781677246e+01
2.909613609313964844e+01
4.463460063934326172e+01
2.838110852241516113e+01
1.550928139686584473e+01
1.669445681571960449e+01
1.757844209671020508e+01
1.173295640945434570e+01
6.700487279891967773e+01
1.552405095100402832e+01
1.406334018707275391e+01
1.163267850875854492e+01
4.563084816932678223e+01
3.464548707008361816e+01
1.589923334121704102e+01
3.287822556495666504e+01
3.438217616081237793e+01
1.872932362556457520e+01
2.280372047424316406e+01
6.141431093215942383e+01
2.016237640380859375e+01
1.789754056930541992e+01
1.392146706581115723e+01
3.287330865859985352e+01
3.188574576377868652e+01
5.982459878921508789e+01
3.475095987319946289e+01
4.228898191452026367e+01
1.297177386283874512e+01
1.531517362594604492e+01
3.641277909278869629e+01
1.841151022911071777e+01
2.676303195953369141e+01
1.869938969612121582e+01
1.948041939735412598e+01
3.356287956237792969e+01
1.371622610092163086e+01
6.203660011291503906e+01
4.913144993782043457e+01
1.858473730087280273e+01
2.055500173568725586e+01
1.774895882606506348e+01
6.657864880561828613e+01
1.672801685333251953e+01
2.336021375656127930e+01
1.777586436271667480e+01
1.893946719169616699e+01
1.979902720451354980e+01
3.828994178771972656e+01
2.815836334228515625e+01
2.197970438003540039e+01
2.485877561569213867e+01
1.460886883735656738e+01
3.863649463653564453e+01
2.210794520378112793e+01
1.612741303443908691e+01
4.410199809074401855e+01
1.936649203300476074e+01
1.710439157485961914e+01
2.800816440582275391e+01
1.639820027351379395e+01
4.024593019485473633e+01
5.794954967498779297e+01
2.326678276062011719e+01
1.559442639350891113e+01
2.428655147552490234e+01
2.933407139778137207e+01
1.327136111259460449e+01
4.076065254211425781e+01
3.954129981994628906e+01
1.431756114959716797e+01
1.644311475753784180e+01
1.372139573097229004e+01
4.013522219657897949e+01
1.530225539207458496e+01
2.361921668052673340e+01
1.398099231719970703e+01
2.081102108955383301e+01
1.441107177734375000e+01
1.786691832542419434e+01
5.522260594367980957e+01
2.362671613693237305e+01
1.319252896308898926e+01
1.779619169235229492e+01
1.555962204933166504e+01
2.815636539459228516e+01
3.307044911384582520e+01
2.292663550376892090e+01
2.002656817436218262e+01
1.875909972190856934e+01
2.452193260192871094e+01
2.093135166168212891e+01
3.261213278770446777e+01
4.773633670806884766e+01
2.500075554847717285e+01
3.613802170753479004e+01
1.927552652359008789e+01
1.923744940757751465e+01
2.719111824035644531e+01
2.955580782890319824e+01
2.187392711639404297e+01
2.513846397399902344e+01
1.971778488159179688e+01
4.917009949684143066e+01
2.629008316993713379e+01
4.397005677223205566e+01
2.376161742210388184e+01
2.939965415000915527e+01
2.359392929077148438e+01
4.711392593383789062e+01
2.048652672767639160e+01
2.194827055931091309e+01
2.713651061058044434e+01
3.003697681427001953e+01
3.114013600349426270e+01
1.958036637306213379e+01
3.700222063064575195e+01
3.122678303718566895e+01
4.300840187072753906e+01
4.194153213500976562e+01
2.182711434364318848e+01
2.304629421234130859e+01
2.386847972869873047e+01
3.045362114906311035e+01
2.341732120513916016e+01
2.014298701286315918e+01
2.247810745239257812e+01
3.160752534866333008e+01
2.660221624374389648e+01
2.455397701263427734e+01
2.083760952949523926e+01
1.519101572036743164e+01
2.107430815696716309e+01
2.050116491317749023e+01
2.124314856529235840e+01
2.726298689842224121e+01
2.436860156059265137e+01
1.912398862838745117e+01
2.213138628005981445e+01
1.146636271476745605e+01
2.374551177024841309e+01
1.789811515808105469e+01
1.903985357284545898e+01
2.332526707649230957e+01
2.883909988403320312e+01
1.059885239601135254e+01
3.943651056289672852e+01
1.257887101173400879e+01
2.109978890419006348e+01
2.603716802597045898e+01
2.007157135009765625e+01
2.332762598991394043e+01
2.379821157455444336e+01
2.244661784172058105e+01
2.488407039642333984e+01
2.046697902679443359e+01
1.896377086639404297e+01
2.366521215438842773e+01
2.244237279891967773e+01
2.169224929809570312e+01
3.148173141479492188e+01
5.161202883720397949e+01
2.305633735656738281e+01
1.879313468933105469e+01
2.514671897888183594e+01
2.490360450744628906e+01
2.005679202079772949e+01
1.198945498466491699e+01
1.119076800346374512e+01
2.018089246749877930e+01
3.098118424415588379e+01
1.544728732109069824e+01
2.274299788475036621e+01
1.801560020446777344e+01
2.901682496070861816e+01
2.160267782211303711e+01
3.380259299278259277e+01
2.637350893020629883e+01
1.072653365135192871e+01
5.779318141937255859e+01
2.312415385246276855e+01
1.273185968399047852e+01
4.238465261459350586e+01
1.281113648414611816e+01
5.553174495697021484e+00
1.119273781776428223e+01
1.578317832946777344e+01
3.592530083656311035e+01
3.167109823226928711e+01
1.339048862457275391e+01
2.945622110366821289e+01
3.269314885139465332e+01
1.350236749649047852e+01
3.873209810256958008e+01
3.041780424118041992e+01
3.738026022911071777e+01
2.583292412757873535e+01
2.673989152908325195e+01
3.557197213172912598e+01
2.040772819519042969e+01
2.361753129959106445e+01
2.397701478004455566e+01
1.637313294410705566e+01
1.552867817878723145e+01
3.429557585716247559e+01
3.151584196090698242e+01
2.280639147758483887e+01
2.734687685966491699e+01
3.272034764289855957e+01
2.276855850219726562e+01
1.497608208656311035e+01
2.793333172798156738e+01
9.993057250976562500e+00
3.061947798728942871e+01
2.863962388038635254e+01
2.452285385131835938e+01
3.433036065101623535e+01
2.881645250320434570e+01
1.701228618621826172e+01
1.385417938232421875e+01
3.383814048767089844e+01
3.802966117858886719e+01
2.510749936103820801e+01
1.888221836090087891e+01
3.736655640602111816e+01
1.635657095909118652e+01
3.769337224960327148e+01
2.268631577491760254e+01
3.087709546089172363e+01
3.033551740646362305e+01
3.194159197807312012e+01
1.830257177352905273e+01
1.362400221824645996e+01
1.747145295143127441e+01
3.127046489715576172e+01
4.043021202087402344e+01
4.275039768218994141e+01
1.900613903999328613e+01
3.657006549835205078e+01
1.162877345085144043e+01
3.617528963088989258e+01
1.303736662864685059e+01
2.362864112854003906e+01
4.070172572135925293e+01
2.140053939819335938e+01
3.131160831451416016e+01
2.683245182037353516e+01
4.319492363929748535e+01
2.143792247772216797e+01
1.930600309371948242e+01
2.043495488166809082e+01
1.000908517837524414e+01
3.447221970558166504e+01
2.057478642463684082e+01
2.166885709762573242e+01
1.828726935386657715e+01
2.204664731025695801e+01
1.895841050148010254e+01
3.596351385116577148e+01
4.916506814956665039e+01
2.799737071990966797e+01
2.993372845649719238e+01
3.687807130813598633e+01
1.083592581748962402e+01
3.297095060348510742e+01
1.100549459457397461e+01
1.112989401817321777e+01
3.932688021659851074e+01
2.835955476760864258e+01
2.242682766914367676e+01
2.124499154090881348e+01
1.330088305473327637e+01
2.395634508132934570e+01
3.720102524757385254e+01
1.295637249946594238e+01
1.392532587051391602e+01
2.643069696426391602e+01
3.013592267036437988e+01
3.813336634635925293e+01
3.820191740989685059e+01
3.743527674674987793e+01
2.095715737342834473e+01
6.321187162399291992e+01
2.854463362693786621e+01
1.338255405426025391e+01
3.575110840797424316e+01
1.719286513328552246e+01
1.037339973449707031e+01
1.427778863906860352e+01
3.119016718864440918e+01
4.383176016807556152e+01
2.388233947753906250e+01
1.192643666267395020e+01
3.190765810012817383e+01
1.484420609474182129e+01
2.276853346824645996e+01
4.603526234626770020e+01
1.842255949974060059e+01
2.314631724357604980e+01
1.838144969940185547e+01
8.146729946136474609e+00
3.861459660530090332e+01
4.777897119522094727e+01
1.425274181365966797e+01
1.847733187675476074e+01
1.539677596092224121e+01
1.787379431724548340e+01
1.475253963470458984e+01
2.126357793807983398e+01
4.447249078750610352e+01
3.554431414604187012e+01
1.496291041374206543e+01
1.741064476966857910e+01
1.995750164985656738e+01
4.197712159156799316e+01
2.146966004371643066e+01
9.178175449371337891e+00
2.095013594627380371e+01
2.518820333480834961e+01
3.190042448043823242e+01
1.683894467353820801e+01
2.713880729675292969e+01
3.336517953872680664e+01
2.873622298240661621e+01
2.496215224266052246e+01
4.458615851402282715e+01
2.560999202728271484e+01
2.151930236816406250e+01
4.423630023002624512e+01
1.492088127136230469e+01
2.944099855422973633e+01
2.130355501174926758e+01
1.086871981620788574e+01
2.136050963401794434e+01
3.787204957008361816e+01
2.729945278167724609e+01
2.845353055000305176e+01
1.999023699760437012e+01
3.054877257347106934e+01
1.405714273452758789e+01
1.691767120361328125e+01
3.246985054016113281e+01
2.278873491287231445e+01
1.571461987495422363e+01
2.668353414535522461e+01
1.848486232757568359e+01
2.148463606834411621e+01
1.792441058158874512e+01
2.725681257247924805e+01
1.895494723320007324e+01
2.204298591613769531e+01
1.952960467338562012e+01
2.455906820297241211e+01
2.559526515007019043e+01
3.244926285743713379e+01
2.201872229576110840e+01
4.821732854843139648e+01
1.047013735771179199e+01
4.172164440155029297e+01
3.058887076377868652e+01
3.010204863548278809e+01
4.681174898147583008e+01
1.942708516120910645e+01
1.747961759567260742e+01
2.879135727882385254e+01
5.625670433044433594e+00
2.813595795631408691e+01
4.262169194221496582e+01
2.332714414596557617e+01
1.994693398475646973e+01
2.934532952308654785e+01
1.110084843635559082e+01
2.949564957618713379e+01
4.765487623214721680e+01
1.051628875732421875e+01
2.864963507652282715e+01
3.091285157203674316e+01
2.378803157806396484e+01
2.942459487915039062e+01
1.080168747901916504e+01
1.616116142272949219e+01
6.604222774505615234e+00
2.574701428413391113e+01
2.049151802062988281e+01
6.671543836593627930e+00
3.223735499382019043e+01
1.247837829589843750e+01
2.025196552276611328e+01
3.123226499557495117e+01
6.739798545837402344e+00
1.271170139312744141e+01
2.646155714988708496e+01
2.302320694923400879e+01
2.300590109825134277e+01
2.529976534843444824e+01
3.537209558486938477e+01
6.186660766601562500e+00
5.774503231048583984e+00
2.870077586174011230e+01
2.448987841606140137e+01
6.210852861404418945e+00
1.294631052017211914e+01
2.019628977775573730e+01
2.952043247222900391e+01
2.451048731803894043e+01
1.059866547584533691e+01
2.187814617156982422e+01
5.552799701690673828e+00
1.257397603988647461e+01
2.518024134635925293e+01
1.149088072776794434e+01
1.469692945480346680e+01
8.802705287933349609e+00
2.885249400138854980e+01
6.588660717010498047e+00
9.007591009140014648e+00
2.312056255340576172e+01
2.925393605232238770e+01
2.984714484214782715e+01
1.328523707389831543e+01
9.248519420623779297e+00
4.756229281425476074e+01
3.730591726303100586e+01
1.515376543998718262e+01
3.221498513221740723e+01
1.029758429527282715e+01
1.900129652023315430e+01
1.073695850372314453e+01
1.574873495101928711e+01
2.606423044204711914e+01
5.350782966613769531e+01
8.878008842468261719e+00
4.476605582237243652e+01
1.618128514289855957e+01
2.534949660301208496e+01
1.026380348205566406e+01
1.117007112503051758e+01
3.355438470840454102e+01
1.859504342079162598e+01
1.206734681129455566e+01
1.869298243522644043e+01
3.393376445770263672e+01
2.110813283920288086e+01
1.487903833389282227e+01
2.123924565315246582e+01
2.205277633666992188e+01
3.928277945518493652e+01
2.425055456161499023e+01
5.414605474472045898e+01
5.516078472137451172e+00
1.149246525764465332e+01
1.443785595893859863e+01
1.419174933433532715e+01
1.855327296257019043e+01
1.776359343528747559e+01
1.468100404739379883e+01
3.294508695602416992e+01
1.200044226646423340e+01
3.408895468711853027e+01
6.006733655929565430e+00
1.153945469856262207e+01
9.181439161300659180e+00
9.141110658645629883e+00
3.519846343994140625e+01
1.437132358551025391e+01
9.827422142028808594e+00
1.323679924011230469e+01
1.329853796958923340e+01
1.270265340805053711e+01
2.145684742927551270e+01
1.632895374298095703e+01
1.508283519744873047e+01
1.343721151351928711e+01
1.969879508018493652e+01
1.490827059745788574e+01
1.116470909118652344e+01
1.678121972084045410e+01
2.014176821708679199e+01
1.704779005050659180e+01
3.206811261177062988e+01
1.377811551094055176e+01
1.380716776847839355e+01
1.239230394363403320e+01
3.953980064392089844e+01
3.277591156959533691e+01
3.317120146751403809e+01
1.445106244087219238e+01
1.153414320945739746e+01
3.887387585639953613e+01
1.593503212928771973e+01
1.329861402511596680e+01
1.176780271530151367e+01
8.884304523468017578e+00
1.506337523460388184e+01
3.845114898681640625e+01
1.103263640403747559e+01
1.820640015602111816e+01
1.845756125450134277e+01
1.604306030273437500e+01
1.661453104019165039e+01
3.755304503440856934e+01
4.414850091934204102e+01
1.733671045303344727e+01
2.068059802055358887e+01
3.809844231605529785e+01
2.315171265602111816e+01
1.683541369438171387e+01
3.603437089920043945e+01
1.429805636405944824e+01
3.937100481986999512e+01
2.536391496658325195e+01
2.959358501434326172e+01
1.350614547729492188e+01
1.597872877120971680e+01
7.336047172546386719e+00
3.248073005676269531e+01
1.483118510246276855e+01
1.756296014785766602e+01
1.368984794616699219e+01
1.035261178016662598e+01
2.239119148254394531e+01
4.067685627937316895e+01
1.533242750167846680e+01
3.679380774497985840e+01
2.273653078079223633e+01
3.770372843742370605e+01
1.945713496208190918e+01
3.720766162872314453e+01
1.326181507110595703e+01
4.126318287849426270e+01
4.117384314537048340e+01
8.857150793075561523e+00
1.607963705062866211e+01
2.020120143890380859e+01
1.330000996589660645e+01
1.076662969589233398e+01
3.065701174736022949e+01
2.248695421218872070e+01
2.308931279182434082e+01
2.297860479354858398e+01
2.364445233345031738e+01
3.860621452331542969e+01
2.023098897933959961e+01
1.004840636253356934e+01
2.994867348670959473e+01
4.345350241661071777e+01
3.276230430603027344e+01
2.342401099205017090e+01
2.678237533569335938e+01
1.740620684623718262e+01
2.124549269676208496e+01
2.739732980728149414e+01
2.528599095344543457e+01
2.685266160964965820e+01
3.007694172859191895e+01
1.911649084091186523e+01
2.820720314979553223e+01
3.765394401550292969e+01
2.081238079071044922e+01
4.271225094795227051e+01
4.482756781578063965e+01
2.041380167007446289e+01
2.486268162727355957e+01
2.416590118408203125e+01
4.529661297798156738e+01
3.132111740112304688e+01
1.907673764228820801e+01
1.361319136619567871e+01
2.183439087867736816e+01
1.920004987716674805e+01
2.628568935394287109e+01
2.746830534934997559e+01
2.738441133499145508e+01
4.576043033599853516e+01
2.662807393074035645e+01
2.287047767639160156e+01
2.073268437385559082e+01
2.212614345550537109e+01
2.099648571014404297e+01
2.961417436599731445e+01
1.368422508239746094e+01
1.363140439987182617e+01
1.724391651153564453e+01
1.702347397804260254e+01
2.505365228652954102e+01
9.936736345291137695e+00
1.376740956306457520e+01
1.803327703475952148e+01
1.983723092079162598e+01
2.038054585456848145e+01
2.401108455657958984e+01
1.870907926559448242e+01
5.843850684165954590e+01
2.877303385734558105e+01
3.848999714851379395e+01
2.561188364028930664e+01
1.845032572746276855e+01
9.986098766326904297e+00
2.762897324562072754e+01
2.097154164314270020e+01
7.956490755081176758e+00
1.976810026168823242e+01
4.322251534461975098e+01
2.113051533699035645e+01
1.917843294143676758e+01
1.939558601379394531e+01
2.133415222167968750e+01
2.140500307083129883e+01
1.441208410263061523e+01
1.855417084693908691e+01
2.151220846176147461e+01
2.103617286682128906e+01
2.266377067565917969e+01
1.875623869895935059e+01
2.105437302589416504e+01
2.077663183212280273e+01
1.424375844001770020e+01
3.113288927078247070e+01
1.532172775268554688e+01
4.130154490470886230e+01
1.992055273056030273e+01
2.177625823020935059e+01
1.984510612487792969e+01
2.683130884170532227e+01
1.773240470886230469e+01
1.990995335578918457e+01
1.538694906234741211e+01
1.657071256637573242e+01
2.693967342376708984e+01
1.946363210678100586e+01
1.356188058853149414e+01
2.870403861999511719e+01
8.207764625549316406e+00
1.104568266868591309e+01
1.629825806617736816e+01
1.914039731025695801e+01
5.554169940948486328e+01
3.556269121170043945e+01
2.761484909057617188e+01
1.843359732627868652e+01
3.106499409675598145e+01
2.107041859626770020e+01
2.290455436706542969e+01
1.416313052177429199e+01
2.018742299079895020e+01
1.384792304039001465e+01
2.271307396888732910e+01
2.458927083015441895e+01
4.542767596244812012e+01
3.323991560935974121e+01
1.843994188308715820e+01
1.865495872497558594e+01
1.548634433746337891e+01
2.147120404243469238e+01
3.674455404281616211e+01
3.763797092437744141e+01
5.240189790725708008e+00
1.585493326187133789e+01
2.968051242828369141e+01
1.149660372734069824e+01
1.984488344192504883e+01
2.617065858840942383e+01
1.771210002899169922e+01
2.105196499824523926e+01
1.953680229187011719e+01
2.553144359588623047e+01
3.024903798103332520e+01
1.995239543914794922e+01
1.760506463050842285e+01
2.572867083549499512e+01
2.564564085006713867e+01
1.698785567283630371e+01
2.165247082710266113e+01
2.392702198028564453e+01
1.642308235168457031e+01
9.214393854141235352e+00
3.153063750267028809e+01
1.929104280471801758e+01
2.348144793510437012e+01
2.205546760559082031e+01
2.096319198608398438e+01
1.947028970718383789e+01
2.140975832939147949e+01
2.217947936058044434e+01
3.299165010452270508e+01
1.987454032897949219e+01
2.803685092926025391e+01
2.267698049545288086e+01
2.533761358261108398e+01
2.883058071136474609e+01
2.647604560852050781e+01
2.503368878364562988e+01
2.077295613288879395e+01
2.847081446647644043e+01
3.916905665397644043e+01
2.251366877555847168e+01
2.252148652076721191e+01
2.903437089920043945e+01
9.610610961914062500e+00
8.233311891555786133e+00
1.308671236038208008e+01
2.869332194328308105e+01
1.909659719467163086e+01
2.023815751075744629e+01
1.653603363037109375e+01
1.252558732032775879e+01
3.602774333953857422e+01
5.790596008300781250e+01
2.408638787269592285e+01
4.241978406906127930e+00
1.136909866333007812e+01
9.884969472885131836e+00
3.433391118049621582e+01
2.103487563133239746e+01
4.484042882919311523e+00
8.512031555175781250e+00
8.576829910278320312e+00
2.939841461181640625e+01
2.088413166999816895e+01
2.453850722312927246e+01
2.579900074005126953e+01
5.230826282501220703e+01
3.011856007575988770e+01
3.019871354103088379e+01
2.380585622787475586e+01
1.015797948837280273e+01
2.067242050170898438e+01
1.496363615989685059e+01
2.506531119346618652e+01
6.722755670547485352e+00
1.379046225547790527e+01
7.918045997619628906e+00
1.061734175682067871e+01
9.421741247177124023e+00
1.015619111061096191e+01
2.246370387077331543e+01
1.652388930320739746e+01
2.766654300689697266e+01
1.938984870910644531e+01
1.111631107330322266e+01
1.145899009704589844e+01
1.112125229835510254e+01
5.748724699020385742e+00
2.797667217254638672e+01
3.331992673873901367e+01
7.332500696182250977e+00
6.786360263824462891e+00
2.950894999504089355e+01
1.796815538406372070e+01
8.411598443984985352e+00
5.802666902542114258e+00
1.377450871467590332e+01
3.392687010765075684e+01
1.992860984802246094e+01
9.393085479736328125e+00
1.587164974212646484e+01
3.333242678642272949e+01
1.505318546295166016e+01
1.374299621582031250e+01
2.822331976890563965e+01
1.975517916679382324e+01
9.815183877944946289e+00
1.953676080703735352e+01
5.822836875915527344e+00
6.308751821517944336e+00
1.335922074317932129e+01
9.848661422729492188e+00
1.388553309440612793e+01
1.546677947044372559e+01
1.683160781860351562e+01
1.165625953674316406e+01
7.955992698669433594e+00
1.082821917533874512e+01
9.860571622848510742e+00
9.811403274536132812e+00
1.936689519882202148e+01
2.834038114547729492e+01
1.719308710098266602e+01
3.150106096267700195e+01
6.713110709190368652e+01
1.132729578018188477e+01
1.805194139480590820e+01
3.041098546981811523e+01
1.326300883293151855e+01
1.211916136741638184e+01
1.498348069190979004e+01
1.135497069358825684e+01
1.845374774932861328e+01
1.940414023399353027e+01
2.855252885818481445e+01
1.878365325927734375e+01
1.937634515762329102e+01
1.994399857521057129e+01
1.155451536178588867e+01
1.273219990730285645e+01
1.828426933288574219e+01
2.653696417808532715e+01
1.492289304733276367e+01
1.384960818290710449e+01
3.967635869979858398e+01
1.414860510826110840e+01
3.375294876098632812e+01
1.911373257637023926e+01
1.264943265914916992e+01
1.656331992149353027e+01
1.501779007911682129e+01
3.411207890510559082e+01
1.088543438911437988e+01
1.100124359130859375e+01
1.421070337295532227e+01
1.514047122001647949e+01
2.177502703666687012e+01
1.186717581748962402e+01
1.018449878692626953e+01
1.305512189865112305e+01
2.188167452812194824e+01
2.073777818679809570e+01
1.787962031364440918e+01
3.958531475067138672e+01
1.116461873054504395e+01
1.074499416351318359e+01
1.567219042778015137e+01
2.075029850006103516e+01
2.144827365875244141e+01
3.729600429534912109e+01
1.170179677009582520e+01
1.527864933013916016e+01
1.551004815101623535e+01
1.831250071525573730e+01
9.994776964187622070e+00
1.409577202796936035e+01
2.305721139907836914e+01
1.717845344543457031e+01
1.921172308921813965e+01
1.691905856132507324e+01
1.262128210067749023e+01
1.262110781669616699e+01
1.632788777351379395e+01
1.800723838806152344e+01
1.722310495376586914e+01
1.402960610389709473e+01
2.319781589508056641e+01
1.148180603981018066e+01
1.528761506080627441e+01
2.638448548316955566e+01
2.335291886329650879e+01
2.327022528648376465e+01
1.928860807418823242e+01
1.278386402130126953e+01
1.025908207893371582e+01
1.728810667991638184e+01
7.017897844314575195e+00
2.298201560974121094e+01
1.039078187942504883e+01
1.902401924133300781e+01
2.306564831733703613e+01
1.272815799713134766e+01
7.880702495574951172e+00
1.743355083465576172e+01
2.633950972557067871e+01
1.042273283004760742e+01
1.734076857566833496e+01
6.448108434677124023e+00
1.463586521148681641e+01
9.862364292144775391e+00
2.084962320327758789e+01
1.636704039573669434e+01
9.187467098236083984e+00
2.717700719833374023e+01
2.347219967842102051e+01
1.597672867774963379e+01
2.172260856628417969e+01
6.404821157455444336e+00
8.060927629470825195e+00
4.582021212577819824e+01
1.087315750122070312e+01
8.844576358795166016e+00
8.165791034698486328e+00
3.183268547058105469e+01
5.772971868515014648e+00
1.895957875251770020e+01
1.664703083038330078e+01
8.045532941818237305e+00
5.659880876541137695e+00
1.166859865188598633e+01
6.562362909317016602e+00
1.899065113067626953e+01
2.863430595397949219e+01
1.553887414932250977e+01
3.623559761047363281e+01
1.289889001846313477e+01
8.328908443450927734e+00
1.240816402435302734e+01
1.064129161834716797e+01
1.046979284286499023e+01
2.038688993453979492e+01
3.131117892265319824e+01
7.466511487960815430e+00
2.959460496902465820e+01
8.883489370346069336e+00
9.901591777801513672e+00
9.498189210891723633e+00
2.249504208564758301e+01
2.255081772804260254e+01
1.086975264549255371e+01
1.076623940467834473e+01
1.091670370101928711e+01
2.089167714118957520e+01
2.471889233589172363e+01
1.138035869598388672e+01
1.591974020004272461e+01
1.894139933586120605e+01
1.557901334762573242e+01
2.016547656059265137e+01
1.928394246101379395e+01
1.092113924026489258e+01
1.398344135284423828e+01
1.881088161468505859e+01
1.364446449279785156e+01
1.291940069198608398e+01
3.359940075874328613e+01
2.198647832870483398e+01
1.236011695861816406e+01
2.668612074851989746e+01
1.132205605506896973e+01
1.728242921829223633e+01
2.052294111251831055e+01
2.359921216964721680e+01
2.758000922203063965e+01
2.411585140228271484e+01
2.526368784904479980e+01
1.811603951454162598e+01
1.462208509445190430e+01
1.288679289817810059e+01
1.508478593826293945e+01
1.410129213333129883e+01
3.581907534599304199e+01
1.535784196853637695e+01
1.153149747848510742e+01
1.119798064231872559e+01
1.700603652000427246e+01
1.552069234848022461e+01
1.424104857444763184e+01
4.203711485862731934e+01
2.141985368728637695e+01
2.084754943847656250e+01
1.043999695777893066e+01
1.519219541549682617e+01
1.376543831825256348e+01
9.885242462158203125e+00
1.411893987655639648e+01
9.055043220520019531e+00
2.483118700981140137e+01
8.164721488952636719e+00
2.072854351997375488e+01
1.245921325683593750e+01
1.932746434211730957e+01
1.993604588508605957e+01
1.700104975700378418e+01
1.295377707481384277e+01
1.643639349937438965e+01
9.097264051437377930e+00
1.460573792457580566e+01
2.024365925788879395e+01
2.117011880874633789e+01
9.058237791061401367e+00
1.226220870018005371e+01
1.035863733291625977e+01
1.136915850639343262e+01
1.097797393798828125e+01
1.663767647743225098e+01
4.732185125350952148e+00
1.154329729080200195e+01
1.109032654762268066e+01
1.148369574546813965e+01
1.986920690536499023e+01
7.916682720184326172e+00
1.835368633270263672e+01
2.389274072647094727e+01
1.710212039947509766e+01
2.149030303955078125e+01
3.114200377464294434e+01
1.490163803100585938e+01
1.480765533447265625e+01
2.295607852935791016e+01
1.846620488166809082e+01
1.729323148727416992e+01
1.357650804519653320e+01
8.896131038665771484e+00
9.728996276855468750e+00
1.056783676147460938e+01
2.301828098297119141e+01
3.031380152702331543e+01
1.006567311286926270e+01
2.270258140563964844e+01
2.185522222518920898e+01
1.520725965499877930e+01
1.345206618309020996e+01
1.464402270317077637e+01
1.347598528861999512e+01
2.132681369781494141e+01
2.231088519096374512e+01
1.829978632926940918e+01
9.077356815338134766e+00
3.729333567619323730e+01
2.025834631919860840e+01
4.927062797546386719e+01
2.689355254173278809e+01
3.263675117492675781e+01
3.069433927536010742e+01
2.524171972274780273e+01
2.251911997795104980e+01
3.065547227859497070e+01
3.393049097061157227e+01
2.477216124534606934e+01
3.226491427421569824e+01
1.053111171722412109e+01
8.727419376373291016e+00
1.661367702484130859e+01
2.068631887435913086e+01
2.143513131141662598e+01
2.721240329742431641e+01
1.728357744216918945e+01
1.504316520690917969e+01
1.877491998672485352e+01
2.331874966621398926e+01
1.832248997688293457e+01
2.204974746704101562e+01
1.174159574508666992e+01
1.692168498039245605e+01
2.906691765785217285e+01
2.089744400978088379e+01
8.919930219650268555e+00
8.029309749603271484e+00
1.809268260002136230e+01
1.851751399040222168e+01
1.461393690109252930e+01
1.011308741569519043e+01
1.723997235298156738e+01
1.951358723640441895e+01
1.712352991104125977e+01
1.340285110473632812e+01
2.009858059883117676e+01
3.214292883872985840e+01
1.579504585266113281e+01
1.045297622680664062e+01
2.019231057167053223e+01
2.532140398025512695e+01
2.965915989875793457e+01
1.779386425018310547e+01
2.432535243034362793e+01
1.329936099052429199e+01
1.435017442703247070e+01
4.152466535568237305e+00
2.335861945152282715e+01
1.092293334007263184e+01
1.254742169380187988e+01
1.460083270072937012e+01
2.965332150459289551e+01
8.973118066787719727e+00
1.830571508407592773e+01
2.292800855636596680e+01
2.566907739639282227e+01
1.385665822029113770e+01
2.030505514144897461e+01
2.199762630462646484e+01
2.478949236869812012e+01
9.000929832458496094e+00
1.732372069358825684e+01
1.968072628974914551e+01
2.747313404083251953e+01
3.113218975067138672e+01
1.477443313598632812e+01
2.998077750205993652e+01
3.187180185317993164e+01
1.112638640403747559e+01
2.830529165267944336e+01
1.805330371856689453e+01
2.710007119178771973e+01
2.290073156356811523e+01
1.129765248298645020e+01
1.175062322616577148e+01
1.936771249771118164e+01
2.313393568992614746e+01
2.752839899063110352e+01
1.790536165237426758e+01
1.848909354209899902e+01
2.638726687431335449e+01
1.898979258537292480e+01
5.627942085266113281e+00
1.706454753875732422e+01
2.477881145477294922e+01
9.040494441986083984e+00
1.973451900482177734e+01
1.971646642684936523e+01
2.544697308540344238e+01
8.898170948028564453e+00
8.282616376876831055e+00
2.527362775802612305e+01
1.170931243896484375e+01
1.784060716629028320e+01
1.906243896484375000e+01
3.176776218414306641e+01
2.141571354866027832e+01
1.990689158439636230e+01
5.324607849121093750e+00
1.950694537162780762e+01
1.462916827201843262e+01
3.267198109626770020e+01
2.592642307281494141e+01
2.844893527030944824e+01
2.554903388023376465e+01
1.565269780158996582e+01
1.094461178779602051e+01
2.008429813385009766e+01
2.641148400306701660e+01
1.281587123870849609e+01
2.289943623542785645e+01
2.089905285835266113e+01
2.900257134437561035e+01
2.315785622596740723e+01
2.545082020759582520e+01
2.560112214088439941e+01
2.020813155174255371e+01
1.330364775657653809e+01
3.523852586746215820e+01
2.247311186790466309e+01
2.112040638923645020e+01
1.668204283714294434e+01
2.228536319732666016e+01
1.380441856384277344e+01
2.356582427024841309e+01
1.073716115951538086e+01
1.578022384643554688e+01
2.263724112510681152e+01
1.324630236625671387e+01
2.226317644119262695e+01
1.575387191772460938e+01
1.754204344749450684e+01
2.050014781951904297e+01
1.031737351417541504e+01
2.019002509117126465e+01
1.011186885833740234e+01
2.011377620697021484e+01
2.543297624588012695e+01
9.669796228408813477e+00
2.254502892494201660e+01
1.634027838706970215e+01
2.768396973609924316e+01
1.968714356422424316e+01
2.839363956451416016e+01
2.248135137557983398e+01
1.328753638267517090e+01
1.288265800476074219e+01
2.885660624504089355e+01
3.550544881820678711e+01
3.010404872894287109e+01
1.396333026885986328e+01
2.031174993515014648e+01
2.083705639839172363e+01
1.185777068138122559e+01
2.348136615753173828e+01
2.225809574127197266e+01
1.251361203193664551e+01
2.383963298797607422e+01
9.619342327117919922e+00
1.357271194458007812e+01
2.507818508148193359e+01
1.559077954292297363e+01
1.310895228385925293e+01
1.131763148307800293e+01
1.405516934394836426e+01
1.294899129867553711e+01
1.333274674415588379e+01
1.589411020278930664e+01
1.436432862281799316e+01
1.361554312705993652e+01
7.727379322052001953e+00
2.366754817962646484e+01
1.601276516914367676e+01
1.826894783973693848e+01
1.694575929641723633e+01
1.564342188835144043e+01
1.839391207695007324e+01
1.355621671676635742e+01
2.366691112518310547e+01
1.746776199340820312e+01
1.844298839569091797e+01
1.774195790290832520e+01
1.731356048583984375e+01
1.940376567840576172e+01
7.346483707427978516e+00
1.778714609146118164e+01
7.029372930526733398e+00
2.008728480339050293e+01
1.809388041496276855e+01
1.718595075607299805e+01
1.925374889373779297e+01
1.009200739860534668e+01
2.892239928245544434e+01
1.698925638198852539e+01
1.760601806640625000e+01
2.035196709632873535e+01
8.722913742065429688e+00
1.002439546585083008e+01
1.903125905990600586e+01
1.926458811759948730e+01
1.843759179115295410e+01
2.180744290351867676e+01
1.546121597290039062e+01
1.909663295745849609e+01
1.949035620689392090e+01
2.174566102027893066e+01
1.245281863212585449e+01
2.160123634338378906e+01
1.851406431198120117e+01
2.059563302993774414e+01
9.161935806274414062e+00
4.936296701431274414e+00
2.189006495475769043e+01
2.362224245071411133e+01
9.329562664031982422e+00
2.048388814926147461e+01
2.085851168632507324e+01
2.205542349815368652e+01
1.831325221061706543e+01
3.204223084449768066e+01
1.067304730415344238e+01
1.417715096473693848e+01
1.359118628501892090e+01
1.147588753700256348e+01
8.744562625885009766e+00
2.609541058540344238e+01
1.981571364402770996e+01
2.435650348663330078e+01
1.035732460021972656e+01
1.447387766838073730e+01
7.969259262084960938e+00
9.144737720489501953e+00
1.192184090614318848e+01
6.570556163787841797e+00
1.103384423255920410e+01
1.804050040245056152e+01
2.450183248519897461e+01
6.590719938278198242e+00
2.553194379806518555e+01
2.186311435699462891e+01
8.372223377227783203e+00
1.578343534469604492e+01
1.348905014991760254e+01
1.620088171958923340e+01
2.488636112213134766e+01
1.315860962867736816e+01
6.036831855773925781e+00
1.016819405555725098e+01
1.113968300819396973e+01
6.248998641967773438e+00
1.204630684852600098e+01
1.067893624305725098e+01
1.111288022994995117e+01
1.874430894851684570e+01
1.578632450103759766e+01
2.392641615867614746e+01
1.795014214515686035e+01
2.027224016189575195e+01
1.310998129844665527e+01
1.657806944847106934e+01
1.608970093727111816e+01
1.580205368995666504e+01
1.574652385711669922e+01
1.643575811386108398e+01
2.267862534523010254e+01
1.230076551437377930e+01
2.702739953994750977e+01
2.165201854705810547e+01
1.745978808403015137e+01
2.600307202339172363e+01
1.630082035064697266e+01
1.515090823173522949e+01
1.539631986618041992e+01
2.686274766921997070e+01
2.155668878555297852e+01
1.408836436271667480e+01
1.828211116790771484e+01
2.021747279167175293e+01
1.607621979713439941e+01
1.197231268882751465e+01
1.846414637565612793e+01
2.221345686912536621e+01
2.217288661003112793e+01
2.340859746932983398e+01
2.519223952293395996e+01
8.678701162338256836e+00
2.133168768882751465e+01
1.651029109954833984e+01
7.170019865036010742e+00
2.517277479171752930e+01
3.048488736152648926e+01
1.286627793312072754e+01
1.919582080841064453e+01
2.744339203834533691e+01
2.247425007820129395e+01
1.830600070953369141e+01
1.956522202491760254e+01
2.431632924079895020e+01
1.972814536094665527e+01
1.751421594619750977e+01
1.935940980911254883e+01
5.753049135208129883e+00
7.805364847183227539e+00
2.719205832481384277e+01
8.664316415786743164e+00
1.638488960266113281e+01
2.097979402542114258e+01
1.210991978645324707e+01
2.007372355461120605e+01
2.878658223152160645e+01
2.150347566604614258e+01
2.231063485145568848e+01
1.413937306404113770e+01
2.993349337577819824e+01
9.697975635528564453e+00
3.211176419258117676e+01
2.347328567504882812e+01
1.567518162727355957e+01
3.006292223930358887e+01
7.889718532562255859e+00
7.846518278121948242e+00
1.442841339111328125e+01
6.914640426635742188e+00
1.456169271469116211e+01
1.717449522018432617e+01
7.942326784133911133e+00
1.697784543037414551e+01
6.018579721450805664e+00
1.376682972908020020e+01
8.198890924453735352e+00
1.681526303291320801e+01
1.016505599021911621e+01
1.465343737602233887e+01
1.010371732711791992e+01
2.838807821273803711e+01
2.062111520767211914e+01
1.232311415672302246e+01
1.220286798477172852e+01
1.052698969841003418e+01
3.102459740638732910e+01
2.412144851684570312e+01
1.399803709983825684e+01
1.314505147933959961e+01
1.943206858634948730e+01
1.253953909873962402e+01
1.237769412994384766e+01
1.238861322402954102e+01
1.269999551773071289e+01
1.527515816688537598e+01
1.021521973609924316e+01
1.629733920097351074e+01
1.798277688026428223e+01
1.088918948173522949e+01
1.344452333450317383e+01
1.768822479248046875e+01
2.645147180557250977e+01
1.896828937530517578e+01
2.120021915435791016e+01
1.657795834541320801e+01
1.413557314872741699e+01
1.507935667037963867e+01
9.275290250778198242e+00
1.144629693031311035e+01
1.500672626495361328e+01
1.799612045288085938e+01
1.504474568367004395e+01
2.052574634552001953e+01
2.234960436820983887e+01
1.664418435096740723e+01
1.440764737129211426e+01
1.711632847785949707e+01
1.084900784492492676e+01
1.132611203193664551e+01
1.912874317169189453e+01
1.890118193626403809e+01
3.937695503234863281e+00
2.541356372833251953e+01
3.955773115158081055e+00
2.224773645401000977e+01
2.519011735916137695e+01
7.853613376617431641e+00
9.754817247390747070e+00
2.222177410125732422e+01
1.834189915657043457e+01
8.577810525894165039e+00
1.073003578186035156e+01
9.112409114837646484e+00
1.020174574851989746e+01
8.071512460708618164e+00
9.467960596084594727e+00
2.065503644943237305e+01
2.279785704612731934e+01
1.475641655921936035e+01
8.563942193984985352e+00
1.557457566261291504e+01
1.301983690261840820e+01
9.188769817352294922e+00
8.154052019119262695e+00
1.470501708984375000e+01
1.028343319892883301e+01
1.587774062156677246e+01
2.205776405334472656e+01
1.684603428840637207e+01
1.452791166305541992e+01
9.075485944747924805e+00
2.593305420875549316e+01
1.516001796722412109e+01
1.181463122367858887e+01
2.564610767364501953e+01
1.744250464439392090e+01
2.654158949851989746e+01
8.916070699691772461e+00
1.374668574333190918e+01
8.905082464218139648e+00
1.489761471748352051e+01
1.593741774559020996e+01
1.694485068321228027e+01
1.450378227233886719e+01
7.299782991409301758e+00
1.090614962577819824e+01
7.803344011306762695e+00
1.520596313476562500e+01
1.143431401252746582e+01
1.323305058479309082e+01
1.125224280357360840e+01
1.642706227302551270e+01
9.931653261184692383e+00
1.200765085220336914e+01
1.726737236976623535e+01
9.126517295837402344e+00
1.419052410125732422e+01
1.353759455680847168e+01
1.317898797988891602e+01
1.223744702339172363e+01
1.550177717208862305e+01
1.193733000755310059e+01
1.545193600654602051e+01
1.780938315391540527e+01
1.702528023719787598e+01
1.040455842018127441e+01
2.199006938934326172e+01
3.504196524620056152e+01
2.290338635444641113e+01
2.275864577293395996e+01
1.863156175613403320e+01
2.334291791915893555e+01
6.413100957870483398e+00
2.394853210449218750e+01
1.131274652481079102e+01
2.594888782501220703e+01
1.388244891166687012e+01
1.346358537673950195e+01
2.621932983398437500e+01
1.695685720443725586e+01
2.005731177330017090e+01
1.109648561477661133e+01
1.635484218597412109e+01
1.876256418228149414e+01
2.227272057533264160e+01
2.180251193046569824e+01
1.500458145141601562e+01
2.754854345321655273e+01
9.472676515579223633e+00
2.164022827148437500e+01
2.408781337738037109e+01
2.338427400588989258e+01
1.208000564575195312e+01
1.241742777824401855e+01
1.773120999336242676e+01
2.599607753753662109e+01
1.693888950347900391e+01
2.253802752494812012e+01
1.132874035835266113e+01
1.400211262702941895e+01
1.935865044593811035e+01
1.735720539093017578e+01
1.647913575172424316e+01
2.428294849395751953e+01
2.486571955680847168e+01
2.089078783988952637e+01
1.228020930290222168e+01
2.031551265716552734e+01
1.292650842666625977e+01
1.619925832748413086e+01
1.775017666816711426e+01
2.289182639122009277e+01
7.830739259719848633e+00
9.000064849853515625e+00
1.208368825912475586e+01
1.190240764617919922e+01
2.629457449913024902e+01
2.776804780960083008e+01
3.668870472908020020e+01
2.817019820213317871e+01
1.578204774856567383e+01
1.590621757507324219e+01
1.426832246780395508e+01
1.121690678596496582e+01
1.551708436012268066e+01
8.762280225753784180e+00
1.467307281494140625e+01
1.197516202926635742e+01
1.275289154052734375e+01
1.815148258209228516e+01
9.008028030395507812e+00
1.602558302879333496e+01
5.284729003906250000e+00
2.162105989456176758e+01
2.353181600570678711e+01
1.521719288825988770e+01
7.986004829406738281e+00
9.964344978332519531e+00
2.052799105644226074e+01
3.065264296531677246e+01
7.701766252517700195e+00
2.392862343788146973e+01
9.201389074325561523e+00
1.713962483406066895e+01
1.577739667892456055e+01
6.999101161956787109e+00
1.147261428833007812e+01
1.136946153640747070e+01
4.737388372421264648e+00
1.146046757698059082e+01
1.927668333053588867e+01
2.112146735191345215e+01
1.266415524482727051e+01
5.046401023864746094e+00
1.869546055793762207e+01
2.249503946304321289e+01
2.351388216018676758e+01
1.791709303855895996e+01
1.100055718421936035e+01
1.284761309623718262e+01
1.513220930099487305e+01
1.250548434257507324e+01
1.121605134010314941e+01
1.098937845230102539e+01
8.341147661209106445e+00
1.496112465858459473e+01
1.338321542739868164e+01
1.957611465454101562e+01
2.566457319259643555e+01
1.523372745513916016e+01
1.779511141777038574e+01
7.127791881561279297e+00
2.327114295959472656e+01
2.208286643028259277e+01
1.707581949234008789e+01
2.307882022857666016e+01
1.093230223655700684e+01
2.421570754051208496e+01
1.896945071220397949e+01
9.344055414199829102e+00
1.738349795341491699e+01
2.690784597396850586e+01
2.852706170082092285e+01
2.071315026283264160e+01
2.532102584838867188e+01
1.269779682159423828e+01
1.156570601463317871e+01
1.008645415306091309e+01
1.590021514892578125e+01
1.032344222068786621e+01
1.282033467292785645e+01
2.189805293083190918e+01
1.211011648178100586e+01
1.613665413856506348e+01
1.807443881034851074e+01
3.184418559074401855e+01
1.574148607254028320e+01
1.506725549697875977e+01
2.263742542266845703e+01
3.324789309501647949e+01
2.212982535362243652e+01
1.490501213073730469e+01
1.017312169075012207e+01
7.824083805084228516e+00
1.622915697097778320e+01
2.082380938529968262e+01
2.732569074630737305e+01
1.348584914207458496e+01
2.647749900817871094e+01
1.807745909690856934e+01
1.651681661605834961e+01
2.489824724197387695e+01
1.678310251235961914e+01
2.022261285781860352e+01
1.456879067420959473e+01
1.415704512596130371e+01
1.860475349426269531e+01
2.545733308792114258e+01
2.532303619384765625e+01
2.047824239730834961e+01
2.286380457878112793e+01
1.867755413055419922e+01
2.055888342857360840e+01
2.560274887084960938e+01
1.199220466613769531e+01
1.494328641891479492e+01
2.317761182785034180e+01
1.913591599464416504e+01
1.541693449020385742e+01
1.927240276336669922e+01
2.346921205520629883e+01
6.006317138671875000e+00
2.969239044189453125e+01
1.478743958473205566e+01
2.187899065017700195e+01
2.001077556610107422e+01
2.193688058853149414e+01
2.449578309059143066e+01
2.174892306327819824e+01
8.668584585189819336e+00
1.909164047241210938e+01
2.449932026863098145e+01
2.503603649139404297e+01
1.605101346969604492e+01
2.200527739524841309e+01
2.258530211448669434e+01
1.260405135154724121e+01
2.176269245147705078e+01
1.413909840583801270e+01
2.502163553237915039e+01
1.843263196945190430e+01
1.614074325561523438e+01
2.295251107215881348e+01
1.813678622245788574e+01
1.146288275718688965e+01
1.346416592597961426e+01
2.082161188125610352e+01
1.179860925674438477e+01
2.721574592590332031e+01
1.228354096412658691e+01
2.546493029594421387e+01
1.379074239730834961e+01
2.351075482368469238e+01
2.798448801040649414e+01
2.604598903656005859e+01
1.871294999122619629e+01
2.925961828231811523e+01
1.141254258155822754e+01
2.115548515319824219e+01
1.854904913902282715e+01
1.441472864151000977e+01
1.597472476959228516e+01
1.688221573829650879e+01
1.406973457336425781e+01
1.595963621139526367e+01
2.034947252273559570e+01
2.824928140640258789e+01
2.449026155471801758e+01
1.936510562896728516e+01
1.477538633346557617e+01
1.799162077903747559e+01
2.152403497695922852e+01
1.114884090423583984e+01
2.752819323539733887e+01
1.975955891609191895e+01
2.935024309158325195e+01
2.352606439590454102e+01
1.017480731010437012e+01
7.063186883926391602e+00
1.493747997283935547e+01
2.156184363365173340e+01
1.025302243232727051e+01
1.204106760025024414e+01
3.044958138465881348e+01
1.786504292488098145e+01
1.480011582374572754e+01
4.312890553474426270e+01
1.668097114562988281e+01
1.694276070594787598e+01
2.271738243103027344e+01
1.214978456497192383e+01
2.591223454475402832e+01
1.825541734695434570e+01
1.013457512855529785e+01
2.052107763290405273e+01
1.941510748863220215e+01
1.457430267333984375e+01
2.842653560638427734e+01
3.228633284568786621e+01
2.469047927856445312e+01
1.437371468544006348e+01
2.391412782669067383e+01
1.601554036140441895e+01
2.516440701484680176e+01
1.245142793655395508e+01
1.285561561584472656e+01
2.447367954254150391e+01
1.827388620376586914e+01
1.948188185691833496e+01
2.834081053733825684e+01
1.711499285697937012e+01
2.773052263259887695e+01
1.853499865531921387e+01
2.762030029296875000e+01
2.142255616188049316e+01
2.373531103134155273e+01
4.252832365036010742e+01
2.155025291442871094e+01
3.833469843864440918e+01
1.657722520828247070e+01
2.181225895881652832e+01
2.930557012557983398e+01
2.150861787796020508e+01
2.104083633422851562e+01
3.282076001167297363e+01
2.184353780746459961e+01
1.712849187850952148e+01
2.231039023399353027e+01
2.320309567451477051e+01
2.148793601989746094e+01
1.929785156250000000e+01
2.278883934020996094e+01
2.338461661338806152e+01
2.015714049339294434e+01
1.516613912582397461e+01
1.954591655731201172e+01
2.298569011688232422e+01
1.245356106758117676e+01
2.762818908691406250e+01
3.560632681846618652e+01
1.876798486709594727e+01
2.727380466461181641e+01
3.691904497146606445e+01
1.876250195503234863e+01
